HKJ58_RS00005	43	100.0	180	0	0	1	180	2129	1950	2.0999999999999996e-92	333.0
HKJ58_RS00010	43	99.425	174	1	0	1	174	2335	2162	2.0299999999999998e-87	316.0
HKJ58_RS00015	43	100.0	2151	0	0	1	2151	2503	4653	0.0	3973.0
HKJ58_RS00015	16	100.0	2133	0	0	19	2151	38255	40387	0.0	3940.0
HKJ58_RS00020	43	100.0	1368	0	0	1	1368	4672	6039	0.0	2527.0
HKJ58_RS00025	43	98.714	311	0	4	1	309	6060	6368	3.439999999999999e-157	549.0
HKJ58_RS00030	43	100.0	438	0	0	1	438	6918	7355	0.0	809.0
HKJ58_RS00035	43	100.0	1041	0	0	1	1041	7337	8377	0.0	1923.0
HKJ58_RS00040	43	100.0	324	0	0	1	324	8454	8777	3.5499999999999985e-172	599.0
HKJ58_RS00045	43	99.595	988	0	2	1	984	1	988	0.0	1799.0
pAMalpha1_p7	52	100.0	312	0	0	1	312	2283	1972	1.5999999999999996e-165	577.0
pAMalpha1_p8	52	98.507	201	3	0	1	201	2506	2306	5.069999999999998e-99	355.0
pAMalpha1_p9	52	96.31	1680	62	0	1	1680	4274	2595	0.0	2760.0
pMG2200_01	12	100.0	2532	0	0	1	2532	6535	9066	0.0	4676.0
pMG2200_02	12	100.0	2004	0	0	1	2004	9056	11059	0.0	3701.0
pMG2200_03	12	100.0	381	0	0	1	381	11066	11446	0.0	704.0
pMG2200_04	12	99.94200000000001	1716	0	1	1	1716	11683	13397	0.0	3162.0
pMG2200_05	12	100.0	681	0	0	1	681	13450	14130	0.0	1258.0
pMG2200_06	12	100.0	1152	0	0	1	1152	14340	15491	0.0	2128.0
pMG2200_07	12	100.0	1083	0	0	1	1083	15488	16570	0.0	2001.0
pMG2200_08	12	100.0	243	0	0	1	243	16625	16867	2.7699999999999992e-127	449.0
pMG2200_09	12	100.0	327	0	0	1	327	16868	17194	7.699999999999998e-174	604.0
pMG2200_10	12	100.0	337	0	0	1	337	17286	17622	2.219999999999999e-179	623.0
pMG2200_42	12	100.0	174	0	0	1	174	17751	17924	4.3699999999999994e-89	322.0
pMG2200_43	12	100.0	942	0	0	1	942	17931	18872	0.0	1740.0
pMG2200_44	12	100.0	282	0	0	1	282	19244	19525	6.8099999999999975e-149	521.0
pMG2200_45	12	100.0	393	0	0	1	393	19518	19910	0.0	726.0
pMG2200_46	12	100.0	2061	0	0	1	2061	19903	21963	0.0	3807.0
pMG2200_47	12	100.0	1659	0	0	1	1659	22040	23698	0.0	3064.0
pMG2200_48	12	100.0	1344	0	0	1	1344	25228	23885	0.0	2483.0
pMG2200_49	12	100.0	774	0	0	1	774	26001	25228	0.0	1430.0
pMG2200_50	12	100.0	552	0	0	1	552	26696	26145	0.0	1020.0
pMG2200_51	12	100.0	174	0	0	1	174	26893	26720	4.3699999999999994e-89	322.0
pMG2200_52	12	100.0	186	0	0	1	186	27081	26896	1.0099999999999998e-95	344.0
pMG2200_53	12	100.0	201	0	0	1	201	27377	27577	5.029999999999999e-104	372.0
pMG2200_54	12	100.0	231	0	0	1	231	27909	27679	1.2299999999999999e-120	427.0
pMG2200_55	12	100.0	393	0	0	1	393	28066	28458	0.0	726.0
pMG2200_56	12	100.0	453	0	0	1	453	28524	28976	0.0	837.0
pMG2200_57	12	100.0	153	0	0	1	153	28990	29142	1.78e-77	283.0
pMG2200_58	12	100.0	591	0	0	1	591	29154	29744	0.0	1092.0
pMG2200_59	12	100.0	321	0	0	1	321	29750	30070	1.6299999999999993e-170	593.0
pMG2200_60	12	100.0	246	0	0	1	246	30178	30423	6.039999999999998e-129	455.0
pMG2200_61	12	100.0	183	0	0	1	183	30477	30659	4.589999999999999e-94	339.0
pMG2200_62	12	100.0	717	0	0	1	717	30854	31570	0.0	1325.0
pMG2200_63	12	100.0	1788	0	0	1	1788	31708	33495	0.0	3302.0
pMG2200_64	12	100.0	636	0	0	1	636	33681	34316	0.0	1175.0
pMG2200_65	12	100.0	432	0	0	1	432	34339	34770	0.0	798.0
pMG2200_66	12	100.0	528	0	0	1	528	34773	35300	0.0	976.0
pMG2200_67	12	100.0	2181	0	0	1	2181	35343	37523	0.0	4028.0
pMG2200_68	12	100.0	543	0	0	1	543	37631	38173	0.0	1003.0
pMG2200_69	12	100.0	576	0	0	1	576	38240	38815	0.0	1064.0
pMG2200_70	12	100.0	333	0	0	1	333	38958	39290	3.629999999999999e-177	616.0
pMG2200_71	12	100.0	1320	0	0	1	1320	40793	39474	0.0	2438.0
pMG2200_72	12	100.0	141	0	0	1	141	41026	41166	7.589999999999999e-71	261.0
pMG2200_73	12	100.0	831	0	0	1	831	41253	42083	0.0	1535.0
pMG2200_74	12	100.0	210	0	0	1	210	42146	42355	5.239999999999999e-109	388.0
pMG2200_75	12	100.0	423	0	0	1	423	43271	43693	0.0	782.0
pMG2200_76	12	100.0	567	0	0	1	567	43857	44423	0.0	1048.0
pMG2200_77	12	100.0	198	0	0	1	198	44440	44637	2.2999999999999995e-102	366.0
pMG2200_78	12	100.0	537	0	0	1	537	44664	45200	0.0	992.0
pMG2200_79	12	100.0	1059	0	0	1	1059	46387	45329	0.0	1956.0
pMG2200_80	12	100.0	243	0	0	1	243	46654	46412	2.7699999999999992e-127	449.0
pMG2200_81	12	100.0	243	0	0	1	243	46859	47101	2.7699999999999992e-127	449.0
pMG2200_82	12	100.0	213	0	0	1	213	47187	47399	1.1399999999999998e-110	394.0
pMG2200_83	12	100.0	111	0	0	1	111	47575	47685	2.74e-54	206.0
pMG2200_85	12	100.0	105	0	0	1	105	59003	59107	5.55e-51	195.0
pMG2200_87	55	99.96600000000001	2973	1	0	1	2973	3136	164	0.0	5485.0
pMG2200_88	55	100.0	606	0	0	1	606	3267	3872	0.0	1120.0
pMG2200_89	12	99.09899999999999	111	1	0	1	111	59103	59213	1.2799999999999999e-52	200.0
pMG2200_90	12	98.571	210	3	0	1	210	59288	59497	5.28e-104	372.0
pMG2200_91	12	100.0	303	0	0	1	303	59509	59811	1.5599999999999996e-160	560.0
pMG2200_92	12	99.24799999999999	1329	10	0	1	1329	60238	61566	0.0	2399.0
pMG2200_93	12	100.0	351	0	0	1	351	61563	61913	0.0	649.0
pMG2200_94	12	100.0	213	0	0	1	213	61870	62082	1.1399999999999998e-110	394.0
pMG2200_95	12	100.0	297	0	0	1	297	62514	62810	3.2999999999999993e-157	549.0
pMG2200_96	12	100.0	783	0	0	1	783	63064	63846	0.0	1447.0
pMG2200_97	12	100.0	357	0	0	1	357	63839	64195	0.0	660.0
pMG2200_98	12	100.0	1008	0	0	1	1008	64455	65462	0.0	1862.0
pMG2200_99	12	100.0	1638	0	0	1	1638	65621	67258	0.0	3025.0
pMG2200_100	12	100.0	1155	0	0	1	1155	67269	68423	0.0	2134.0
pMG2200_101	12	100.0	954	0	0	1	954	69409	68456	0.0	1762.0
pMG2200_102	12	100.0	72	0	0	1	72	69618	69689	7.569999999999999e-33	134.0
pMG2200_103	12	100.0	357	0	0	1	357	70178	70534	0.0	660.0
pMG2200_104	12	100.0	306	0	0	1	306	71116	71421	3.379999999999999e-162	566.0
pMG2200_105	12	100.0	2676	0	0	1	2676	71432	74107	0.0	4942.0
pMG2200_106	12	100.0	279	0	0	1	279	74127	74405	3.129999999999999e-147	516.0
pMG2200_107	12	100.0	336	0	0	1	336	74865	75200	7.869999999999997e-179	621.0
pMG2200_109	12	100.0	321	0	0	1	321	598	918	1.6299999999999993e-170	593.0
pMG2200_109	73	96.25	320	12	0	1	320	449	768	6.049999999999998e-150	525.0
pMG2200_110	12	100.0	831	0	0	1	831	1134	1964	0.0	1535.0
pMG2200_111	12	100.0	336	0	0	1	336	2210	2545	7.869999999999997e-179	621.0
pMG2200_112	12	99.911	1128	1	0	1	1128	2553	3680	0.0	2078.0
pMG2200_113	12	100.0	144	0	0	1	144	3845	3988	1.6699999999999999e-72	267.0
pMG2200_114	12	99.87200000000001	1560	2	0	1	1560	4208	5767	0.0	2870.0
pMG2200_115	12	100.0	534	0	0	1	534	5937	6470	0.0	987.0
pCF10_01	12	98.796	1329	16	0	1	1329	60238	61566	0.0	2366.0
pCF10_02	12	97.15100000000001	351	10	0	1	351	61563	61913	1.7999999999999994e-170	593.0
pCF10_03	12	98.59200000000001	213	3	0	1	213	61870	62082	1.1499999999999997e-105	377.0
pCF10_04	12	96.62200000000001	296	7	3	1	294	62514	62808	7.299999999999999e-139	488.0
pCF10_08	12	99.512	1638	8	0	1	1638	65621	67258	0.0	2981.0
pCF10_09	12	99.913	1155	1	0	1	1155	67269	68423	0.0	2128.0
pCF10_10	12	100.0	954	0	0	1	954	69409	68456	0.0	1762.0
pCF10_11	12	100.0	72	0	0	1	72	69618	69689	7.569999999999999e-33	134.0
pCF10_14	12	97.84899999999999	186	4	0	1	186	71116	71301	4.7999999999999996e-89	322.0
pCF10_17	73	97.199	357	10	0	1	357	413	769	8.459999999999997e-174	604.0
pCF10_17	12	96.581	351	12	0	1	351	562	912	3.959999999999999e-167	582.0
pCF10_40	12	98.90100000000001	546	6	0	1	546	26696	26151	0.0	976.0
pCF10_41	12	98.958	192	2	0	1	192	26911	26720	1.0399999999999997e-95	344.0
pCF10_42	12	98.925	186	2	0	1	186	27081	26896	2.1799999999999998e-92	333.0
pCF10_44	12	99.50200000000001	201	1	0	1	201	27377	27577	2.3399999999999995e-102	366.0
pCF10_45	12	100.0	231	0	0	1	231	27909	27679	1.2299999999999999e-120	427.0
pCF10_46	12	98.99	495	5	0	1	495	27964	28458	0.0	887.0
pCF10_47	12	98.01299999999999	453	9	0	1	453	28524	28976	0.0	787.0
pCF10_49	12	96.605	324	11	0	7	330	29747	30070	7.999999999999998e-154	538.0
pCF10_54	12	97.569	288	7	0	10	297	58722	59009	1.5699999999999996e-140	494.0
pCF10_55	12	97.77799999999999	225	5	0	1	225	59003	59227	5.66e-109	388.0
pCF10_56	12	96.19	210	8	0	1	210	59288	59497	1.1499999999999997e-95	344.0
pCF10_57	12	98.286	175	2	1	1	174	59509	59683	4.4e-84	305.0
pAM373_p01	16	99.93700000000001	1590	1	0	1	1590	3887	5476	0.0	2931.0
pAM373_p08	55	100.0	2973	0	0	1	2973	3136	164	0.0	5491.0
pAM373_p10	41	97.917	96	2	0	1	96	3993	4088	1.08e-42	167.0
pAM373_p16	41	98.851	174	1	1	1	174	7945	7773	3.399999999999999e-85	309.0
pAM373_p18	48	98.214	504	9	0	1	504	4037	3534	0.0	881.0
pAM373_p20	41	100.0	162	0	0	1	162	9066	8905	1.8899999999999997e-82	300.0
pAM373_p21	41	98.319	119	1	1	2	120	9207	9324	8.29e-55	207.0
pAM373_p22	41	98.929	280	2	1	1	279	9677	9398	3.149999999999999e-142	499.0
pAM373_p27	61	100.0	975	0	0	1	975	621	1595	0.0	1801.0
pAM373_p28	61	99.12299999999999	570	5	0	1	570	2102	1533	0.0	1026.0
pAM373_p29	61	98.765	486	6	0	1	486	2617	2132	0.0	865.0
pAM373_p31	67	99.275	276	2	0	1	276	1712	1987	3.1199999999999993e-142	499.0
pAM373_p32	67	98.463	846	13	0	1	846	877	1722	0.0	1491.0
pAM373_p33	67	100.0	315	0	0	1	315	381	695	3.469999999999999e-167	582.0
pAM373_p34	67	98.49799999999999	333	5	0	1	333	49	381	7.909999999999997e-169	588.0
pAM373_p36	64	99.135	1272	11	0	1	1272	1528	257	0.0	2289.0
pAM373_p37	64	99.535	861	4	0	1	861	2414	1554	0.0	1568.0
pAM373_p39	73	99.234	261	2	0	1	261	1323	1583	6.389999999999998e-134	472.0
pAM373_p42	16	100.0	102	0	0	1	102	9023	9124	2.4899999999999997e-49	189.0
pAM373_p43	16	99.074	324	3	0	1	324	8671	8994	3.569999999999999e-167	582.0
pAM373_p44	16	99.645	282	1	0	1	282	54642	54361	3.1699999999999994e-147	516.0
pAM373_p44	16	98.936	282	3	0	1	282	8484	8203	6.849999999999998e-144	505.0
pAM373_p45	16	99.679	312	1	0	1	312	7871	8182	7.429999999999997e-164	571.0
pAM373_p45	16	97.115	312	9	0	1	312	54029	54340	1.6299999999999995e-150	527.0
pAM373_p46	16	100.0	339	0	0	1	339	7418	7756	1.7099999999999998e-180	627.0
pAM373_p47	16	98.58200000000001	141	2	0	1	141	7264	7404	1.6399999999999998e-67	250.0
pAM373_p48	16	100.0	105	0	0	1	105	6751	6647	5.55e-51	195.0
pAM373_p49	16	100.0	1014	0	0	1	1014	6549	5536	0.0	1873.0
HS082_RS00005	12	97.40700000000001	270	7	0	1	270	64455	64724	1.4399999999999996e-130	460.0
HS082_RS00020	16	97.667	1629	38	0	1	1629	50349	51977	0.0	2798.0
HS082_RS00040	24	99.398	1163	7	0	1	1163	9657	10819	0.0	2109.0
HS082_RS00180	12	96.641	774	26	0	1	774	26001	25228	0.0	1286.0
HS082_RS00185	12	98.816	591	7	0	1	591	26696	26106	0.0	1053.0
HS082_RS00190	12	100.0	192	0	0	1	192	26911	26720	4.809999999999999e-99	355.0
HS082_RS00195	12	100.0	186	0	0	1	186	27081	26896	1.0099999999999998e-95	344.0
HS082_RS00200	12	100.0	201	0	0	1	201	27377	27577	5.029999999999999e-104	372.0
HS082_RS00205	12	100.0	231	0	0	1	231	27909	27679	1.2299999999999999e-120	427.0
HS082_RS00210	12	100.0	393	0	0	1	393	28066	28458	0.0	726.0
HS082_RS00215	12	99.779	453	1	0	1	453	28524	28976	0.0	832.0
HS082_RS00220	12	100.0	153	0	0	1	153	28990	29142	1.78e-77	283.0
HS082_RS00225	12	99.831	591	1	0	1	591	29154	29744	0.0	1086.0
HS082_RS00230	12	99.65899999999999	293	1	0	1	293	29873	30165	2.5299999999999996e-153	536.0
HS082_RS00235	12	100.0	246	0	0	1	246	30178	30423	6.039999999999998e-129	455.0
HS082_RS00240	12	100.0	183	0	0	1	183	30477	30659	4.589999999999999e-94	339.0
HS082_RS00245	12	100.0	717	0	0	1	717	30854	31570	0.0	1325.0
HS082_RS00250	12	99.934	1516	1	0	1	1516	31708	33223	0.0	2795.0
HS082_RS00255	12	100.0	246	0	0	1	246	33250	33495	6.039999999999998e-129	455.0
HS082_RS00260	12	99.84299999999999	636	1	0	1	636	33681	34316	0.0	1170.0
HS082_RS00265	12	100.0	468	0	0	1	468	34303	34770	0.0	865.0
HS082_RS00270	12	100.0	528	0	0	1	528	34773	35300	0.0	976.0
HS082_RS00275	12	99.90799999999999	2181	2	0	1	2181	35343	37523	0.0	4017.0
HS082_RS00280	12	100.0	543	0	0	1	543	37631	38173	0.0	1003.0
HS082_RS00285	12	100.0	576	0	0	1	576	38240	38815	0.0	1064.0
HS082_RS00290	12	100.0	333	0	0	1	333	38958	39290	3.629999999999999e-177	616.0
HS082_RS00325	2	98.238	681	12	0	1	681	160170	160850	0.0	1192.0
HS082_RS00355	79	99.896	960	1	0	1	960	969	10	0.0	1768.0
HS082_RS00390	12	97.152	597	17	0	1	597	58109	58705	0.0	1009.0
HS082_RS00395	12	97.917	288	6	0	1	288	58722	59009	3.2599999999999992e-142	499.0
HS082_RS00400	12	97.77799999999999	225	5	0	1	225	59003	59227	5.66e-109	388.0
HS082_RS00405	12	95.714	210	9	0	1	210	59288	59497	5.36e-94	339.0
HS082_RS00445	12	98.084	783	15	0	1	783	63064	63846	0.0	1363.0
HS082_RS00450	12	98.039	357	7	0	1	357	63839	64195	8.399999999999997e-179	621.0
pWZ1668_p05	50	98.83	171	2	0	1	171	364	534	4.319999999999999e-84	305.0
pWZ1668_p06	50	98.867	618	7	0	1	618	548	1165	0.0	1103.0
pWZ1668_p07	50	99.725	363	1	0	1	363	1165	1527	0.0	665.0
pWZ1668_p08	24	99.28299999999999	837	6	0	1	837	9983	10819	0.0	1513.0
pWZ1668_p09	24	98.625	291	4	0	1	291	9657	9947	3.279999999999999e-147	516.0
pWZ1668_p10	50	99.947	1887	1	0	1	1887	2264	4150	0.0	3480.0
pWZ1668_p11	50	99.79799999999999	1488	3	0	1	1488	4403	5890	0.0	2732.0
pWZ1668_p12	55	100.0	1161	0	0	1	1161	1324	164	0.0	2145.0
pWZ1668_p14	55	100.0	606	0	0	1	606	3267	3872	0.0	1120.0
pWZ1668_p15	50	98.396	187	3	0	1	187	5890	6076	2.8299999999999995e-91	329.0
pWZ1668_p17	65	99.18700000000001	738	6	0	1	738	182	919	0.0	1330.0
pWZ1668_p18	65	99.479	192	1	0	1	192	864	1055	2.2399999999999991e-97	350.0
pWZ1668_p19	65	98.551	897	13	0	1	897	1452	2348	0.0	1585.0
pWZ1668_p20	57	96.70299999999999	273	9	0	1	273	3581	3309	6.759999999999998e-129	455.0
pWZ1668_p32	57	96.684	573	19	0	1	573	3016	2444	0.0	953.0
pWZ1668_p33	57	99.37100000000001	318	2	0	1	318	2003	1686	1.6299999999999994e-165	577.0
pTW9_p01	12	95.161	620	30	0	1	620	58085	58704	0.0	979.0
pTW9_p07	12	98.28200000000001	291	5	0	1	291	62514	62804	1.5599999999999997e-145	510.0
pTW9_p15	12	98.59899999999999	357	5	0	1	357	70178	70534	0.0	632.0
pTW9_p16	12	96.97	297	9	0	1	297	71116	71412	3.479999999999999e-142	499.0
pTW9_p19	12	100.0	336	0	0	1	336	74865	75200	7.869999999999997e-179	621.0
pTW9_p21	73	99.065	321	3	0	1	321	449	769	1.6499999999999997e-165	577.0
pTW9_p21	12	97.18799999999999	320	9	0	1	320	598	917	5.999999999999999e-155	542.0
pTW9_p22	73	100.0	258	0	0	1	258	791	1048	1.3699999999999996e-135	477.0
pTW9_p23	73	99.617	261	1	0	1	261	1323	1583	1.3699999999999996e-135	477.0
pTW9_p25	64	99.652	861	3	0	1	861	2414	1554	0.0	1574.0
pTW9_p26	64	98.664	1272	17	0	1	1272	1528	257	0.0	2255.0
pTW9_p28	67	99.09899999999999	333	3	0	1	333	49	381	3.649999999999999e-172	599.0
pTW9_p29	67	100.0	315	0	0	1	315	381	695	3.469999999999999e-167	582.0
pTW9_p30	67	99.13	1035	9	0	1	1035	688	1722	0.0	1862.0
pTW9_p31	67	99.617	261	1	0	1	261	1727	1987	1.3699999999999996e-135	477.0
pTW9_p33	71	99.79299999999999	483	1	0	1	483	69	551	0.0	887.0
pTW9_p34	71	100.0	459	0	0	1	459	646	1104	0.0	848.0
pTW9_p39	48	100.0	786	0	0	1	786	4813	4028	0.0	1452.0
pTW9_p41	41	96.39200000000001	194	7	0	11	204	8096	7903	1.8799999999999994e-88	320.0
pTW9_p46	41	99.581	477	2	0	1	477	4558	4082	0.0	870.0
pTW9_p48	2	98.399	687	11	0	1	687	160164	160850	0.0	1208.0
pTW9_p57	65	100.0	738	0	0	1	738	182	919	0.0	1363.0
pTW9_p58	65	100.0	132	0	0	1	132	924	1055	7.08e-66	244.0
pTW9_p61	50	98.24600000000001	171	3	0	1	171	364	534	2.0099999999999998e-82	300.0
pTW9_p62	50	99.838	618	1	0	1	618	548	1165	0.0	1136.0
pTW9_p66	65	99.59299999999999	738	3	0	1	738	182	919	0.0	1347.0
pTW9_p67	65	96.97	132	4	0	1	132	924	1055	3.3200000000000004e-59	222.0
pTW9_p68	65	95.57799999999999	294	13	0	1	294	1056	1349	7.269999999999998e-134	472.0
pTW9_p69	65	96.774	558	18	0	1	558	1452	2009	0.0	931.0
pTW9_p79	65	99.708	342	1	0	1	342	2007	2348	1.7199999999999996e-180	627.0
pTW9_p84	57	96.415	781	28	0	14	794	3224	2444	0.0	1288.0
pTW9_p85	108	98.955	287	3	0	1	287	21	307	1.1799999999999996e-146	514.0
pTW9_p90	57	97.255	255	6	1	1	254	2823	2569	1.0499999999999995e-121	431.0
pTW9_p95	57	99.37100000000001	318	2	0	1	318	2003	1686	1.6299999999999994e-165	577.0
pTW9_p97	2	97.321	336	9	0	1	336	160164	160499	8.119999999999997e-164	571.0
pTW9_p98	2	98.399	687	11	0	1	687	160164	160850	0.0	1208.0
HS307_RS00015	2	96.46	339	12	0	1	339	160512	160850	1.7599999999999997e-160	560.0
HS307_RS00020	50	97.661	171	4	0	1	171	364	534	9.339999999999998e-81	294.0
HS307_RS00030	50	95.604	364	14	2	1	363	1165	1527	4.029999999999999e-167	582.0
HS307_RS00035	50	96.555	1887	65	0	1	1887	2264	4150	0.0	3125.0
HS307_RS00075	2	98.825	681	8	0	1	681	160170	160850	0.0	1214.0
HS307_RS00095	2	98.238	681	12	0	1	681	160170	160850	0.0	1192.0
HS307_RS00165	2	98.238	681	12	0	1	681	160170	160850	0.0	1192.0
HXI36_RS00025	2	98.385	681	11	0	1	681	160170	160850	0.0	1197.0
HXI36_RS00035	50	98.83	171	2	0	1	171	364	534	4.319999999999999e-84	305.0
HXI36_RS00060	50	99.589	1218	5	0	1	1218	4862	6079	0.0	2222.0
HXI36_RS00075	65	99.59299999999999	738	3	0	1	738	182	919	0.0	1347.0
HXI36_RS00080	50	98.462	260	4	0	2	261	5820	6079	4.979999999999998e-130	459.0
HXI36_RS00080	65	95.01899999999999	261	13	0	1	261	1089	1349	1.4099999999999997e-115	411.0
HXI36_RS00085	65	97.54700000000001	897	22	0	1	897	1452	2348	0.0	1535.0
HXI36_RS00105	57	99.057	318	3	0	1	318	2003	1686	7.579999999999998e-164	571.0
HXI36_RS00210	2	98.385	681	11	0	1	681	160170	160850	0.0	1197.0
HXI36_RS00240	66	100.0	795	0	0	1	795	231	1025	0.0	1469.0
HXI36_RS00250	65	96.321	897	33	0	1	897	1452	2348	0.0	1474.0
HXI36_RS00270	2	98.385	681	11	0	1	681	160170	160850	0.0	1197.0
HXI36_RS00290	24	99.398	1163	7	0	1	1163	9657	10819	0.0	2109.0
HS679_RS00035	65	100.0	738	0	0	1	738	182	919	0.0	1363.0
HS679_RS00040	65	99.29799999999999	285	2	0	1	285	1065	1349	3.199999999999999e-147	516.0
HS679_RS00045	65	98.551	897	13	0	1	897	1452	2348	0.0	1585.0
HS679_RS00055	57	96.70299999999999	273	9	0	1	273	3581	3309	6.759999999999998e-129	455.0
HS679_RS00060	57	98.38	864	14	0	1	864	3307	2444	0.0	1519.0
HS679_RS00065	57	100.0	318	0	0	1	318	2003	1686	7.529999999999998e-169	588.0
D686_p35	50	98.83	171	2	0	1	171	364	534	4.319999999999999e-84	305.0
D686_p07	50	98.867	618	7	0	1	618	548	1165	0.0	1103.0
D686_p06	50	99.71799999999999	354	1	0	1	354	1165	1518	0.0	649.0
D686_p36	24	99.28299999999999	837	6	0	1	837	9983	10819	0.0	1513.0
D686_p37	24	98.625	291	4	0	1	291	9657	9947	3.279999999999999e-147	516.0
D686_p38	50	99.947	1887	1	0	1	1887	2264	4150	0.0	3480.0
D686_p34	50	99.64200000000001	1677	6	0	1	1677	4403	6079	0.0	3064.0
D686_p32	65	99.18700000000001	738	6	0	1	738	182	919	0.0	1330.0
D686_p31	65	98.551	897	13	0	1	897	1452	2348	0.0	1585.0
D686_p10	57	96.70299999999999	273	9	0	1	273	3581	3309	6.759999999999998e-129	455.0
D686_p09	57	98.148	162	3	0	1	162	3307	3146	1.8999999999999996e-77	283.0
D686_p11	57	97.15100000000001	702	20	0	1	702	3145	2444	0.0	1186.0
D686_p41	57	99.37100000000001	318	2	0	1	318	2003	1686	1.6299999999999994e-165	577.0
D686_p1034	50	98.83	171	2	0	1	171	364	534	4.319999999999999e-84	305.0
D686_p1005	50	98.87799999999999	624	7	0	1	624	548	1171	0.0	1114.0
D686_p1004	50	99.71799999999999	354	1	0	1	354	1174	1527	0.0	649.0
D686_p1035	24	99.28299999999999	837	6	0	1	837	9983	10819	0.0	1513.0
D686_p1036	24	98.625	291	4	0	1	291	9657	9947	3.279999999999999e-147	516.0
D686_p1037	50	99.947	1887	1	0	1	1887	2264	4150	0.0	3480.0
D686_p1038	55	99.86200000000001	2898	2	2	1	2896	3136	239	0.0	5328.0
D686_p1039	55	100.0	606	0	0	1	606	3267	3872	0.0	1120.0
D686_p1033	50	99.586	1209	5	0	1	1209	4871	6079	0.0	2206.0
D686_p1031	65	99.18700000000001	738	6	0	1	738	182	919	0.0	1330.0
D686_p1030	65	98.551	897	13	0	1	897	1452	2348	0.0	1585.0
D686_p1010	57	96.70299999999999	273	9	0	1	273	3581	3309	6.759999999999998e-129	455.0
D686_p1009	57	98.148	162	3	0	1	162	3307	3146	1.8999999999999996e-77	283.0
D686_p1011	57	97.15100000000001	702	20	0	1	702	3145	2444	0.0	1186.0
D686_p1042	57	99.37100000000001	318	2	0	1	318	2003	1686	1.6299999999999994e-165	577.0
A7J11_01120	65	100.0	738	0	0	1	738	182	919	0.0	1363.0
EFD32_RS15005	50	100.0	618	0	0	1	618	548	1165	0.0	1142.0
EFD32_RS15025	65	99.86399999999999	738	1	0	1	738	182	919	0.0	1358.0
EFD32_RS16455	65	96.97	132	4	0	1	132	924	1055	3.3200000000000004e-59	222.0
EFD32_RS16155	50	98.462	260	4	0	2	261	5820	6079	4.979999999999998e-130	459.0
EFD32_RS16155	65	95.01899999999999	261	13	0	1	261	1089	1349	1.4099999999999997e-115	411.0
EFD32_RS15030	65	96.99	897	27	0	1	897	1452	2348	0.0	1507.0
CGZ46_RS14430	2	97.962	687	14	0	1	687	160164	160850	0.0	1192.0
CGZ46_RS14435	12	99.63	540	2	0	1	540	24424	23885	0.0	987.0
CGZ46_RS14470	7	100.0	120	0	0	1	120	13324	13443	2.96e-59	222.0
CGZ46_RS14475	7	100.0	315	0	0	1	315	13466	13780	3.469999999999999e-167	582.0
CGZ46_RS14480	7	100.0	387	0	0	1	387	13796	14182	0.0	715.0
CGZ46_RS14485	7	100.0	1386	0	0	1	1386	14211	15596	0.0	2560.0
CGZ46_RS14490	7	100.0	153	0	0	1	153	15599	15751	1.78e-77	283.0
CGZ46_RS14495	7	100.0	1206	0	0	1	1206	15774	16979	0.0	2228.0
CGZ46_RS14500	7	100.0	222	0	0	1	222	17022	17243	1.1899999999999997e-115	411.0
CGZ46_RS14505	7	100.0	498	0	0	1	498	17360	17857	0.0	920.0
CGZ46_RS14510	7	100.0	507	0	0	1	507	17832	18338	0.0	937.0
CGZ46_RS14515	7	99.837	2448	4	0	1	2448	18322	20769	0.0	4499.0
CGZ46_RS14525	7	99.40100000000001	1002	6	0	1	1002	22946	23947	0.0	1818.0
CGZ46_RS14530	7	99.786	933	2	0	1	933	23944	24876	0.0	1712.0
CGZ46_RS14535	7	100.0	87	0	0	1	87	25151	25237	4.45e-41	161.0
CGZ46_RS14540	7	96.458	1920	68	0	1	1920	25253	27172	0.0	3169.0
CGZ46_RS14580	16	98.09700000000001	1629	29	1	1	1627	50349	51977	0.0	2835.0
CGZ46_RS14615	65	99.59299999999999	738	3	0	1	738	182	919	0.0	1347.0
CGZ46_RS14620	65	97.727	132	3	0	1	132	924	1055	7.13e-61	228.0
CGZ46_RS14785	12	97.1	1345	37	2	1	1344	25228	23885	0.0	2266.0
CGZ46_RS14795	12	98.73200000000001	552	7	0	1	552	26696	26145	0.0	981.0
CGZ46_RS14800	12	100.0	174	0	0	1	174	26893	26720	4.3699999999999994e-89	322.0
CGZ46_RS14805	12	100.0	186	0	0	1	186	27081	26896	1.0099999999999998e-95	344.0
CGZ46_RS14810	12	99.005	201	2	0	1	201	27377	27577	1.0899999999999997e-100	361.0
CGZ46_RS14815	12	100.0	231	0	0	1	231	27909	27679	1.2299999999999999e-120	427.0
CGZ46_RS14820	12	98.586	495	7	0	1	495	27964	28458	0.0	876.0
CGZ46_RS14825	12	99.338	453	3	0	1	453	28524	28976	0.0	821.0
CGZ46_RS14830	12	96.053	152	6	0	1	152	28990	29141	6.499999999999998e-67	248.0
CGZ46_RS14835	12	95.262	591	28	0	1	591	29154	29744	0.0	937.0
CGZ46_RS14850	33	99.50200000000001	201	1	0	1	201	15167	15367	2.3399999999999995e-102	366.0
CGZ46_RS14855	33	99.51700000000001	207	1	0	1	207	14763	14557	1.1199999999999996e-105	377.0
CGZ46_RS14860	33	100.0	192	0	0	1	192	14523	14332	4.809999999999999e-99	355.0
CGZ46_RS14865	33	99.866	2982	4	0	1	2982	14271	11290	0.0	5485.0
CGZ46_RS14870	33	100.0	2145	0	0	1	2145	11278	9134	0.0	3962.0
CGZ46_RS14875	33	100.0	1239	0	0	1	1239	9137	7899	0.0	2289.0
CGZ46_RS14880	33	99.79700000000001	984	2	0	1	984	7898	6915	0.0	1807.0
CGZ46_RS14900	12	96.831	284	9	0	1	284	58722	59005	5.439999999999999e-135	475.0
CGZ46_RS14915	12	98.194	1329	24	0	1	1329	60238	61566	0.0	2322.0
CGZ46_RS14920	12	98.006	351	7	0	1	351	61563	61913	1.7899999999999993e-175	610.0
CGZ46_RS14965	12	97.712	306	7	0	1	306	71116	71421	1.5999999999999996e-150	527.0
CGZ46_RS14985	73	95.506	356	13	1	1	353	413	768	3.9599999999999993e-162	566.0
CGZ46_RS14985	12	95.238	357	14	1	1	354	562	918	5.119999999999999e-161	562.0
CGZ46_RS15000	12	99.27799999999999	831	6	0	1	831	1134	1964	0.0	1502.0
CGZ46_RS15005	12	96.667	180	6	0	1	180	1995	2174	2.1299999999999995e-82	300.0
CGZ46_RS15010	12	99.359	312	2	0	1	312	2234	2545	3.459999999999999e-162	566.0
CGZ46_RS15015	12	98.58200000000001	1128	16	0	1	1128	2553	3680	0.0	1995.0
CGZ46_RS15020	12	98.53399999999999	1569	5	1	1	1551	4199	5767	0.0	2754.0
CGZ46_RS15025	12	100.0	534	0	0	1	534	5937	6470	0.0	987.0
CGZ46_RS15030	12	99.961	2553	1	0	1	2553	6514	9066	0.0	4710.0
CGZ46_RS15035	12	99.9	2004	2	0	1	2004	9056	11059	0.0	3690.0
CGZ46_RS15040	12	100.0	381	0	0	1	381	11066	11446	0.0	704.0
CGZ46_RS15045	12	99.92200000000001	2556	2	0	1	2556	11575	14130	0.0	4710.0
CGZ46_RS15050	12	99.471	189	1	0	1	189	14133	14321	1.0199999999999996e-95	344.0
CGZ46_RS15055	12	100.0	1152	0	0	1	1152	14340	15491	0.0	2128.0
CGZ46_RS15060	12	100.0	990	0	0	1	990	15581	16570	0.0	1829.0
CGZ46_RS15065	12	100.0	234	0	0	1	234	16634	16867	2.6899999999999993e-122	433.0
CGZ46_RS15070	12	100.0	327	0	0	1	327	16868	17194	7.699999999999998e-174	604.0
CGZ46_RS15075	12	100.0	639	0	0	1	639	17286	17924	0.0	1181.0
CGZ46_RS15080	12	100.0	942	0	0	1	942	17931	18872	0.0	1740.0
CGZ46_RS15085	12	98.58200000000001	282	4	0	1	282	19244	19525	3.1899999999999993e-142	499.0
CGZ46_RS15090	12	100.0	393	0	0	1	393	19518	19910	0.0	726.0
CGZ46_RS15095	12	99.272	2061	15	0	1	2061	19903	21963	0.0	3723.0
CGZ46_RS15100	12	98.794	1659	2	1	1	1641	22040	23698	0.0	2937.0
FOA09_RS13905	2	98.399	687	11	0	1	687	160164	160850	0.0	1208.0
FOA09_RS13910	57	99.524	210	1	0	1	210	2003	1794	2.4399999999999994e-107	383.0
FOA09_RS13915	57	95.726	117	5	0	1	117	2560	2444	2.91e-49	189.0
FOA09_RS13945	57	99.057	318	3	0	1	318	2003	1686	7.579999999999998e-164	571.0
FOA09_RS13980	57	97.436	273	7	0	1	273	3581	3309	3.119999999999999e-132	466.0
FOA09_RS13990	65	98.105	897	17	0	1	897	1452	2348	0.0	1563.0
FOA09_RS13995	50	98.462	260	4	0	2	261	5820	6079	4.979999999999998e-130	459.0
FOA09_RS13995	65	95.01899999999999	261	13	0	1	261	1089	1349	1.4099999999999997e-115	411.0
FOA09_RS14000	65	98.485	132	2	0	1	132	924	1055	1.5299999999999997e-62	233.0
FOA09_RS14005	65	99.86399999999999	738	1	0	1	738	182	919	0.0	1358.0
FOA09_RS14030	2	98.25299999999999	687	12	0	1	687	160164	160850	0.0	1203.0
FOA09_RS14130	2	98.399	687	11	0	1	687	160164	160850	0.0	1208.0
FOA09_RS14165	41	97.531	243	6	0	1	243	3621	3863	2.8099999999999995e-117	416.0
FOA09_RS14170	41	99.581	477	2	0	1	477	4558	4082	0.0	870.0
FOA09_RS14195	48	95.29700000000001	489	23	0	1	489	4022	3534	0.0	776.0
FOA09_RS14200	48	100.0	729	0	0	1	729	4756	4028	0.0	1347.0
FOA09_RS14205	48	99.415	171	1	0	1	171	5164	5334	9.279999999999997e-86	311.0
FOA09_RS14230	71	100.0	459	0	0	1	459	646	1104	0.0	848.0
FOA09_RS14235	71	99.79299999999999	483	1	0	1	483	69	551	0.0	887.0
FOA09_RS14245	67	99.63799999999999	276	1	0	1	276	1712	1987	6.699999999999999e-144	505.0
FOA09_RS14250	67	99.13	1035	9	0	1	1035	688	1722	0.0	1862.0
FOA09_RS14255	67	100.0	315	0	0	1	315	381	695	3.469999999999999e-167	582.0
FOA09_RS14260	67	98.645	369	5	0	1	369	13	381	0.0	654.0
FOA09_RS14270	64	98.664	1272	17	0	1	1272	1528	257	0.0	2255.0
FOA09_RS14275	64	99.652	861	3	0	1	861	2414	1554	0.0	1574.0
FOA09_RS14285	73	99.617	261	1	0	1	261	1323	1583	1.3699999999999996e-135	477.0
FOA09_RS14290	73	99.74	385	1	0	1	385	791	1175	0.0	706.0
FOA09_RS14295	73	98.319	357	3	1	1	354	413	769	2.3099999999999992e-179	623.0
FOA09_RS14295	12	96.62899999999999	356	9	1	1	353	562	917	8.439999999999999e-169	588.0
FOA09_RS14305	12	100.0	336	0	0	1	336	74865	75200	7.869999999999997e-179	621.0
FOA09_RS14310	12	96.774	93	2	1	1	93	74545	74636	8.11e-39	154.0
FOA09_RS14325	12	96.97	297	9	0	1	297	71116	71412	3.479999999999999e-142	499.0
FOA09_RS14330	12	98.59899999999999	357	5	0	1	357	70178	70534	0.0	632.0
FOA09_RS14370	12	98.28200000000001	291	5	0	1	291	62514	62804	1.5599999999999997e-145	510.0
FOA09_RS14375	12	99.09899999999999	111	1	0	1	111	62164	62274	1.2799999999999999e-52	200.0
FOA09_RS14390	2	98.399	687	11	0	1	687	160164	160850	0.0	1208.0
FOA09_RS14395	12	95.134	596	29	0	1	596	58109	58704	0.0	941.0
FOA09_RS14410	2	98.399	687	11	0	1	687	160164	160850	0.0	1208.0
EYB36_RS00005	48	97.992	249	5	0	1	249	2130	1882	2.869999999999999e-122	433.0
EYB36_RS00010	48	99.045	419	2	2	1	419	1806	1390	0.0	750.0
EYB36_RS00025	48	99.24799999999999	266	2	0	2	267	670	405	1.0899999999999997e-136	481.0
EYB36_RS00030	48	100.0	276	0	0	1	276	412	137	1.4399999999999997e-145	510.0
EYB36_RS00040	12	98.851	174	2	0	1	174	26893	26720	9.459999999999998e-86	311.0
EYB36_RS00045	12	98.30799999999999	591	10	0	1	591	26696	26106	0.0	1037.0
EYB36_RS00080	12	95.08200000000001	183	9	0	1	183	30477	30659	4.689999999999999e-79	289.0
EYB36_RS00095	12	98.738	634	7	1	3	636	33684	34316	0.0	1125.0
EYB36_RS00100	12	100.0	468	0	0	1	468	34303	34770	0.0	865.0
EYB36_RS00105	12	99.242	528	4	0	1	528	34773	35300	0.0	953.0
EYB36_RS00110	12	99.45	2181	12	0	1	2181	35343	37523	0.0	3962.0
EYB36_RS00115	12	99.816	543	1	0	1	543	37631	38173	0.0	998.0
EYB36_RS00205	2	98.399	687	11	0	1	687	160164	160850	0.0	1208.0
EYB36_RS00280	2	98.399	687	11	0	1	687	160164	160850	0.0	1208.0
EYB36_RS00295	12	96.444	225	8	0	1	225	59003	59227	5.699999999999999e-104	372.0
EYB36_RS00300	12	97.98	198	4	0	1	198	59288	59485	1.1e-95	344.0
EYB36_RS00305	12	97.03	303	9	0	1	303	59509	59811	1.5899999999999995e-145	510.0
EYB36_RS00320	65	100.0	132	0	0	1	132	924	1055	7.08e-66	244.0
EYB36_RS00325	65	99.59299999999999	738	3	0	1	738	182	919	0.0	1347.0
EYB36_RS00340	12	99.624	1329	5	0	1	1329	60238	61566	0.0	2427.0
EYB36_RS00345	12	98.291	351	6	0	1	351	61563	61913	3.839999999999999e-177	616.0
EYB36_RS00350	12	100.0	111	0	0	1	111	62164	62274	2.74e-54	206.0
EYB36_RS00355	12	97.96600000000001	295	5	1	1	294	62514	62808	1.5599999999999997e-145	510.0
EYB36_RS00375	12	97.39	1609	42	0	1	1609	65621	67229	0.0	2739.0
EYB36_RS00400	74	98.98200000000001	1179	12	0	10	1188	1536	358	0.0	2111.0
EYB36_RS00410	48	100.0	171	0	0	1	171	5164	5334	1.9899999999999996e-87	316.0
EYB36_RS00415	48	100.0	729	0	0	1	729	4756	4028	0.0	1347.0
EYB36_RS00420	48	99.387	489	3	0	1	489	4022	3534	0.0	887.0
EYB36_RS00425	48	98.50200000000001	267	4	0	1	267	2942	2676	6.549999999999999e-134	472.0
EYB36_RS00430	48	99.8	501	1	0	1	501	2643	2143	0.0	920.0
EYB36_RS00445	65	100.0	132	0	0	1	132	924	1055	7.08e-66	244.0
EYB36_RS00450	65	99.59299999999999	738	3	0	1	738	182	919	0.0	1347.0
EYB36_RS00465	66	100.0	795	0	0	1	795	231	1025	0.0	1469.0
EYB36_RS00510	55	100.0	606	0	0	1	606	3267	3872	0.0	1120.0
EYB36_RS00515	55	100.0	2973	0	0	1	2973	3136	164	0.0	5491.0
EYB36_RS00530	2	98.399	687	11	0	1	687	160164	160850	0.0	1208.0
EYB36_RS00570	48	96.255	267	10	0	1	267	671	405	6.649999999999998e-124	438.0
EYB36_RS00735	41	97.531	243	6	0	1	243	3621	3863	2.8099999999999995e-117	416.0
EYB36_RS00740	41	99.581	477	2	0	1	477	4558	4082	0.0	870.0
EYB36_RS00795	71	100.0	459	0	0	1	459	646	1104	0.0	848.0
EYB36_RS00800	71	99.79299999999999	483	1	0	1	483	69	551	0.0	887.0
EYB36_RS00810	67	99.63799999999999	276	1	0	1	276	1712	1987	6.699999999999999e-144	505.0
EYB36_RS00815	67	98.35700000000001	1035	17	0	1	1035	688	1722	0.0	1818.0
EYB36_RS00820	67	99.365	315	2	0	1	315	381	695	7.509999999999998e-164	571.0
EYB36_RS00825	67	98.645	369	5	0	1	369	13	381	0.0	654.0
EYB36_RS00845	64	98.855	1135	13	0	1	1135	1528	394	0.0	2025.0
EYB36_RS00860	73	99.617	261	1	0	1	261	1323	1583	1.3699999999999996e-135	477.0
EYB36_RS00865	73	98.70100000000001	385	5	0	1	385	791	1175	0.0	684.0
EYB36_RS00870	73	98.319	357	3	1	1	354	413	769	2.3099999999999992e-179	623.0
EYB36_RS00870	12	96.62899999999999	356	9	1	1	353	562	917	8.439999999999999e-169	588.0
EYB36_RS00885	12	95.699	93	3	1	1	93	74545	74636	3.77e-37	148.0
EYB36_RS00900	12	98.148	270	5	0	1	270	71152	71421	6.629999999999998e-134	472.0
EYB36_RS00900	3	95.556	270	12	0	1	270	102244	101975	3.1299999999999995e-122	433.0
EYB36_RS00915	16	98.34299999999999	1629	27	0	1	1629	50349	51977	0.0	2859.0
EYB36_RS00930	12	99.72	357	1	0	1	357	63839	64195	0.0	654.0
EYB36_RS00935	12	99.48899999999999	783	4	0	1	783	63064	63846	0.0	1424.0
EYB36_RS00940	12	97.98	297	6	0	1	297	62514	62810	3.3499999999999994e-147	516.0
BZG32_RS16195	67	99.63799999999999	276	1	0	1	276	1712	1987	6.699999999999999e-144	505.0
BZG32_RS16200	67	98.93700000000001	1035	11	0	1	1035	688	1722	0.0	1851.0
BZG32_RS16205	67	99.365	315	2	0	1	315	381	695	7.509999999999998e-164	571.0
BZG32_RS16210	67	98.645	369	5	0	1	369	13	381	0.0	654.0
BZG32_RS16220	64	99.37100000000001	1272	8	0	1	1272	1528	257	0.0	2305.0
BZG32_RS16225	64	98.955	861	9	0	1	861	2414	1554	0.0	1541.0
BZG32_RS16235	73	99.617	261	1	0	1	261	1323	1583	1.3699999999999996e-135	477.0
BZG32_RS16240	73	100.0	385	0	0	1	385	791	1175	0.0	712.0
BZG32_RS16245	73	98.319	357	3	1	1	354	413	769	2.3099999999999992e-179	623.0
BZG32_RS16245	12	96.62899999999999	356	9	1	1	353	562	917	8.439999999999999e-169	588.0
BZG32_RS16255	12	100.0	336	0	0	1	336	74865	75200	7.869999999999997e-179	621.0
BZG32_RS16260	12	96.774	93	2	1	1	93	74545	74636	8.11e-39	154.0
BZG32_RS16275	2	98.399	687	11	0	1	687	160164	160850	0.0	1208.0
BZG32_RS16280	12	97.23700000000001	579	16	0	1	579	71432	72010	0.0	981.0
BZG32_RS16280	3	96.37299999999999	579	21	0	1	579	101964	101386	0.0	953.0
BZG32_RS16280	16	96.02799999999999	579	23	0	1	579	55151	55729	0.0	942.0
BZG32_RS16285	12	95.96	297	12	0	1	297	71116	71412	3.5099999999999995e-137	483.0
BZG32_RS16290	12	98.319	357	6	0	1	357	70178	70534	1.7999999999999995e-180	627.0
BZG32_RS16345	12	98.198	111	2	0	1	111	62164	62274	5.939999999999999e-51	195.0
BZG32_RS16355	12	97.721	351	8	0	1	351	61563	61913	8.309999999999997e-174	604.0
BZG32_RS16360	12	98.947	1329	14	0	1	1329	60238	61566	0.0	2377.0
BZG32_RS16365	12	100.0	303	0	0	1	303	59509	59811	1.5599999999999996e-160	560.0
BZG32_RS16370	12	100.0	249	0	0	1	249	59249	59497	1.3099999999999997e-130	460.0
BZG32_RS16375	12	100.0	225	0	0	1	225	59003	59227	2.5899999999999992e-117	416.0
BZG32_RS16380	12	100.0	288	0	0	1	288	58722	59009	3.2199999999999996e-152	532.0
BZG32_RS16385	12	100.0	597	0	0	1	597	58109	58705	0.0	1103.0
BZG32_RS16430	2	98.399	687	11	0	1	687	160164	160850	0.0	1208.0
BZG32_RS16470	2	98.399	687	11	0	1	687	160164	160850	0.0	1208.0
BZG32_RS16485	2	98.399	687	11	0	1	687	160164	160850	0.0	1208.0
BZG32_RS16515	2	98.399	687	11	0	1	687	160164	160850	0.0	1208.0
BZG32_RS16535	41	97.531	243	6	0	1	243	3621	3863	2.8099999999999995e-117	416.0
BZG32_RS16545	41	99.581	477	2	0	1	477	4558	4082	0.0	870.0
BZG32_RS16585	41	99.383	162	1	0	1	162	9066	8905	8.789999999999998e-81	294.0
BZG32_RS16595	41	98.611	144	2	0	1	144	9610	9753	3.62e-69	255.0
BZG32_RS16620	71	99.564	459	2	0	1	459	646	1104	0.0	837.0
BZG32_RS16665	67	99.18700000000001	369	3	0	1	369	13	381	0.0	665.0
BZG32_RS16670	67	100.0	315	0	0	1	315	381	695	3.469999999999999e-167	582.0
BZG32_RS16675	67	99.13	1035	9	0	1	1035	688	1722	0.0	1862.0
BZG32_RS16680	67	99.63799999999999	276	1	0	1	276	1712	1987	6.699999999999999e-144	505.0
BZG32_RS16690	71	99.79299999999999	483	1	0	1	483	69	551	0.0	887.0
BZG32_RS16695	71	99.78200000000001	459	1	0	1	459	646	1104	0.0	843.0
BZG32_RS16725	48	98.773	489	6	0	1	489	4022	3534	0.0	870.0
BZG32_RS16735	48	98.876	267	3	0	1	267	2942	2676	1.4099999999999997e-135	477.0
BZG32_RS16740	48	98.167	491	9	0	1	491	2643	2153	0.0	857.0
BZG32_RS16745	48	99.281	417	3	0	1	417	1806	1390	0.0	754.0
BZG32_RS16750	48	96.23899999999999	585	22	0	1	585	1366	782	0.0	959.0
BZG32_RS16755	48	100.0	267	0	0	1	267	671	405	1.3999999999999994e-140	494.0
BZG32_RS16760	48	98.551	276	4	0	1	276	412	137	6.74e-139	488.0
BZG32_RS16875	2	98.238	681	12	0	1	681	160170	160850	0.0	1192.0
BZG32_RS16900	16	97.249	618	17	0	1	618	44889	45506	0.0	1048.0
BZG32_RS16905	16	99.667	300	1	0	1	300	45547	45846	3.3399999999999986e-157	549.0
BZG32_RS16940	65	99.729	738	2	0	1	738	182	919	0.0	1352.0
BZG32_RS17430	65	96.97	132	4	0	1	132	924	1055	3.3200000000000004e-59	222.0
BZG32_RS16945	50	98.462	260	4	0	2	261	5820	6079	4.979999999999998e-130	459.0
BZG32_RS16945	65	95.01899999999999	261	13	0	1	261	1089	1349	1.4099999999999997e-115	411.0
BZG32_RS16980	66	100.0	795	0	0	1	795	231	1025	0.0	1469.0
BZG32_RS16985	66	100.0	189	0	0	1	189	1321	1133	2.1999999999999996e-97	350.0
BZG32_RS16995	65	96.321	897	33	0	1	897	1452	2348	0.0	1474.0
BZG32_RS17010	2	98.25299999999999	687	12	0	1	687	160164	160850	0.0	1203.0
BZG32_RS17030	12	99.72	357	1	0	1	357	63839	64195	0.0	654.0
BZG32_RS17035	12	99.48899999999999	783	4	0	1	783	63064	63846	0.0	1424.0
BZG32_RS17040	12	97.98	297	6	0	1	297	62514	62810	3.3499999999999994e-147	516.0
BMT03_RS13330	2	97.38	687	12	3	1	681	160164	160850	0.0	1164.0
BMT03_RS13375	2	98.39	497	8	0	1	497	160164	160660	0.0	874.0
BMT03_RS13400	118	98.947	95	1	0	1	95	149	55	8.269999999999999e-44	171.0
BMT03_RS13400	2	98.947	95	1	0	1	95	160756	160850	8.269999999999999e-44	171.0
BMT03_RS13400	119	98.925	93	1	0	3	95	147	55	1.07e-42	167.0
BMT03_RS13405	2	96.311	244	9	0	1	244	160512	160755	7.899999999999998e-113	401.0
BMT03_RS13435	65	97.77	897	20	0	1	897	1452	2348	0.0	1546.0
BMT03_RS13660	49	96.679	271	9	0	3	273	2671	2941	8.739999999999998e-128	451.0
CG806_RS00005	16	98.09700000000001	1629	29	1	1	1627	50349	51977	0.0	2835.0
CG806_RS00035	7	96.458	1920	68	0	1	1920	25253	27172	0.0	3169.0
CG806_RS00040	7	100.0	87	0	0	1	87	25151	25237	4.45e-41	161.0
CG806_RS00050	7	99.786	933	2	0	1	933	23944	24876	0.0	1712.0
CG806_RS00055	7	99.501	1002	5	0	1	1002	22946	23947	0.0	1823.0
CG806_RS00065	7	99.91799999999999	2448	2	0	1	2448	18322	20769	0.0	4510.0
CG806_RS00070	7	100.0	507	0	0	1	507	17832	18338	0.0	937.0
CG806_RS00075	7	100.0	498	0	0	1	498	17360	17857	0.0	920.0
CG806_RS00080	7	100.0	222	0	0	1	222	17022	17243	1.1899999999999997e-115	411.0
CG806_RS00085	7	99.834	1206	2	0	1	1206	15774	16979	0.0	2217.0
CG806_RS00090	7	100.0	153	0	0	1	153	15599	15751	1.78e-77	283.0
CG806_RS00095	7	99.911	1128	1	0	1	1128	14469	15596	0.0	2078.0
CG806_RS00140	48	100.0	435	0	0	1	435	5770	5336	0.0	804.0
CG806_RS00145	48	98.83	171	2	0	1	171	5164	5334	4.319999999999999e-84	305.0
CG806_RS00150	48	100.0	729	0	0	1	729	4756	4028	0.0	1347.0
CG806_RS00185	41	99.581	477	2	0	1	477	4558	4082	0.0	870.0
CG806_RS00190	41	97.531	243	6	0	1	243	3621	3863	2.8099999999999995e-117	416.0
CG806_RS00375	55	99.697	2973	9	0	1	2973	3136	164	0.0	5441.0
CG806_RS00380	55	99.175	606	5	0	1	606	3267	3872	0.0	1092.0
CG806_RS00425	12	99.094	552	5	0	1	552	26696	26145	0.0	992.0
CG806_RS00430	12	100.0	174	0	0	1	174	26893	26720	4.3699999999999994e-89	322.0
CG806_RS00435	12	99.462	186	1	0	1	186	27081	26896	4.679999999999999e-94	339.0
CG806_RS00450	12	97.015	201	6	0	1	201	27377	27577	5.099999999999999e-94	339.0
CG806_RS00455	12	100.0	231	0	0	1	231	27909	27679	1.2299999999999999e-120	427.0
CG806_RS00460	12	97.98	495	10	0	1	495	27964	28458	0.0	859.0
CG806_RS00465	12	98.234	453	8	0	1	453	28524	28976	0.0	793.0
CG806_RS00470	12	95.425	153	7	0	1	153	28990	29142	8.409999999999998e-66	244.0
CG806_RS00480	12	96.037	328	12	1	4	330	29743	30070	3.7199999999999993e-152	532.0
CG806_RS00580	55	99.697	2973	9	0	1	2973	3136	164	0.0	5441.0
CG806_RS00585	55	99.175	606	5	0	1	606	3267	3872	0.0	1092.0
CG806_RS00610	12	97.712	306	7	0	1	306	71116	71421	1.5999999999999996e-150	527.0
CG806_RS00630	12	97.721	351	8	0	1	351	562	912	8.459999999999997e-174	604.0
CG806_RS00630	73	96.07799999999999	357	14	0	1	357	413	769	3.959999999999999e-167	582.0
CG806_RS00770	50	100.0	618	0	0	1	618	548	1165	0.0	1142.0
CG806_RS00790	65	99.729	738	2	0	1	738	182	919	0.0	1352.0
CG806_RS00795	65	98.485	132	2	0	1	132	924	1055	1.5299999999999997e-62	233.0
CG806_RS00800	50	98.462	260	4	0	2	261	5820	6079	4.979999999999998e-130	459.0
CG806_RS00800	65	95.01899999999999	261	13	0	1	261	1089	1349	1.4099999999999997e-115	411.0
CG806_RS00805	65	97.882	897	19	0	1	897	1452	2348	0.0	1552.0
CG806_RS00830	12	100.0	111	0	0	1	111	62164	62274	2.74e-54	206.0
CG806_RS00835	12	98.28200000000001	291	5	0	1	291	62514	62804	1.5599999999999997e-145	510.0
CG806_RS00865	2	97.962	687	14	0	1	687	160164	160850	0.0	1192.0
CG806_RS00935	52	96.25399999999999	1762	65	1	1	1761	4356	2595	0.0	2887.0
CG806_RS00940	52	98.507	201	3	0	1	201	2506	2306	5.069999999999998e-99	355.0
CG806_RS14705	52	100.0	87	0	0	1	87	1700	1786	4.45e-41	161.0
F1M88_RS14080	2	98.544	687	10	0	1	687	160164	160850	0.0	1214.0
F1M88_RS14085	65	96.495	856	30	0	1	856	1452	2307	0.0	1415.0
F1M88_RS14090	50	98.462	260	4	0	2	261	5820	6079	4.979999999999998e-130	459.0
F1M88_RS14090	65	95.01899999999999	261	13	0	1	261	1089	1349	1.4099999999999997e-115	411.0
C7I31_RS13835	65	99.86399999999999	738	1	0	1	738	182	919	0.0	1358.0
C7I31_RS14050	65	99.86399999999999	738	1	0	1	738	182	919	0.0	1358.0
C7I31_RS14080	2	98.09100000000001	681	13	0	1	681	160170	160850	0.0	1186.0
C7I31_RS14090	49	100.0	975	0	0	1	975	114	1088	0.0	1801.0
C7I31_RS14095	49	100.0	195	0	0	1	195	1531	1725	1.0499999999999998e-100	361.0
C7I31_RS14100	49	99.206	630	3	1	1	630	2365	1738	0.0	1134.0
C7I31_RS14110	49	100.0	330	0	0	1	330	2612	2941	1.6699999999999995e-175	610.0
C7I31_RS14115	49	99.89399999999999	939	1	0	1	939	3069	4007	0.0	1729.0
C7I31_RS14120	49	100.0	1038	0	0	1	1038	4033	5070	0.0	1917.0
C7I31_RS14125	49	99.22	513	4	0	1	513	5887	5375	0.0	926.0
C7I31_RS14130	24	99.436	1064	6	0	1	1064	9657	10720	0.0	1932.0
C7I31_RS14150	12	96.94	621	19	0	1	621	58085	58705	0.0	1042.0
C7I31_RS14260	24	99.31200000000001	1163	8	0	1	1163	9657	10819	0.0	2104.0
C7I31_RS14280	24	99.31200000000001	1163	8	0	1	1163	9657	10819	0.0	2104.0
C7I31_RS14305	2	97.50399999999999	681	13	1	1	677	160170	160850	0.0	1160.0
C7I31_RS14310	24	98.12200000000001	213	4	0	1	213	24982	25194	5.3599999999999995e-104	372.0
C7I32_RS15250	61	99.896	963	1	0	1	963	633	1595	0.0	1773.0
C7I32_RS15255	61	100.0	489	0	0	1	489	2021	1533	0.0	904.0
C7I32_RS15260	61	99.383	486	3	0	1	486	2617	2132	0.0	881.0
C7I32_RS15270	67	99.275	276	2	0	1	276	1712	1987	3.1199999999999993e-142	499.0
C7I32_RS15275	67	99.03399999999999	1035	10	0	1	1035	688	1722	0.0	1857.0
C7I32_RS15280	67	99.68299999999999	315	1	0	1	315	381	695	1.6099999999999996e-165	577.0
C7I32_RS15310	64	98.855	1135	13	0	1	1135	1528	394	0.0	2025.0
C7I32_RS15315	64	98.25200000000001	858	6	1	1	849	2411	1554	0.0	1493.0
C7I32_RS15325	73	100.0	261	0	0	1	261	1323	1583	2.949999999999999e-137	483.0
C7I32_RS15330	73	97.40299999999999	385	10	0	1	385	791	1175	0.0	656.0
C7I32_RS15335	12	98.03399999999999	356	7	0	1	356	562	917	3.019999999999999e-178	619.0
C7I32_RS15335	73	97.759	357	8	0	1	357	413	769	3.9099999999999993e-177	616.0
C7I32_RS15355	12	97.38600000000001	306	8	0	1	306	71116	71421	7.429999999999999e-149	521.0
C7I32_RS15405	12	97.251	291	8	0	1	291	62514	62804	1.5699999999999996e-140	494.0
C7I32_RS15410	55	99.175	606	5	0	1	606	3267	3872	0.0	1092.0
C7I32_RS15415	55	99.697	2973	9	0	1	2973	3136	164	0.0	5441.0
C7I32_RS15455	33	97.288	885	24	0	1	885	7799	6915	0.0	1502.0
C7I32_RS15460	33	99.596	1239	5	0	1	1239	9137	7899	0.0	2261.0
C7I32_RS15465	33	99.86	2145	3	0	1	2145	11278	9134	0.0	3945.0
C7I32_RS15470	33	99.49700000000001	2982	15	0	1	2982	14271	11290	0.0	5424.0
C7I32_RS15475	33	100.0	192	0	0	1	192	14523	14332	4.809999999999999e-99	355.0
C7I32_RS15480	33	100.0	207	0	0	1	207	14763	14557	2.3999999999999993e-107	383.0
C7I32_RS15490	33	99.50200000000001	201	1	0	1	201	15167	15367	2.3399999999999995e-102	366.0
C7I32_RS15530	41	97.531	243	6	0	1	243	3621	3863	2.8099999999999995e-117	416.0
C7I32_RS15535	41	99.161	477	4	0	1	477	4558	4082	0.0	859.0
C7I32_RS15570	48	100.0	786	0	0	1	786	4813	4028	0.0	1452.0
C7I32_RS15620	48	98.773	489	6	0	1	489	4022	3534	0.0	870.0
C7I32_RS15625	48	98.876	267	3	0	1	267	2942	2676	1.4099999999999997e-135	477.0
C7I32_RS15630	48	98.574	491	7	0	1	491	2643	2153	0.0	869.0
C7I32_RS15635	48	98.801	417	5	0	1	417	1806	1390	0.0	743.0
C7I32_RS15640	48	99.316	585	4	0	1	585	1366	782	0.0	1059.0
C7I32_RS15645	48	100.0	267	0	0	1	267	671	405	1.3999999999999994e-140	494.0
C7I32_RS15650	48	100.0	276	0	0	1	276	412	137	1.4399999999999997e-145	510.0
C7I32_RS15740	12	97.288	295	7	1	1	294	62514	62808	3.3699999999999986e-142	499.0
C7I32_RS15760	12	98.84	1638	19	0	1	1638	65621	67258	0.0	2920.0
C7I32_RS15765	12	99.82700000000001	1155	2	0	1	1155	67269	68423	0.0	2122.0
C7I32_RS15770	12	99.895	954	1	0	1	954	69409	68456	0.0	1757.0
C7I32_RS15785	12	97.38600000000001	306	8	0	1	306	71116	71421	7.429999999999999e-149	521.0
C7I32_RS15790	12	97.34700000000001	2676	71	0	1	2676	71432	74107	0.0	4549.0
C7I32_RS15805	73	97.199	357	7	1	1	354	413	769	1.0799999999999997e-172	601.0
C7I32_RS15805	12	96.06700000000001	356	11	1	1	353	562	917	1.8299999999999995e-165	577.0
C7I32_RS15815	73	100.0	261	0	0	1	261	1323	1583	2.949999999999999e-137	483.0
C7I32_RS15825	64	99.76700000000001	858	2	0	1	858	2411	1554	0.0	1574.0
C7I32_RS15830	64	98.59	1135	16	0	1	1135	1528	394	0.0	2008.0
C7I32_RS15860	67	99.68299999999999	315	1	0	1	315	381	695	1.6099999999999996e-165	577.0
C7I32_RS15865	67	99.03399999999999	1035	10	0	1	1035	688	1722	0.0	1857.0
C7I32_RS15870	67	99.275	276	2	0	1	276	1712	1987	3.1199999999999993e-142	499.0
C7I32_RS15880	61	96.09100000000001	486	19	0	1	486	2617	2132	0.0	793.0
C7I32_RS15885	61	98.664	524	7	0	2	525	2056	1533	0.0	929.0
C7I32_RS15940	55	99.175	606	5	0	1	606	3267	3872	0.0	1092.0
C7I32_RS15945	55	99.697	2973	9	0	1	2973	3136	164	0.0	5441.0
DOU32_RS14345	2	98.678	681	9	0	1	681	160170	160850	0.0	1208.0
DOU32_RS14390	2	98.385	681	11	0	1	681	160170	160850	0.0	1197.0
DOU32_RS14485	12	98.90100000000001	546	6	0	1	546	26696	26151	0.0	976.0
DOU32_RS14490	12	100.0	192	0	0	1	192	26911	26720	4.809999999999999e-99	355.0
DOU32_RS14495	12	98.925	186	2	0	1	186	27081	26896	2.1799999999999998e-92	333.0
DOU32_RS14540	2	98.678	681	9	0	1	681	160170	160850	0.0	1208.0
DOU32_RS14600	12	97.236	1013	25	3	1	1011	64455	65466	0.0	1712.0
DOU32_RS14605	12	99.72	357	1	0	1	357	63839	64195	0.0	654.0
DOU32_RS14610	12	100.0	783	0	0	1	783	63064	63846	0.0	1447.0
DOU32_RS14615	12	98.99	297	3	0	1	297	62514	62810	3.3199999999999994e-152	532.0
DOU32_RS14620	12	100.0	111	0	0	1	111	62164	62274	2.74e-54	206.0
DOU32_RS14630	12	98.291	351	6	0	1	351	61563	61913	3.839999999999999e-177	616.0
DOU32_RS14635	12	99.473	1329	7	0	1	1329	60238	61566	0.0	2416.0
DOU32_RS14640	12	96.7	303	10	0	1	303	59509	59811	7.409999999999998e-144	505.0
DOU32_RS14645	12	97.98	198	4	0	1	198	59288	59485	1.1e-95	344.0
DOU32_RS14650	12	96.444	225	8	0	1	225	59003	59227	5.699999999999999e-104	372.0
DOU32_RS14700	12	100.0	543	0	0	1	543	37631	38173	0.0	1003.0
DOU32_RS14705	12	99.34899999999999	1689	11	0	1	1689	35835	37523	0.0	3059.0
DOU32_RS14710	12	99.56700000000001	231	1	0	1	231	27909	27679	5.739999999999998e-119	422.0
DOU31_RS14350	12	99.72	357	1	0	1	357	63839	64195	0.0	654.0
DOU31_RS14355	12	97.236	1013	25	3	1	1011	64455	65466	0.0	1712.0
DOU31_RS14415	2	98.678	681	9	0	1	681	160170	160850	0.0	1208.0
DOU31_RS14450	2	98.385	681	11	0	1	681	160170	160850	0.0	1197.0
DOU31_RS14495	2	98.53200000000001	681	10	0	1	681	160170	160850	0.0	1203.0
DOU31_RS14535	12	99.56700000000001	231	1	0	1	231	27909	27679	5.739999999999998e-119	422.0
DOU31_RS14540	12	99.29	1690	11	1	1	1690	35835	37523	0.0	3053.0
DOU31_RS14545	12	100.0	543	0	0	1	543	37631	38173	0.0	1003.0
DOU31_RS14595	12	96.444	225	8	0	1	225	59003	59227	5.699999999999999e-104	372.0
DOU31_RS14600	12	97.98	198	4	0	1	198	59288	59485	1.1e-95	344.0
DOU31_RS14605	12	96.7	303	10	0	1	303	59509	59811	7.409999999999998e-144	505.0
DOU31_RS14610	12	99.473	1329	7	0	1	1329	60238	61566	0.0	2416.0
DOU31_RS14615	12	98.006	351	7	0	1	351	61563	61913	1.7899999999999993e-175	610.0
DOU31_RS14625	12	100.0	111	0	0	1	111	62164	62274	2.74e-54	206.0
DOU31_RS14630	12	98.99	297	3	0	1	297	62514	62810	3.3199999999999994e-152	532.0
DOU31_RS14635	12	100.0	783	0	0	1	783	63064	63846	0.0	1447.0
DOU31_RS14765	2	97.944	681	14	0	1	681	160170	160850	0.0	1181.0
DOU31_RS14770	12	99.63	540	2	0	1	540	24424	23885	0.0	987.0
DOU31_RS14905	12	98.006	351	7	0	1	351	562	912	1.8199999999999995e-175	610.0
DOU31_RS14905	73	96.359	357	13	0	1	357	413	769	8.519999999999996e-169	588.0
DOU31_RS14940	3	96.667	270	9	0	1	270	102244	101975	3.1099999999999994e-127	449.0
DOU31_RS14940	12	96.552	261	9	0	1	261	71152	71412	3.1299999999999995e-122	433.0
DOU31_RS14980	12	95.238	294	14	0	1	294	62514	62807	3.459999999999999e-132	466.0
DOU31_RS15095	49	99.227	905	7	0	6	910	6279	5375	0.0	1633.0
DOU31_RS15100	49	99.904	1038	1	0	1	1038	4033	5070	0.0	1912.0
DOU31_RS15105	49	99.681	939	3	0	1	939	3069	4007	0.0	1718.0
DR75_RS00015	48	100.0	786	0	0	1	786	4813	4028	0.0	1452.0
DR75_RS00075	12	99.296	284	2	0	1	284	62514	62797	1.1799999999999996e-146	514.0
DR75_RS15315	12	100.0	111	0	0	1	111	62164	62274	2.74e-54	206.0
DR75_RS00080	55	100.0	606	0	0	1	606	3267	3872	0.0	1120.0
DR75_RS15320	55	99.865	2973	1	3	1	2970	3136	164	0.0	5465.0
DR75_RS00165	79	99.896	960	1	0	1	960	969	10	0.0	1768.0
DR75_RS00180	16	95.954	1038	42	0	1	1038	34448	35485	0.0	1685.0
DR75_RS00185	16	98.59200000000001	213	3	0	1	213	34198	34410	1.1499999999999997e-105	377.0
DR75_RS00225	48	99.275	276	2	0	1	276	412	137	3.1199999999999993e-142	499.0
DR75_RS00230	48	100.0	267	0	0	1	267	671	405	1.3999999999999994e-140	494.0
DR75_RS00235	48	99.316	585	4	0	1	585	1366	782	0.0	1059.0
DR75_RS00240	48	98.08200000000001	417	8	0	1	417	1806	1390	0.0	726.0
DR75_RS00245	48	99.598	249	1	0	1	249	2130	1882	6.119999999999999e-129	455.0
DR75_RS00250	48	99.8	501	1	0	1	501	2643	2143	0.0	920.0
DR75_RS00255	48	98.50200000000001	267	4	0	1	267	2942	2676	6.549999999999999e-134	472.0
DR75_RS00270	12	99.796	490	1	0	1	490	48193	48682	0.0	900.0
DR75_RS00275	12	99.67299999999999	611	2	0	1	611	49046	49656	0.0	1118.0
DR75_RS00330	12	95.223	314	15	0	2	315	58696	59009	1.2899999999999998e-141	497.0
DR75_RS00335	12	98.22200000000001	225	4	0	1	225	59003	59227	1.2199999999999996e-110	394.0
DR75_RS00340	12	97.619	210	5	0	1	210	59288	59497	1.1399999999999997e-100	361.0
DR75_RS00345	12	96.04	303	12	0	1	303	59509	59811	1.5999999999999996e-140	494.0
DR75_RS00350	12	98.345	1329	22	0	1	1329	60238	61566	0.0	2333.0
DR75_RS00355	12	98.006	351	7	0	1	351	61563	61913	1.7899999999999993e-175	610.0
DR75_RS00395	55	100.0	606	0	0	1	606	3267	3872	0.0	1120.0
DR75_RS15350	55	99.765	2973	3	4	1	2969	3136	164	0.0	5448.0
DR75_RS00415	3	96.213	2139	80	1	3	2141	97087	94950	0.0	3500.0
DR75_RS00420	12	97.436	351	9	0	1	351	562	912	3.929999999999999e-172	599.0
DR75_RS00420	73	96.359	357	13	0	1	357	413	769	8.519999999999996e-169	588.0
DR75_RS00545	12	96.641	774	26	0	1	774	26001	25228	0.0	1286.0
DR75_RS00550	12	98.90100000000001	546	6	0	1	546	26696	26151	0.0	976.0
DR75_RS00555	12	98.958	192	2	0	1	192	26911	26720	1.0399999999999997e-95	344.0
DR75_RS00560	12	99.462	186	1	0	1	186	27081	26896	4.679999999999999e-94	339.0
DR75_RS00585	33	99.50200000000001	201	1	0	1	201	15167	15367	2.3399999999999995e-102	366.0
DR75_RS00595	33	100.0	207	0	0	1	207	14763	14557	2.3999999999999993e-107	383.0
DR75_RS00600	33	100.0	192	0	0	1	192	14523	14332	4.809999999999999e-99	355.0
DR75_RS00605	33	99.531	2982	14	0	1	2982	14271	11290	0.0	5430.0
DR75_RS00610	33	99.86	2145	3	0	1	2145	11278	9134	0.0	3945.0
DR75_RS00615	33	99.516	1239	6	0	1	1239	9137	7899	0.0	2255.0
DR75_RS00620	33	97.404	886	21	2	1	885	7799	6915	0.0	1507.0
EF_RS15785	12	96.742	1013	30	3	1	1011	64455	65466	0.0	1685.0
EF_RS15810	12	96.296	297	11	0	1	297	71116	71412	7.539999999999998e-139	488.0
EF_RS15825	73	97.199	357	10	0	1	357	413	769	8.459999999999997e-174	604.0
EF_RS15825	12	96.581	351	12	0	1	351	562	912	3.959999999999999e-167	582.0
EF_RS15935	12	98.90100000000001	546	6	0	1	546	26696	26151	0.0	976.0
EF_RS15940	12	98.958	192	2	0	1	192	26911	26720	1.0399999999999997e-95	344.0
EF_RS15945	12	99.462	186	1	0	1	186	27081	26896	4.679999999999999e-94	339.0
EF_RS15955	12	100.0	231	0	0	1	231	27909	27679	1.2299999999999999e-120	427.0
EF_RS15960	12	98.788	495	6	0	1	495	27964	28458	0.0	881.0
EF_RS15965	12	98.234	453	8	0	1	453	28524	28976	0.0	793.0
EF_RS15975	12	96.885	321	10	0	1	321	29750	30070	7.769999999999998e-154	538.0
EF_RS16030	12	99.405	336	2	0	1	336	38958	39293	1.6999999999999994e-175	610.0
EF_RS16060	12	97.98	297	6	0	1	297	62514	62810	3.3499999999999994e-147	516.0
EF_RS16065	12	99.361	783	5	0	1	783	63064	63846	0.0	1419.0
EF_RS16070	12	99.16	357	3	0	1	357	63839	64195	0.0	643.0
EF_RS16080	2	98.238	681	12	0	1	681	160170	160850	0.0	1192.0
EF_RS16105	2	98.385	681	11	0	1	681	160170	160850	0.0	1197.0
EF_RS16115	12	99.51700000000001	621	3	0	1	621	58085	58705	0.0	1131.0
EF_RS16120	12	97.09700000000001	310	9	0	2	311	58696	59005	2.1099999999999996e-149	523.0
EF_RS16190	2	98.385	681	11	0	1	681	160170	160850	0.0	1197.0
EF_RS16195	65	99.59299999999999	738	3	0	1	738	182	919	0.0	1347.0
EF_RS16205	2	98.385	681	11	0	1	681	160170	160850	0.0	1197.0
EF_RS16220	2	98.385	681	11	0	1	681	160170	160850	0.0	1197.0
EF_RS16645	41	100.0	153	0	0	1	153	3711	3863	1.78e-77	283.0
EF_RS16245	41	99.581	477	2	0	1	477	4558	4082	0.0	870.0
EF_RS16650	41	99.383	162	1	0	1	162	9066	8905	8.789999999999998e-81	294.0
EF_RS16300	71	99.564	459	2	0	1	459	646	1104	0.0	837.0
EF_RS16310	67	99.63799999999999	276	1	0	1	276	1712	1987	6.699999999999999e-144	505.0
EF_RS16315	67	98.93700000000001	1035	11	0	1	1035	688	1722	0.0	1851.0
EF_RS16320	67	99.365	315	2	0	1	315	381	695	7.509999999999998e-164	571.0
EF_RS16335	64	99.921	1272	1	0	1	1272	1528	257	0.0	2344.0
EF_RS16340	64	98.95100000000001	858	9	0	1	858	2411	1554	0.0	1535.0
EF_RS16350	73	99.617	261	1	0	1	261	1323	1583	1.3699999999999996e-135	477.0
EF_RS16355	73	100.0	385	0	0	1	385	791	1175	0.0	712.0
EF_RS16360	73	98.319	357	3	1	1	354	413	769	2.3099999999999992e-179	623.0
EF_RS16360	12	96.62899999999999	356	9	1	1	353	562	917	8.439999999999999e-169	588.0
EF_RS16370	12	100.0	336	0	0	1	336	74865	75200	7.869999999999997e-179	621.0
EF_RS16380	12	95.96	297	12	0	1	297	71116	71412	3.5099999999999995e-137	483.0
EF_RS16385	12	98.319	357	6	0	1	357	70178	70534	1.7999999999999995e-180	627.0
EF_RS16390	2	98.385	681	11	0	1	681	160170	160850	0.0	1197.0
EF_RS16425	2	98.385	681	11	0	1	681	160170	160850	0.0	1197.0
EF_RS16465	12	100.0	621	0	0	1	621	58085	58705	0.0	1147.0
EF_RS16470	12	100.0	288	0	0	1	288	58722	59009	3.2199999999999996e-152	532.0
EF_RS16475	12	100.0	225	0	0	1	225	59003	59227	2.5899999999999992e-117	416.0
EF_RS16480	12	100.0	210	0	0	1	210	59288	59497	5.239999999999999e-109	388.0
EF_RS16485	12	100.0	303	0	0	1	303	59509	59811	1.5599999999999996e-160	560.0
EF_RS16490	12	98.947	1329	14	0	1	1329	60238	61566	0.0	2377.0
EF_RS16495	12	97.721	351	8	0	1	351	61563	61913	8.309999999999997e-174	604.0
EF_RS16500	12	98.198	111	2	0	1	111	62164	62274	5.939999999999999e-51	195.0
EL279_RS14680	12	100.0	111	0	0	1	111	62164	62274	2.74e-54	206.0
EL279_RS14725	12	98.039	306	6	0	1	306	71116	71421	3.4299999999999995e-152	532.0
EL279_RS14730	12	97.795	2676	59	0	1	2676	71432	74107	0.0	4615.0
EL279_RS14735	12	99.70200000000001	336	1	0	1	336	74865	75200	3.659999999999999e-177	616.0
EL279_RS14745	12	97.75299999999999	356	8	0	1	356	562	917	1.4099999999999996e-176	614.0
EL279_RS14745	73	97.479	357	9	0	1	357	413	769	1.8199999999999995e-175	610.0
EL279_RS14750	73	98.44200000000001	385	6	0	1	385	791	1175	0.0	678.0
EL279_RS14755	73	100.0	261	0	0	1	261	1323	1583	2.949999999999999e-137	483.0
EL279_RS14765	64	97.086	858	7	1	1	840	2411	1554	0.0	1430.0
EL279_RS14770	64	98.821	1272	15	0	1	1272	1528	257	0.0	2266.0
EL279_RS14790	67	100.0	300	0	0	1	300	396	695	7.169999999999998e-159	555.0
EL279_RS14795	67	99.227	1035	8	0	1	1035	688	1722	0.0	1868.0
EL279_RS14800	67	99.63799999999999	276	1	0	1	276	1712	1987	6.699999999999999e-144	505.0
EL279_RS14810	71	99.79299999999999	483	1	0	1	483	69	551	0.0	887.0
EL279_RS14815	71	100.0	459	0	0	1	459	646	1104	0.0	848.0
EL279_RS14845	48	100.0	786	0	0	1	786	4813	4028	0.0	1452.0
EL279_RS14850	48	95.29700000000001	489	23	0	1	489	4022	3534	0.0	776.0
EL279_RS14880	41	99.581	477	2	0	1	477	4558	4082	0.0	870.0
EL279_RS14885	41	100.0	185	0	0	1	185	3679	3863	3.599999999999999e-95	342.0
EL279_RS14895	2	98.385	681	11	0	1	681	160170	160850	0.0	1197.0
EL279_RS14955	65	99.86399999999999	738	1	0	1	738	182	919	0.0	1358.0
EL279_RS14960	66	100.0	795	0	0	1	795	231	1025	0.0	1469.0
EL279_RS14970	2	98.53200000000001	681	10	0	1	681	160170	160850	0.0	1203.0
EL279_RS14990	50	96.391	1801	64	1	40	1839	4279	6079	0.0	2964.0
EL279_RS14995	65	98.885	897	10	0	1	897	1452	2348	0.0	1602.0
EL279_RS15005	57	96.70299999999999	273	9	0	1	273	3581	3309	6.759999999999998e-129	455.0
EL279_RS15010	57	95.023	864	43	0	1	864	3307	2444	0.0	1358.0
EL279_RS15040	2	98.385	681	11	0	1	681	160170	160850	0.0	1197.0
EL279_RS15070	66	100.0	795	0	0	1	795	231	1025	0.0	1469.0
EL279_RS15085	65	100.0	738	0	0	1	738	182	919	0.0	1363.0
EL279_RS15095	65	97.87200000000001	141	3	0	1	141	1065	1205	7.649999999999999e-66	244.0
EL279_RS15505	49	99.787	939	2	0	1	939	3069	4007	0.0	1724.0
EL279_RS15510	49	99.904	1038	1	0	1	1038	4033	5070	0.0	1912.0
EL279_RS16280	50	95.322	171	8	0	1	171	364	534	4.3799999999999995e-74	272.0
EL279_RS15660	65	97.436	897	23	0	1	897	1452	2348	0.0	1530.0
EL279_RS15670	57	97.802	273	6	0	1	273	3581	3309	6.709999999999999e-134	472.0
EL279_RS15675	57	96.412	864	31	0	1	864	3307	2444	0.0	1424.0
EL279_RS15695	65	100.0	738	0	0	1	738	182	919	0.0	1363.0
EL279_RS15710	57	99.686	318	1	0	1	318	2003	1686	3.4999999999999984e-167	582.0
EL279_RS15815	49	96.25	240	9	0	1	240	2702	2941	1.2999999999999997e-110	394.0
EL279_RS15850	7	99.89299999999999	933	1	0	1	933	23944	24876	0.0	1718.0
EL279_RS15855	7	97.436	117	3	0	1	117	25121	25237	1.3499999999999999e-52	200.0
EL279_RS15870	7	100.0	354	0	0	1	354	27875	27522	0.0	654.0
EL279_RS15900	2	97.50399999999999	681	17	0	1	681	160170	160850	0.0	1164.0
EL279_RS15915	2	98.238	681	12	0	1	681	160170	160850	0.0	1192.0
EL279_RS15925	16	97.249	618	17	0	1	618	44889	45506	0.0	1048.0
EL279_RS15930	16	99.667	300	1	0	1	300	45547	45846	3.3399999999999986e-157	549.0
EL279_RS15960	2	99.559	681	3	0	1	681	160170	160850	0.0	1242.0
EL279_RS15985	2	98.385	681	11	0	1	681	160170	160850	0.0	1197.0
EL279_RS15990	65	99.458	738	4	0	1	738	182	919	0.0	1341.0
EL240_RS14685	12	100.0	111	0	0	1	111	62164	62274	2.74e-54	206.0
EL240_RS14730	12	98.039	306	6	0	1	306	71116	71421	3.4299999999999995e-152	532.0
EL240_RS14735	12	97.795	2676	59	0	1	2676	71432	74107	0.0	4615.0
EL240_RS14740	12	99.70200000000001	336	1	0	1	336	74865	75200	3.659999999999999e-177	616.0
EL240_RS14750	12	97.75299999999999	356	8	0	1	356	562	917	1.4099999999999996e-176	614.0
EL240_RS14750	73	97.479	357	9	0	1	357	413	769	1.8199999999999995e-175	610.0
EL240_RS14755	73	98.44200000000001	385	6	0	1	385	791	1175	0.0	678.0
EL240_RS14760	73	100.0	261	0	0	1	261	1323	1583	2.949999999999999e-137	483.0
EL240_RS14770	64	97.086	858	7	1	1	840	2411	1554	0.0	1430.0
EL240_RS14775	64	98.821	1272	15	0	1	1272	1528	257	0.0	2266.0
EL240_RS14795	67	100.0	300	0	0	1	300	396	695	7.169999999999998e-159	555.0
EL240_RS14800	67	99.227	1035	8	0	1	1035	688	1722	0.0	1868.0
EL240_RS14805	67	99.63799999999999	276	1	0	1	276	1712	1987	6.699999999999999e-144	505.0
EL240_RS14815	71	99.79299999999999	483	1	0	1	483	69	551	0.0	887.0
EL240_RS14820	71	100.0	459	0	0	1	459	646	1104	0.0	848.0
EL240_RS14850	48	100.0	786	0	0	1	786	4813	4028	0.0	1452.0
EL240_RS14855	48	95.29700000000001	489	23	0	1	489	4022	3534	0.0	776.0
EL240_RS14885	41	99.581	477	2	0	1	477	4558	4082	0.0	870.0
EL240_RS14890	41	100.0	185	0	0	1	185	3679	3863	3.599999999999999e-95	342.0
EL240_RS14900	2	98.385	681	11	0	1	681	160170	160850	0.0	1197.0
EL240_RS14960	65	99.86399999999999	738	1	0	1	738	182	919	0.0	1358.0
EL240_RS14965	66	100.0	795	0	0	1	795	231	1025	0.0	1469.0
EL240_RS14975	2	98.53200000000001	681	10	0	1	681	160170	160850	0.0	1203.0
EL240_RS14995	50	96.391	1801	64	1	40	1839	4279	6079	0.0	2964.0
EL240_RS15000	65	98.885	897	10	0	1	897	1452	2348	0.0	1602.0
EL240_RS15010	57	96.70299999999999	273	9	0	1	273	3581	3309	6.759999999999998e-129	455.0
EL240_RS15015	57	95.023	864	43	0	1	864	3307	2444	0.0	1358.0
EL240_RS15045	2	98.385	681	11	0	1	681	160170	160850	0.0	1197.0
EL240_RS15075	66	100.0	795	0	0	1	795	231	1025	0.0	1469.0
EL240_RS15090	65	100.0	738	0	0	1	738	182	919	0.0	1363.0
EL240_RS15100	65	97.87200000000001	141	3	0	1	141	1065	1205	7.649999999999999e-66	244.0
EL240_RS15510	49	99.787	939	2	0	1	939	3069	4007	0.0	1724.0
EL240_RS15515	49	99.904	1038	1	0	1	1038	4033	5070	0.0	1912.0
EL240_RS16105	50	95.322	171	8	0	1	171	364	534	4.3799999999999995e-74	272.0
EL240_RS15665	65	97.436	897	23	0	1	897	1452	2348	0.0	1530.0
EL240_RS15675	57	97.802	273	6	0	1	273	3581	3309	6.709999999999999e-134	472.0
EL240_RS15680	57	96.412	864	31	0	1	864	3307	2444	0.0	1424.0
EL240_RS15700	65	100.0	738	0	0	1	738	182	919	0.0	1363.0
EL240_RS15715	57	99.686	318	1	0	1	318	2003	1686	3.4999999999999984e-167	582.0
EL240_RS15820	49	96.25	240	9	0	1	240	2702	2941	1.2999999999999997e-110	394.0
EL240_RS15855	7	99.89299999999999	933	1	0	1	933	23944	24876	0.0	1718.0
EL240_RS15860	7	97.436	117	3	0	1	117	25121	25237	1.3499999999999999e-52	200.0
EL240_RS15875	7	100.0	354	0	0	1	354	27875	27522	0.0	654.0
EL240_RS15905	2	97.50399999999999	681	17	0	1	681	160170	160850	0.0	1164.0
EL240_RS15920	2	98.238	681	12	0	1	681	160170	160850	0.0	1192.0
EL240_RS15930	16	97.249	618	17	0	1	618	44889	45506	0.0	1048.0
EL240_RS15935	16	99.667	300	1	0	1	300	45547	45846	3.3399999999999986e-157	549.0
EL240_RS15965	2	99.559	681	3	0	1	681	160170	160850	0.0	1242.0
EL240_RS15990	2	98.385	681	11	0	1	681	160170	160850	0.0	1197.0
EL240_RS15995	65	99.458	738	4	0	1	738	182	919	0.0	1341.0
FOV01_RS13340	16	98.667	375	5	0	1	375	11541	11915	0.0	665.0
FOV01_RS13345	3	95.77	3901	163	2	1	3900	98788	94889	0.0	6288.0
FOV01_RS13355	12	95.39200000000001	1085	50	0	1	1085	73023	74107	0.0	1742.0
FOV01_RS13365	12	96.405	306	11	0	1	306	71116	71421	7.479999999999998e-144	505.0
FOV01_RS13370	16	99.535	215	1	0	1	215	54836	55050	4.2499999999999996e-110	392.0
FOV01_RS13380	16	98.07700000000001	312	6	0	1	312	54029	54340	1.6199999999999996e-155	544.0
FOV01_RS13380	16	96.795	312	10	0	1	312	7871	8182	7.589999999999998e-149	521.0
FOV01_RS13390	61	99.29799999999999	570	4	0	1	570	2102	1533	0.0	1031.0
FOV01_RS13395	61	99.383	486	3	0	1	486	2617	2132	0.0	881.0
FOV01_RS13405	67	98.913	276	3	0	1	276	1712	1987	1.4499999999999998e-140	494.0
FOV01_RS13410	67	98.647	1035	14	0	1	1035	688	1722	0.0	1834.0
FOV01_RS13415	67	99.365	315	2	0	1	315	381	695	7.509999999999998e-164	571.0
FOV01_RS13430	64	100.0	141	0	0	6	146	397	257	7.909999999999998e-71	261.0
FOV01_RS13435	64	98.6	1143	15	1	1	1142	1528	386	0.0	2021.0
FOV01_RS13440	64	98.01899999999999	858	8	1	1	849	2411	1554	0.0	1482.0
FOV01_RS13450	73	98.851	261	3	0	1	261	1323	1583	2.969999999999999e-132	466.0
FOV01_RS13460	12	97.47200000000001	356	9	0	1	356	562	917	6.539999999999999e-175	608.0
FOV01_RS13460	73	96.639	357	12	0	1	357	413	769	1.8299999999999996e-170	593.0
FOV01_RS13510	12	97.595	291	7	0	1	291	62514	62804	3.3699999999999986e-142	499.0
FOV01_RS13550	48	97.546	489	12	0	1	489	4022	3534	0.0	837.0
FOV01_RS13555	48	98.728	786	10	0	1	786	4813	4028	0.0	1397.0
FOV01_RS13585	61	99.461	557	3	0	1	557	633	1189	0.0	1013.0
FOV01_RS13595	2	98.385	681	11	0	1	681	160170	160850	0.0	1197.0
FOV01_RS13640	24	99.398	1163	7	0	1	1163	9657	10819	0.0	2109.0
FOV01_RS13665	2	98.385	681	11	0	1	681	160170	160850	0.0	1197.0
FOV01_RS13670	2	100.0	186	0	0	1	186	160170	160355	1.0099999999999998e-95	344.0
FOV01_RS13675	2	100.0	105	0	0	1	105	160170	160274	5.55e-51	195.0
FOV01_RS13700	66	100.0	795	0	0	1	795	231	1025	0.0	1469.0
FOV01_RS13720	2	98.385	681	11	0	1	681	160170	160850	0.0	1197.0
FOV01_RS13760	12	97.595	291	7	0	1	291	62514	62804	3.3699999999999986e-142	499.0
FOV01_RS13765	12	100.0	111	0	0	1	111	62164	62274	2.74e-54	206.0
FOV01_RS13775	12	96.866	351	11	0	1	351	61563	61913	8.359999999999997e-169	588.0
FOV01_RS13780	12	98.646	1329	18	0	1	1329	60238	61566	0.0	2355.0
FOV01_RS13795	16	99.333	300	2	0	1	300	45547	45846	1.5499999999999994e-155	544.0
FOV01_RS13800	16	99.191	618	5	0	1	618	44889	45506	0.0	1114.0
HTG14_RS00030	2	98.53399999999999	682	9	1	1	682	160170	160850	0.0	1203.0
HTG14_RS00040	57	100.0	273	0	0	1	273	3581	3309	6.619999999999998e-144	505.0
HTG14_RS00065	50	98.462	260	4	0	2	261	5820	6079	4.979999999999998e-130	459.0
HTG14_RS00065	65	95.01899999999999	261	13	0	1	261	1089	1349	1.4099999999999997e-115	411.0
HTG14_RS00070	65	99.458	738	4	0	1	738	182	919	0.0	1341.0
HTG14_RS00085	66	100.0	795	0	0	1	795	231	1025	0.0	1469.0
HTG14_RS00095	24	99.484	1163	6	0	1	1163	9657	10819	0.0	2115.0
HTG14_RS00140	65	97.87200000000001	141	3	0	1	141	1065	1205	7.649999999999999e-66	244.0
HTG14_RS00145	65	99.458	738	4	0	1	738	182	919	0.0	1341.0
HTG14_RS00160	2	98.678	681	9	0	1	681	160170	160850	0.0	1208.0
HTG14_RS00180	24	99.484	1163	6	0	1	1163	9657	10819	0.0	2115.0
HTG24_RS00005	16	99.065	321	0	1	1	321	53618	53935	2.1299999999999993e-164	573.0
HTG24_RS00045	12	96.90700000000001	291	9	0	1	291	62514	62804	7.299999999999999e-139	488.0
HTG24_RS00050	12	100.0	111	0	0	1	111	62164	62274	2.74e-54	206.0
HTG24_RS00055	12	96.866	351	11	0	1	351	61563	61913	8.359999999999997e-169	588.0
HTG24_RS00060	12	98.57	1329	19	0	1	1329	60238	61566	0.0	2350.0
HTG24_RS00070	16	99.78200000000001	459	1	0	1	459	47845	47387	0.0	843.0
HTG24_RS00075	16	95.527	313	7	2	1	306	47394	47082	1.6199999999999997e-140	494.0
HTG24_RS00080	16	98.40700000000001	816	13	0	1	816	46123	46938	0.0	1435.0
HTG24_RS00085	16	99.333	300	2	0	1	300	45547	45846	1.5499999999999994e-155	544.0
HTG24_RS00090	16	96.764	618	20	0	1	618	44889	45506	0.0	1031.0
HTG24_RS00095	16	99.115	339	3	0	1	339	44346	44684	1.7199999999999992e-175	610.0
HTG24_RS00100	16	98.837	258	3	0	1	258	44092	44349	1.3699999999999996e-130	460.0
HTG24_RS00105	16	96.92299999999999	195	6	0	1	195	43675	43869	1.0699999999999998e-90	327.0
HTG24_RS00295	3	96.436	3900	139	0	1	3900	98788	94889	0.0	6433.0
HTG24_RS00300	3	98.113	159	3	0	1	159	99417	99259	8.659999999999999e-76	278.0
HTG24_RS00300	16	98.101	158	3	0	2	159	57693	57850	3.119999999999999e-75	276.0
HTG24_RS00315	16	95.62299999999999	297	13	0	1	297	54836	55132	1.6299999999999996e-135	477.0
HTG24_RS00320	16	99.61200000000001	258	1	0	1	258	54618	54361	6.309999999999998e-134	472.0
HTG24_RS00320	16	98.837	258	3	0	1	258	8460	8203	1.3699999999999996e-130	460.0
HTG24_RS00325	16	98.397	312	5	0	1	312	54029	54340	3.479999999999999e-157	549.0
HTG24_RS00325	16	97.115	312	9	0	1	312	7871	8182	1.6299999999999995e-150	527.0
HTG28_RS00030	2	98.53399999999999	682	9	1	1	682	160170	160850	0.0	1203.0
HTG28_RS00040	57	100.0	273	0	0	1	273	3581	3309	6.619999999999998e-144	505.0
HTG28_RS00065	50	98.462	260	4	0	2	261	5820	6079	4.979999999999998e-130	459.0
HTG28_RS00065	65	95.01899999999999	261	13	0	1	261	1089	1349	1.4099999999999997e-115	411.0
HTG28_RS00070	65	99.458	738	4	0	1	738	182	919	0.0	1341.0
HTG28_RS00085	66	100.0	795	0	0	1	795	231	1025	0.0	1469.0
HTG28_RS00095	24	99.484	1163	6	0	1	1163	9657	10819	0.0	2115.0
HTG28_RS00140	65	97.87200000000001	141	3	0	1	141	1065	1205	7.649999999999999e-66	244.0
HTG28_RS00145	65	99.458	738	4	0	1	738	182	919	0.0	1341.0
HTG28_RS00160	2	98.678	681	9	0	1	681	160170	160850	0.0	1208.0
HTG28_RS00180	24	99.484	1163	6	0	1	1163	9657	10819	0.0	2115.0
HTG27_RS00030	2	98.53399999999999	682	9	1	1	682	160170	160850	0.0	1203.0
HTG27_RS00040	57	100.0	273	0	0	1	273	3581	3309	6.619999999999998e-144	505.0
HTG27_RS00065	50	98.462	260	4	0	2	261	5820	6079	4.979999999999998e-130	459.0
HTG27_RS00065	65	95.01899999999999	261	13	0	1	261	1089	1349	1.4099999999999997e-115	411.0
HTG27_RS00070	65	99.458	738	4	0	1	738	182	919	0.0	1341.0
HTG27_RS00085	66	100.0	795	0	0	1	795	231	1025	0.0	1469.0
HTG27_RS00095	24	99.484	1163	6	0	1	1163	9657	10819	0.0	2115.0
HTG27_RS00140	65	97.87200000000001	141	3	0	1	141	1065	1205	7.649999999999999e-66	244.0
HTG27_RS00145	65	99.458	738	4	0	1	738	182	919	0.0	1341.0
HTG27_RS00160	2	98.678	681	9	0	1	681	160170	160850	0.0	1208.0
HTG27_RS00180	24	99.484	1163	6	0	1	1163	9657	10819	0.0	2115.0
HTG21_RS00030	2	98.53399999999999	682	9	1	1	682	160170	160850	0.0	1203.0
HTG21_RS00040	57	100.0	273	0	0	1	273	3581	3309	6.619999999999998e-144	505.0
HTG21_RS00065	50	98.462	260	4	0	2	261	5820	6079	4.979999999999998e-130	459.0
HTG21_RS00065	65	95.01899999999999	261	13	0	1	261	1089	1349	1.4099999999999997e-115	411.0
HTG21_RS00070	65	99.458	738	4	0	1	738	182	919	0.0	1341.0
HTG21_RS00085	66	100.0	795	0	0	1	795	231	1025	0.0	1469.0
HTG21_RS00095	24	99.484	1163	6	0	1	1163	9657	10819	0.0	2115.0
HTG21_RS00140	65	97.87200000000001	141	3	0	1	141	1065	1205	7.649999999999999e-66	244.0
HTG21_RS00145	65	99.458	738	4	0	1	738	182	919	0.0	1341.0
HTG21_RS00155	2	98.678	681	9	0	1	681	160170	160850	0.0	1208.0
HTG21_RS00175	24	99.484	1163	6	0	1	1163	9657	10819	0.0	2115.0
HTG44_RS00030	2	98.387	682	10	1	1	682	160170	160850	0.0	1197.0
HTG44_RS00040	57	100.0	273	0	0	1	273	3581	3309	6.619999999999998e-144	505.0
HTG44_RS00065	50	98.462	260	4	0	2	261	5820	6079	4.979999999999998e-130	459.0
HTG44_RS00065	65	95.01899999999999	261	13	0	1	261	1089	1349	1.4099999999999997e-115	411.0
HTG44_RS00070	65	99.458	738	4	0	1	738	182	919	0.0	1341.0
HTG44_RS00085	66	100.0	795	0	0	1	795	231	1025	0.0	1469.0
HTG44_RS00095	24	99.484	1163	6	0	1	1163	9657	10819	0.0	2115.0
HTG44_RS00140	65	97.87200000000001	141	3	0	1	141	1065	1205	7.649999999999999e-66	244.0
HTG44_RS00145	65	99.458	738	4	0	1	738	182	919	0.0	1341.0
HTG44_RS00160	2	98.53200000000001	681	10	0	1	681	160170	160850	0.0	1203.0
HTG44_RS00180	24	99.484	1163	6	0	1	1163	9657	10819	0.0	2115.0
HTK17_RS00010	57	99.057	318	3	0	1	318	2003	1686	7.579999999999998e-164	571.0
HTK17_RS00020	2	99.706	681	2	0	1	681	160170	160850	0.0	1247.0
HTK17_RS00040	66	100.0	795	0	0	1	795	231	1025	0.0	1469.0
HTK17_RS00050	66	100.0	270	0	0	1	270	1790	2059	3.0399999999999995e-142	499.0
HTK17_RS00055	2	99.706	681	2	0	1	681	160170	160850	0.0	1247.0
HTK17_RS00080	2	98.238	681	12	0	1	681	160170	160850	0.0	1192.0
HTK17_RS00095	2	98.825	681	8	0	1	681	160170	160850	0.0	1214.0
HTK17_RS00145	2	98.385	681	11	0	1	681	160170	160850	0.0	1197.0
HTK17_RS00160	2	98.53200000000001	681	10	0	1	681	160170	160850	0.0	1203.0
HTK17_RS00390	2	98.385	681	11	0	1	681	160170	160850	0.0	1197.0
HTK17_RS00400	7	99.501	1002	5	0	1	1002	22946	23947	0.0	1823.0
HTK17_RS00405	7	99.786	933	2	0	1	933	23944	24876	0.0	1712.0
HTK17_RS00410	7	99.145	117	1	0	1	117	25121	25237	6.22e-56	211.0
HTK17_RS00415	7	96.458	1920	68	0	1	1920	25253	27172	0.0	3169.0
HTK17_RS00455	16	98.09700000000001	1629	29	1	1	1627	50349	51977	0.0	2835.0
HTK17_RS00490	65	99.59299999999999	738	3	0	1	738	182	919	0.0	1347.0
HTK17_RS00495	50	98.462	260	4	0	2	261	5820	6079	4.979999999999998e-130	459.0
HTK17_RS00495	65	95.01899999999999	261	13	0	1	261	1089	1349	1.4099999999999997e-115	411.0
HTK17_RS00500	65	97.882	897	19	0	1	897	1452	2348	0.0	1552.0
HTL21_RS00025	2	98.385	681	11	0	1	681	160170	160850	0.0	1197.0
HTL21_RS00060	2	98.385	681	11	0	1	681	160170	160850	0.0	1197.0
HTL21_RS00085	7	96.406	1920	69	0	1	1920	25253	27172	0.0	3164.0
HTL21_RS00090	7	99.145	117	1	0	1	117	25121	25237	6.22e-56	211.0
HTL21_RS00095	7	99.786	933	2	0	1	933	23944	24876	0.0	1712.0
HTL21_RS00100	7	99.501	1002	5	0	1	1002	22946	23947	0.0	1823.0
HTL21_RS00110	2	98.385	681	11	0	1	681	160170	160850	0.0	1197.0
HTL21_RS00140	2	98.238	681	12	0	1	681	160170	160850	0.0	1192.0
HTL21_RS00205	2	98.385	681	11	0	1	681	160170	160850	0.0	1197.0
HTL02_RS00005	2	98.385	681	11	0	1	681	160170	160850	0.0	1197.0
HTL02_RS00035	2	98.238	681	12	0	1	681	160170	160850	0.0	1192.0
HTL02_RS00100	2	98.385	681	11	0	1	681	160170	160850	0.0	1197.0
HTL02_RS00135	2	98.385	681	11	0	1	681	160170	160850	0.0	1197.0
HTL02_RS00160	7	96.406	1920	69	0	1	1920	25253	27172	0.0	3164.0
HTL02_RS00165	7	99.145	117	1	0	1	117	25121	25237	6.22e-56	211.0
HTL02_RS00170	7	99.786	933	2	0	1	933	23944	24876	0.0	1712.0
HTL02_RS00175	7	99.501	1002	5	0	1	1002	22946	23947	0.0	1823.0
HTL57_RS00305	12	98.316	594	10	0	1	594	55191	55784	0.0	1042.0
HTL57_RS00310	12	99.02	1428	14	0	1	1428	55762	57189	0.0	2560.0
HTL57_RS00315	12	97.637	804	19	0	1	804	57182	57985	0.0	1380.0
HTM13_RS00010	2	99.709	687	2	0	1	687	160164	160850	0.0	1258.0
HTM13_RS00030	12	96.949	295	9	0	1	295	62514	62808	4.359999999999999e-141	496.0
HTM13_RS00035	12	98.084	783	15	0	1	783	63064	63846	0.0	1363.0
HTM13_RS00040	12	98.039	357	7	0	1	357	63839	64195	8.399999999999997e-179	621.0
HTM13_RS00055	16	98.09700000000001	1629	29	1	1	1627	50349	51977	0.0	2835.0
HTM13_RS00085	7	96.406	1920	69	0	1	1920	25253	27172	0.0	3164.0
HTM13_RS00090	7	96.581	117	3	1	1	116	25121	25237	2.2299999999999997e-50	193.0
HTM13_RS00095	7	99.786	933	2	0	1	933	23944	24876	0.0	1712.0
HTM13_RS00100	7	99.501	1002	5	0	1	1002	22946	23947	0.0	1823.0
HTM13_RS00110	7	99.913	1146	1	0	1	1146	19624	20769	0.0	2111.0
HTQ42_RS00095	12	98.37	552	9	0	1	552	26696	26145	0.0	970.0
HTQ42_RS00100	12	100.0	192	0	0	1	192	26911	26720	4.809999999999999e-99	355.0
HTQ42_RS00105	12	98.925	186	2	0	1	186	27081	26896	2.1799999999999998e-92	333.0
HTQ42_RS00115	12	99.50200000000001	201	1	0	1	201	27377	27577	2.3399999999999995e-102	366.0
HTQ42_RS00120	12	100.0	231	0	0	1	231	27909	27679	1.2299999999999999e-120	427.0
HTQ42_RS00125	12	98.99	495	5	0	1	495	27964	28458	0.0	887.0
HTQ42_RS00130	12	99.117	453	4	0	1	453	28524	28976	0.0	815.0
HTQ42_RS00135	12	98.684	152	2	0	1	152	28990	29141	1.3899999999999999e-73	270.0
HTQ42_RS00145	33	97.67399999999999	301	7	0	9	309	16005	15705	9.709999999999999e-148	518.0
HTQ42_RS00195	12	99.512	1638	8	0	1	1638	65621	67258	0.0	2981.0
HTQ42_RS00200	12	98.355	1155	19	0	1	1155	67269	68423	0.0	2028.0
HTQ42_RS00205	12	100.0	954	0	0	1	954	69409	68456	0.0	1762.0
HTQ42_RS00220	12	96.667	270	9	0	1	270	71116	71385	3.1099999999999994e-127	449.0
HTQ42_RS00225	12	98.46600000000001	2673	41	0	1	2673	71432	74104	0.0	4710.0
HTQ42_RS00230	12	99.70200000000001	336	1	0	1	336	74865	75200	3.659999999999999e-177	616.0
HTQ42_RS00240	73	95.035	141	7	0	1	141	211	351	3.579999999999999e-59	222.0
HTQ42_RS00240	12	95.035	141	7	0	1	141	361	501	3.579999999999999e-59	222.0
HTQ42_RS00245	12	97.721	351	8	0	1	351	562	912	8.459999999999997e-174	604.0
HTQ42_RS00245	73	96.639	357	12	0	1	357	413	769	1.8299999999999996e-170	593.0
HTV08_RS00030	2	98.238	681	12	0	1	681	160170	160850	0.0	1192.0
HTV08_RS00040	2	98.825	681	8	0	1	681	160170	160850	0.0	1214.0
HTW12_RS00005	2	98.385	681	11	0	1	681	160170	160850	0.0	1197.0
HTW12_RS00035	65	99.86399999999999	738	1	0	1	738	182	919	0.0	1358.0
HTW12_RS00040	2	98.385	681	11	0	1	681	160170	160850	0.0	1197.0
HTW12_RS00125	65	97.882	897	19	0	1	897	1452	2348	0.0	1552.0
HTW12_RS00130	50	98.462	260	4	0	2	261	5820	6079	4.979999999999998e-130	459.0
HTW12_RS00130	65	95.01899999999999	261	13	0	1	261	1089	1349	1.4099999999999997e-115	411.0
HTW12_RS00135	65	100.0	738	0	0	1	738	182	919	0.0	1363.0
HTW12_RS00180	65	97.87200000000001	141	3	0	1	141	1065	1205	7.649999999999999e-66	244.0
HTW12_RS00185	65	99.729	738	2	0	1	738	182	919	0.0	1352.0
HTW12_RS00205	50	100.0	618	0	0	1	618	548	1165	0.0	1142.0
HTW12_RS00210	50	98.24600000000001	171	3	0	1	171	364	534	2.0099999999999998e-82	300.0
HTW12_RS00215	2	98.238	681	11	1	1	680	160170	160850	0.0	1190.0
HTW12_RS00305	2	98.825	681	8	0	1	681	160170	160850	0.0	1214.0
HTW12_RS00315	2	98.238	681	12	0	1	681	160170	160850	0.0	1192.0
HTW12_RS00355	41	100.0	185	0	0	1	185	3679	3863	3.599999999999999e-95	342.0
HTW12_RS00360	41	99.581	477	2	0	1	477	4558	4082	0.0	870.0
HTW12_RS00385	48	95.29700000000001	489	23	0	1	489	4022	3534	0.0	776.0
HTW12_RS00390	48	100.0	786	0	0	1	786	4813	4028	0.0	1452.0
HTW12_RS00415	71	100.0	459	0	0	1	459	646	1104	0.0	848.0
HTW12_RS00420	71	99.79299999999999	483	1	0	1	483	69	551	0.0	887.0
HTW12_RS00430	67	99.63799999999999	276	1	0	1	276	1712	1987	6.699999999999999e-144	505.0
HTW12_RS00435	67	99.227	1035	8	0	1	1035	688	1722	0.0	1868.0
HTW12_RS00440	67	100.0	315	0	0	1	315	381	695	3.469999999999999e-167	582.0
HTW12_RS00455	64	98.821	1272	15	0	1	1272	1528	257	0.0	2266.0
HTW12_RS00460	64	97.20299999999999	858	6	1	1	840	2411	1554	0.0	1435.0
HTW12_RS00470	73	100.0	261	0	0	1	261	1323	1583	2.949999999999999e-137	483.0
HTW12_RS00475	73	98.44200000000001	385	6	0	1	385	791	1175	0.0	678.0
HTW12_RS00480	12	97.75299999999999	356	8	0	1	356	562	917	1.4099999999999996e-176	614.0
HTW12_RS00480	73	97.479	357	9	0	1	357	413	769	1.8199999999999995e-175	610.0
HTW12_RS00490	12	99.70200000000001	336	1	0	1	336	74865	75200	3.659999999999999e-177	616.0
HTW12_RS00495	12	97.795	2676	59	0	1	2676	71432	74107	0.0	4615.0
HTW12_RS00500	12	98.039	306	6	0	1	306	71116	71421	3.4299999999999995e-152	532.0
HTW12_RS00545	12	100.0	111	0	0	1	111	62164	62274	2.74e-54	206.0
HTW12_RS00605	2	98.385	681	11	0	1	681	160170	160850	0.0	1197.0
HTW12_RS00650	57	99.057	318	3	0	1	318	2003	1686	7.579999999999998e-164	571.0
HTX01_RS00010	2	98.385	681	11	0	1	681	160170	160850	0.0	1197.0
HTX01_RS00030	2	98.385	681	11	0	1	681	160170	160850	0.0	1197.0
HTX01_RS00070	2	98.238	681	12	0	1	681	160170	160850	0.0	1192.0
HTX01_RS00080	2	98.238	681	12	0	1	681	160170	160850	0.0	1192.0
HTX01_RS00095	2	98.825	681	8	0	1	681	160170	160850	0.0	1214.0
HTX01_RS00130	2	98.09100000000001	681	10	3	1	678	160170	160850	0.0	1182.0
HTX01_RS00135	7	100.0	714	0	0	1	714	23234	23947	0.0	1319.0
HTX01_RS00140	7	99.786	933	2	0	1	933	23944	24876	0.0	1712.0
HTX01_RS00145	7	99.145	117	1	0	1	117	25121	25237	6.22e-56	211.0
HTX01_RS00150	7	96.458	1920	68	0	1	1920	25253	27172	0.0	3169.0
HTX01_RS00175	2	98.238	681	10	2	1	679	160170	160850	0.0	1190.0
HTX46_RS00005	12	95.161	620	30	0	1	620	58085	58704	0.0	979.0
HTX46_RS00035	12	100.0	111	0	0	1	111	62164	62274	2.74e-54	206.0
HTX46_RS00040	12	96.939	294	9	0	1	294	62514	62807	1.5899999999999997e-140	494.0
HTX46_RS00080	12	98.039	306	6	0	1	306	71116	71421	3.4299999999999995e-152	532.0
HTX46_RS00085	12	97.795	2676	59	0	1	2676	71432	74107	0.0	4615.0
HTX46_RS00090	12	99.70200000000001	336	1	0	1	336	74865	75200	3.659999999999999e-177	616.0
HTX46_RS00100	12	97.75299999999999	356	8	0	1	356	562	917	1.4099999999999996e-176	614.0
HTX46_RS00100	73	97.479	357	9	0	1	357	413	769	1.8199999999999995e-175	610.0
HTX46_RS00105	73	98.44200000000001	385	6	0	1	385	791	1175	0.0	678.0
HTX46_RS00110	73	100.0	261	0	0	1	261	1323	1583	2.949999999999999e-137	483.0
HTX46_RS00120	64	97.20299999999999	858	6	1	1	840	2411	1554	0.0	1435.0
HTX46_RS00125	64	98.821	1272	15	0	1	1272	1528	257	0.0	2266.0
HTX46_RS00140	67	100.0	315	0	0	1	315	381	695	3.469999999999999e-167	582.0
HTX46_RS00145	67	99.227	1035	8	0	1	1035	688	1722	0.0	1868.0
HTX46_RS00150	67	99.275	276	2	0	1	276	1712	1987	3.1199999999999993e-142	499.0
HTX46_RS00160	71	99.79299999999999	483	1	0	1	483	69	551	0.0	887.0
HTX46_RS00165	71	99.78200000000001	459	1	0	1	459	646	1104	0.0	843.0
HTX46_RS00190	48	100.0	786	0	0	1	786	4813	4028	0.0	1452.0
HTX46_RS00195	48	95.29700000000001	489	23	0	1	489	4022	3534	0.0	776.0
HTX46_RS00220	41	99.581	477	2	0	1	477	4558	4082	0.0	870.0
HTX46_RS00225	41	100.0	185	0	0	1	185	3679	3863	3.599999999999999e-95	342.0
HTX46_RS00295	2	98.385	681	11	0	1	681	160170	160850	0.0	1197.0
A6B47_RS14290	12	96.919	357	11	0	1	357	70178	70534	3.929999999999999e-172	599.0
A6B47_RS14480	12	96.273	322	9	3	1	320	29750	30070	6.029999999999998e-150	525.0
A6B47_RS14490	12	95.935	246	10	0	1	246	30178	30423	2.8699999999999997e-112	399.0
A6B47_RS14630	2	96.42200000000001	1034	25	1	2	1023	150353	149320	0.0	1694.0
A6B47_RS14645	33	95.833	192	8	0	1	192	3282	3091	1.0599999999999998e-85	311.0
A6B47_RS14655	1	96.0	150	6	0	1	150	73603	73752	8.219999999999998e-66	244.0
A6B47_RS14690	1	95.76299999999999	118	5	0	1	118	72991	73108	8.350000000000001e-50	191.0
A6B47_RS14970	12	100.0	1008	0	0	1	1008	64455	65462	0.0	1862.0
A6B47_RS14975	12	99.939	1639	0	1	1	1639	65621	67258	0.0	3020.0
A6B47_RS14980	12	100.0	1155	0	0	1	1155	67269	68423	0.0	2134.0
A6B47_RS14985	12	100.0	954	0	0	1	954	69409	68456	0.0	1762.0
A6B47_RS14990	12	100.0	357	0	0	1	357	70178	70534	0.0	660.0
A6B47_RS14995	12	100.0	306	0	0	1	306	71116	71421	3.379999999999999e-162	566.0
A6B47_RS15000	12	98.46600000000001	2673	41	0	1	2673	71432	74104	0.0	4710.0
A6B47_RS15010	73	98.88	357	1	1	1	354	413	769	0.0	634.0
A6B47_RS15010	12	95.506	356	13	1	1	353	562	917	3.9599999999999993e-162	566.0
A6B47_RS15020	73	100.0	261	0	0	1	261	1323	1583	2.949999999999999e-137	483.0
A6B47_RS15030	64	99.65	858	3	0	1	858	2411	1554	0.0	1568.0
A6B47_RS15035	64	98.664	1272	17	0	1	1272	1528	257	0.0	2255.0
A6B47_RS15050	67	100.0	315	0	0	1	315	381	695	3.469999999999999e-167	582.0
A6B47_RS15055	67	99.13	1035	9	0	1	1035	688	1722	0.0	1862.0
A6B47_RS15060	67	99.63799999999999	276	1	0	1	276	1712	1987	6.699999999999999e-144	505.0
A6B47_RS15070	71	99.79299999999999	483	1	0	1	483	69	551	0.0	887.0
A6B47_RS15075	71	100.0	459	0	0	1	459	646	1104	0.0	848.0
A6B47_RS15110	48	99.59100000000001	489	2	0	1	489	4022	3534	0.0	893.0
A6B47_RS15115	48	98.50200000000001	267	4	0	1	267	2942	2676	6.549999999999999e-134	472.0
A6B47_RS15120	48	98.37100000000001	491	8	0	1	491	2643	2153	0.0	863.0
A6B47_RS15125	48	99.52	417	2	0	1	417	1806	1390	0.0	760.0
A6B47_RS15140	48	99.24799999999999	266	2	0	2	267	670	405	1.0899999999999997e-136	481.0
A6B47_RS15145	48	99.63799999999999	276	1	0	1	276	412	137	6.699999999999999e-144	505.0
A6B47_RS15195	16	98.59200000000001	213	3	0	1	213	34198	34410	1.1499999999999997e-105	377.0
A6B47_RS15200	16	95.85700000000001	1038	43	0	1	1038	34448	35485	0.0	1679.0
A6B47_RS15215	12	96.165	339	13	0	1	339	38958	39296	8.179999999999997e-159	555.0
A6B47_RS15245	12	95.541	314	14	0	2	315	58696	59009	2.7799999999999994e-143	503.0
A6B47_RS15250	12	98.22200000000001	225	4	0	1	225	59003	59227	1.2199999999999996e-110	394.0
A6B47_RS15255	12	98.095	210	4	0	1	210	59288	59497	2.4599999999999993e-102	366.0
A6B47_RS15260	12	96.37	303	11	0	1	303	59509	59811	3.449999999999999e-142	499.0
A6B47_RS15265	12	98.42299999999999	1332	18	2	1	1332	60238	61566	0.0	2340.0
A6B47_RS15270	12	100.0	351	0	0	1	351	61563	61913	0.0	649.0
A6B47_RS15280	12	100.0	111	0	0	1	111	62164	62274	2.74e-54	206.0
A6B47_RS15285	12	99.663	297	1	0	1	297	62514	62810	1.5399999999999995e-155	544.0
A6B47_RS15290	12	100.0	783	0	0	1	783	63064	63846	0.0	1447.0
A6B47_RS15295	12	100.0	357	0	0	1	357	63839	64195	0.0	660.0
DTO64_RS15960	65	99.729	738	2	0	1	738	182	919	0.0	1352.0
DTO64_RS15970	50	98.462	260	4	0	2	261	5820	6079	4.979999999999998e-130	459.0
DTO64_RS15970	65	95.01899999999999	261	13	0	1	261	1089	1349	1.4099999999999997e-115	411.0
DTO64_RS16005	66	100.0	795	0	0	1	795	231	1025	0.0	1469.0
DTO64_RS16025	65	96.321	897	33	0	1	897	1452	2348	0.0	1474.0
DTO64_RS16045	2	98.238	681	12	0	1	681	160170	160850	0.0	1192.0
DTO64_RS16065	12	99.72	357	1	0	1	357	63839	64195	0.0	654.0
DTO64_RS16070	12	99.48899999999999	783	4	0	1	783	63064	63846	0.0	1424.0
DTO64_RS16150	52	100.0	87	0	0	1	87	1700	1786	4.45e-41	161.0
DTO64_RS16160	52	98.507	201	3	0	1	201	2506	2306	5.069999999999998e-99	355.0
DTO64_RS16165	52	96.198	1762	66	1	1	1761	4356	2595	0.0	2881.0
DTO64_RS16200	67	99.365	315	2	0	1	315	381	695	7.509999999999998e-164	571.0
DTO64_RS16205	67	98.93700000000001	1035	11	0	1	1035	688	1722	0.0	1851.0
DTO64_RS16210	67	99.63799999999999	276	1	0	1	276	1712	1987	6.699999999999999e-144	505.0
DTO64_RS16220	71	99.79299999999999	483	1	0	1	483	69	551	0.0	887.0
DTO64_RS16225	71	99.78200000000001	459	1	0	1	459	646	1104	0.0	843.0
DTO64_RS16245	82	99.359	312	2	0	7	318	1	312	3.529999999999999e-162	566.0
DTO64_RS16265	48	98.773	489	6	0	1	489	4022	3534	0.0	870.0
DTO64_RS16275	48	98.876	267	3	0	1	267	2942	2676	1.4099999999999997e-135	477.0
DTO64_RS16280	48	98.167	491	9	0	1	491	2643	2153	0.0	857.0
DTO64_RS16285	48	99.281	417	3	0	1	417	1806	1390	0.0	754.0
DTO64_RS16290	48	96.23899999999999	585	22	0	1	585	1366	782	0.0	959.0
DTO64_RS16295	48	100.0	267	0	0	1	267	671	405	1.3999999999999994e-140	494.0
DTO64_RS16300	48	98.551	276	4	0	1	276	412	137	6.74e-139	488.0
DTO64_RS17020	50	98.24600000000001	171	3	0	1	171	364	534	2.0099999999999998e-82	300.0
DTO64_RS16415	2	98.238	681	12	0	1	681	160170	160850	0.0	1192.0
DTO64_RS16440	16	97.249	618	17	0	1	618	44889	45506	0.0	1048.0
DTO64_RS16445	16	99.667	300	1	0	1	300	45547	45846	3.3399999999999986e-157	549.0
DTO64_RS16505	12	100.0	621	0	0	1	621	58085	58705	0.0	1147.0
DTO64_RS16510	12	100.0	288	0	0	1	288	58722	59009	3.2199999999999996e-152	532.0
DTO64_RS16515	12	100.0	225	0	0	1	225	59003	59227	2.5899999999999992e-117	416.0
DTO64_RS16520	12	100.0	210	0	0	1	210	59288	59497	5.239999999999999e-109	388.0
DTO64_RS16525	12	100.0	303	0	0	1	303	59509	59811	1.5599999999999996e-160	560.0
DTO64_RS16530	12	100.0	414	0	0	1	414	60238	60651	0.0	765.0
DTO64_RS16545	12	98.478	920	14	0	2	921	60647	61566	0.0	1622.0
DTO64_RS16550	12	97.721	351	8	0	1	351	61563	61913	8.309999999999997e-174	604.0
DTO64_RS16560	12	98.198	111	2	0	1	111	62164	62274	5.939999999999999e-51	195.0
DTO64_RS16620	12	98.43799999999999	320	5	0	1	320	70178	70497	1.3499999999999998e-161	564.0
DTO64_RS16635	12	95.96	297	12	0	1	297	71116	71412	3.5099999999999995e-137	483.0
DTO64_RS16640	12	97.23700000000001	579	16	0	1	579	71432	72010	0.0	981.0
DTO64_RS16640	3	96.37299999999999	579	21	0	1	579	101964	101386	0.0	953.0
DTO64_RS16640	16	96.02799999999999	579	23	0	1	579	55151	55729	0.0	942.0
DTO64_RS16645	2	98.385	681	11	0	1	681	160170	160850	0.0	1197.0
DTO64_RS16665	12	100.0	336	0	0	1	336	74865	75200	7.869999999999997e-179	621.0
DTO64_RS16675	73	98.319	357	3	1	1	354	413	769	2.3099999999999992e-179	623.0
DTO64_RS16675	12	96.62899999999999	356	9	1	1	353	562	917	8.439999999999999e-169	588.0
DTO64_RS16680	73	100.0	385	0	0	1	385	791	1175	0.0	712.0
DTO64_RS16685	73	99.617	261	1	0	1	261	1323	1583	1.3699999999999996e-135	477.0
DTO64_RS16695	64	98.95100000000001	858	9	0	1	858	2411	1554	0.0	1535.0
DTO64_RS16700	64	99.37100000000001	1272	8	0	1	1272	1528	257	0.0	2305.0
DTO64_RS16715	67	99.365	315	2	0	1	315	381	695	7.509999999999998e-164	571.0
DTO64_RS16720	67	98.93700000000001	1035	11	0	1	1035	688	1722	0.0	1851.0
DTO64_RS16725	67	99.63799999999999	276	1	0	1	276	1712	1987	6.699999999999999e-144	505.0
DTO64_RS16735	71	99.564	459	2	0	1	459	646	1104	0.0	837.0
DTO64_RS16760	2	98.385	681	11	0	1	681	160170	160850	0.0	1197.0
DTO64_RS16770	2	98.385	681	11	0	1	681	160170	160850	0.0	1197.0
DTO64_RS16800	2	98.385	681	11	0	1	681	160170	160850	0.0	1197.0
GKQ57_RS13950	12	100.0	1008	0	0	1	1008	64455	65462	0.0	1862.0
GKQ57_RS13955	12	100.0	1638	0	0	1	1638	65621	67258	0.0	3025.0
GKQ57_RS13960	12	100.0	1155	0	0	1	1155	67269	68423	0.0	2134.0
GKQ57_RS13965	12	100.0	954	0	0	1	954	69409	68456	0.0	1762.0
GKQ57_RS13970	12	100.0	357	0	0	1	357	70178	70534	0.0	660.0
GKQ57_RS13975	12	99.67299999999999	306	1	0	1	306	71116	71421	1.5699999999999995e-160	560.0
GKQ57_RS13980	12	100.0	2676	0	0	1	2676	71432	74107	0.0	4942.0
GKQ57_RS13985	12	100.0	279	0	0	1	279	74127	74405	3.129999999999999e-147	516.0
GKQ57_RS13990	12	100.0	336	0	0	1	336	74865	75200	7.869999999999997e-179	621.0
GKQ57_RS14000	12	100.0	357	0	0	1	357	562	918	0.0	660.0
GKQ57_RS14000	73	96.348	356	13	0	1	356	413	768	3.0599999999999994e-168	586.0
GKQ57_RS14005	12	100.0	198	0	0	1	198	929	1126	2.2999999999999995e-102	366.0
GKQ57_RS14010	12	100.0	831	0	0	1	831	1134	1964	0.0	1535.0
GKQ57_RS14015	12	100.0	180	0	0	1	180	1995	2174	2.0999999999999996e-92	333.0
GKQ57_RS14020	12	100.0	336	0	0	1	336	2210	2545	7.869999999999997e-179	621.0
GKQ57_RS14025	12	100.0	1128	0	0	1	1128	2553	3680	0.0	2084.0
GKQ57_RS14030	12	100.0	1569	0	0	1	1569	4199	5767	0.0	2898.0
GKQ57_RS14035	12	100.0	534	0	0	1	534	5937	6470	0.0	987.0
GKQ57_RS14040	12	100.0	2532	0	0	1	2532	6535	9066	0.0	4676.0
GKQ57_RS14045	12	100.0	2004	0	0	1	2004	9056	11059	0.0	3701.0
GKQ57_RS14050	12	100.0	381	0	0	1	381	11066	11446	0.0	704.0
GKQ57_RS14055	12	100.0	2556	0	0	1	2556	11575	14130	0.0	4721.0
GKQ57_RS14060	12	100.0	189	0	0	1	189	14133	14321	2.1999999999999996e-97	350.0
GKQ57_RS14065	12	100.0	1152	0	0	1	1152	14340	15491	0.0	2128.0
GKQ57_RS14070	12	100.0	990	0	0	1	990	15581	16570	0.0	1829.0
GKQ57_RS14075	12	100.0	234	0	0	1	234	16634	16867	2.6899999999999993e-122	433.0
GKQ57_RS14080	12	100.0	327	0	0	1	327	16868	17194	7.699999999999998e-174	604.0
GKQ57_RS14085	12	100.0	639	0	0	1	639	17286	17924	0.0	1181.0
GKQ57_RS14090	12	100.0	942	0	0	1	942	17931	18872	0.0	1740.0
GKQ57_RS14095	12	100.0	282	0	0	1	282	19244	19525	6.8099999999999975e-149	521.0
GKQ57_RS14100	12	100.0	393	0	0	1	393	19518	19910	0.0	726.0
GKQ57_RS14105	12	100.0	2061	0	0	1	2061	19903	21963	0.0	3807.0
GKQ57_RS14110	12	100.0	1659	0	0	1	1659	22040	23698	0.0	3064.0
GKQ57_RS14115	12	100.0	1344	0	0	1	1344	25228	23885	0.0	2483.0
GKQ57_RS14120	12	100.0	774	0	0	1	774	26001	25228	0.0	1430.0
GKQ57_RS14125	12	100.0	552	0	0	1	552	26696	26145	0.0	1020.0
GKQ57_RS14130	12	100.0	192	0	0	1	192	26911	26720	4.809999999999999e-99	355.0
GKQ57_RS14135	12	100.0	186	0	0	1	186	27081	26896	1.0099999999999998e-95	344.0
GKQ57_RS14140	12	100.0	231	0	0	1	231	27909	27679	1.2299999999999999e-120	427.0
GKQ57_RS14145	12	100.0	393	0	0	1	393	28066	28458	0.0	726.0
GKQ57_RS14150	12	100.0	453	0	0	1	453	28524	28976	0.0	837.0
GKQ57_RS14155	12	100.0	153	0	0	1	153	28990	29142	1.78e-77	283.0
GKQ57_RS14160	12	100.0	591	0	0	1	591	29154	29744	0.0	1092.0
GKQ57_RS14165	12	100.0	293	0	0	1	293	29873	30165	5.439999999999998e-155	542.0
GKQ57_RS14170	12	100.0	246	0	0	1	246	30178	30423	6.039999999999998e-129	455.0
GKQ57_RS14175	12	100.0	183	0	0	1	183	30477	30659	4.589999999999999e-94	339.0
GKQ57_RS14180	12	100.0	717	0	0	1	717	30854	31570	0.0	1325.0
GKQ57_RS14185	12	100.0	1788	0	0	1	1788	31708	33495	0.0	3302.0
GKQ57_RS14190	12	100.0	636	0	0	1	636	33681	34316	0.0	1175.0
GKQ57_RS14195	12	100.0	468	0	0	1	468	34303	34770	0.0	865.0
GKQ57_RS14200	12	100.0	528	0	0	1	528	34773	35300	0.0	976.0
GKQ57_RS14205	12	100.0	2181	0	0	1	2181	35343	37523	0.0	4028.0
GKQ57_RS14210	12	100.0	543	0	0	1	543	37631	38173	0.0	1003.0
GKQ57_RS14215	12	100.0	576	0	0	1	576	38240	38815	0.0	1064.0
GKQ57_RS14220	12	100.0	333	0	0	1	333	38958	39290	3.629999999999999e-177	616.0
GKQ57_RS14225	12	100.0	1320	0	0	1	1320	40793	39474	0.0	2438.0
GKQ57_RS14230	12	100.0	831	0	0	1	831	41253	42083	0.0	1535.0
GKQ57_RS14235	12	100.0	438	0	0	1	438	43256	43693	0.0	809.0
GKQ57_RS14240	12	100.0	567	0	0	1	567	43857	44423	0.0	1048.0
GKQ57_RS14245	12	100.0	183	0	0	1	183	44455	44637	4.589999999999999e-94	339.0
GKQ57_RS14250	12	100.0	537	0	0	1	537	44664	45200	0.0	992.0
GKQ57_RS14255	12	100.0	1059	0	0	1	1059	46387	45329	0.0	1956.0
GKQ57_RS14260	12	100.0	243	0	0	1	243	46654	46412	2.7699999999999992e-127	449.0
GKQ57_RS14265	12	100.0	213	0	0	1	213	47187	47399	1.1399999999999998e-110	394.0
GKQ57_RS14270	12	100.0	804	0	0	1	804	57182	57985	0.0	1485.0
GKQ57_RS14275	12	100.0	1428	0	0	1	1428	55762	57189	0.0	2638.0
GKQ57_RS14280	12	100.0	594	0	0	1	594	55191	55784	0.0	1098.0
GKQ57_RS14285	12	100.0	2043	0	0	1	2043	54814	52772	0.0	3773.0
GKQ57_RS14290	12	100.0	303	0	0	1	303	52791	52489	1.5599999999999996e-160	560.0
GKQ57_RS14295	12	100.0	621	0	0	1	621	58085	58705	0.0	1147.0
GKQ57_RS14300	12	100.0	288	0	0	1	288	58722	59009	3.2199999999999996e-152	532.0
GKQ57_RS14305	12	100.0	225	0	0	1	225	59003	59227	2.5899999999999992e-117	416.0
GKQ57_RS14310	12	100.0	210	0	0	1	210	59288	59497	5.239999999999999e-109	388.0
GKQ57_RS14315	12	100.0	303	0	0	1	303	59509	59811	1.5599999999999996e-160	560.0
GKQ57_RS14320	12	100.0	1329	0	0	1	1329	60238	61566	0.0	2455.0
GKQ57_RS14325	12	100.0	351	0	0	1	351	61563	61913	0.0	649.0
GKQ57_RS14330	12	100.0	111	0	0	1	111	62164	62274	2.74e-54	206.0
GKQ57_RS14335	12	100.0	297	0	0	1	297	62514	62810	3.2999999999999993e-157	549.0
GKQ57_RS14340	12	100.0	783	0	0	1	783	63064	63846	0.0	1447.0
GKQ57_RS14345	12	100.0	357	0	0	1	357	63839	64195	0.0	660.0
GKQ57_RS14370	48	100.0	786	0	0	1	786	4813	4028	0.0	1452.0
GKQ57_RS14375	48	98.16	489	9	0	1	489	4022	3534	0.0	854.0
GKQ57_RS14380	48	98.50200000000001	267	4	0	1	267	2942	2676	6.549999999999999e-134	472.0
GKQ57_RS14385	48	99.8	501	1	0	1	501	2643	2143	0.0	920.0
GKQ57_RS14390	48	99.598	249	1	0	1	249	2130	1882	6.119999999999999e-129	455.0
GKQ57_RS14395	48	98.08200000000001	417	8	0	1	417	1806	1390	0.0	726.0
GKQ57_RS14400	48	99.316	585	4	0	1	585	1366	782	0.0	1059.0
GKQ57_RS14405	48	100.0	267	0	0	1	267	671	405	1.3999999999999994e-140	494.0
GKQ57_RS14410	48	99.275	276	2	0	1	276	412	137	3.1199999999999993e-142	499.0
GKQ57_RS14455	16	98.59200000000001	213	3	0	1	213	34198	34410	1.1499999999999997e-105	377.0
GKQ57_RS14460	16	95.954	1038	42	0	1	1038	34448	35485	0.0	1685.0
GKQ57_RS14475	79	99.792	960	2	0	1	960	969	10	0.0	1762.0
GKQ57_RS14480	12	100.0	804	0	0	1	804	57182	57985	0.0	1485.0
GKQ57_RS14485	12	100.0	1428	0	0	1	1428	55762	57189	0.0	2638.0
GKQ57_RS14490	12	100.0	594	0	0	1	594	55191	55784	0.0	1098.0
GKQ57_RS14495	12	100.0	2043	0	0	1	2043	54814	52772	0.0	3773.0
GKQ57_RS14500	12	100.0	303	0	0	1	303	52791	52489	1.5599999999999996e-160	560.0
GKQ57_RS14530	24	99.32799999999999	1191	8	0	1	1191	24982	26172	0.0	2156.0
GKQ57_RS14580	49	99.681	939	3	0	1	939	3069	4007	0.0	1718.0
GKQ57_RS14585	49	99.904	1038	1	0	1	1038	4033	5070	0.0	1912.0
GKQ57_RS14590	24	99.14	1163	9	1	1	1162	9657	10819	0.0	2091.0
GKQ57_RS14600	12	96.508	315	11	0	1	315	58695	59009	7.669999999999999e-149	521.0
GKQ57_RS14605	12	99.556	225	1	0	1	225	59003	59227	1.2099999999999996e-115	411.0
GKQ57_RS14610	12	99.04799999999999	210	2	0	1	210	59288	59497	1.1299999999999997e-105	377.0
GKQ57_RS14615	12	97.36	303	8	0	1	303	59509	59811	3.4199999999999996e-147	516.0
GKQ57_RS14620	12	99.24799999999999	1329	10	0	1	1329	60238	61566	0.0	2399.0
GKQ57_RS14625	12	100.0	351	0	0	1	351	61563	61913	0.0	649.0
GKQ57_RS14630	12	100.0	111	0	0	1	111	62164	62274	2.74e-54	206.0
GKQ57_RS14635	12	99.296	284	2	0	1	284	62514	62797	1.1799999999999996e-146	514.0
SAW_RS16700	12	96.641	774	26	0	1	774	26001	25228	0.0	1286.0
SAW_RS16705	12	98.816	591	7	0	1	591	26696	26106	0.0	1053.0
SAW_RS16710	12	98.958	192	2	0	1	192	26911	26720	1.0399999999999997e-95	344.0
SAW_RS16715	12	100.0	186	0	0	1	186	27081	26896	1.0099999999999998e-95	344.0
SAW_RS16735	12	99.56700000000001	231	1	0	1	231	27909	27679	5.739999999999998e-119	422.0
SAW_RS16740	12	98.788	495	6	0	1	495	27964	28458	0.0	881.0
SAW_RS16745	12	98.234	453	8	0	1	453	28524	28976	0.0	793.0
SAW_RS16750	12	98.693	153	2	0	1	153	28990	29142	3.8599999999999995e-74	272.0
SAW_RS16775	12	95.08200000000001	183	9	0	1	183	30477	30659	4.689999999999999e-79	289.0
SAW_RS16790	12	98.738	634	7	1	3	636	33684	34316	0.0	1125.0
SAW_RS16795	12	100.0	468	0	0	1	468	34303	34770	0.0	865.0
SAW_RS16800	12	99.242	528	4	0	1	528	34773	35300	0.0	953.0
SAW_RS16805	12	99.45	2181	12	0	1	2181	35343	37523	0.0	3962.0
SAW_RS16810	12	100.0	543	0	0	1	543	37631	38173	0.0	1003.0
SAW_RS16850	12	100.0	621	0	0	1	621	58085	58705	0.0	1147.0
SAW_RS16855	12	100.0	288	0	0	1	288	58722	59009	3.2199999999999996e-152	532.0
SAW_RS16860	12	99.111	225	2	0	1	225	59003	59227	5.6199999999999995e-114	405.0
SAW_RS16865	12	98.571	210	3	0	1	210	59288	59497	5.28e-104	372.0
SAW_RS16870	12	96.37	303	11	0	1	303	59509	59811	3.449999999999999e-142	499.0
SAW_RS16875	12	98.42	1329	21	0	1	1329	60238	61566	0.0	2338.0
SAW_RS16880	12	97.721	351	8	0	1	351	61563	61913	8.309999999999997e-174	604.0
SAW_RS16890	12	98.198	111	2	0	1	111	62164	62274	5.939999999999999e-51	195.0
SAW_RS16955	12	98.319	357	6	0	1	357	70178	70534	1.7999999999999995e-180	627.0
SAW_RS16960	12	95.96	297	12	0	1	297	71116	71412	3.5099999999999995e-137	483.0
SAW_RS16980	12	100.0	336	0	0	1	336	74865	75200	7.869999999999997e-179	621.0
SAW_RS16990	73	97.199	357	10	0	1	357	413	769	8.459999999999997e-174	604.0
SAW_RS16990	12	96.581	351	12	0	1	351	562	912	3.959999999999999e-167	582.0
SAW_RS17055	2	98.385	681	11	0	1	681	160170	160850	0.0	1197.0
SAW_RS17190	2	98.385	681	11	0	1	681	160170	160850	0.0	1197.0
SAW_RS17225	2	98.385	681	11	0	1	681	160170	160850	0.0	1197.0
SAW_RS17260	2	98.385	681	11	0	1	681	160170	160850	0.0	1197.0
SAW_RS17290	65	99.59299999999999	738	3	0	1	738	182	919	0.0	1347.0
