pIL105p6	31	92.537	335	25	0	1	335	2365	2031	2.64e-136	481
pIL105p6	31	86.441	295	38	1	387	681	2030	1738	1.69e-88	322
HKK27_RS00055	8	99.145	117	1	0	1	117	33893	34009	5.69e-56	211
HKK27_RS00060	8	94.219	1920	111	0	1	1920	34025	35944	0.0	2931
HKK27_RS00075	8	84.100	239	38	0	1	239	36533	36295	9.81e-62	231
HS157_RS00005	43	99.479	960	5	0	1	960	97	1056	0.0	1746
HS157_RS00125	31	87.063	286	35	2	387	672	2030	1747	1.74e-88	322
HS157_RS00145	31	86.607	336	43	2	1	335	2365	2031	5.97e-103	370
HS157_RS00145	31	83.681	288	45	1	395	682	2023	1738	6.23e-73	270
HS157_RS00215	31	86.441	295	38	1	387	681	2030	1738	1.69e-88	322
HS358_RS00025	31	86.567	335	45	0	1	335	2365	2031	5.97e-103	370
HS358_RS00025	31	87.162	296	34	3	387	681	2030	1738	7.83e-92	333
HS358_RS00035	31	85.522	297	40	3	4	299	2323	2029	4.69e-84	307
HS358_RS00090	2	98.403	501	8	0	1	501	83062	83562	0.0	881
HS358_RS00090	23	98.195	277	5	0	225	501	1	277	1.49e-137	484
HS358_RS00090	44	99.621	264	1	0	238	501	1000	737	5.35e-137	483
HS358_RS00090	47	99.107	224	2	0	1	224	224	1	4.28e-113	403
HS358_RS00140	31	86.441	295	38	1	387	681	2030	1738	1.69e-88	322
HS358_RS00160	31	90.476	336	32	0	1	336	2365	2030	3.47e-125	444
HS358_RS00160	31	92.977	299	19	1	383	681	2034	1738	2.09e-122	435
HS358_RS00200	2	96.476	681	24	0	1	681	82882	83562	0.0	1125
HS358_RS00200	47	95.442	373	17	0	32	404	373	1	9.04e-171	595
HS358_RS00200	23	98.556	277	4	0	405	681	1	277	4.39e-139	490
HS358_RS00200	44	99.242	264	2	0	418	681	1000	737	3.42e-135	477
HS358_RS00200	31	86.310	336	46	0	1	336	2365	2030	7.72e-102	366
HS358_RS00200	53	100.000	29	0	0	2	30	76	104	6.82e-08	54.7
HS358_RS00350	31	96.429	224	8	0	1	224	1981	1758	1.94e-103	370
HKK39_RS00025	22	83.788	586	95	0	8	593	23084	23669	3.84e-159	556
HKK39_RS00055	2	98.353	607	10	0	1	607	82882	83488	0.0	1066
HKK39_RS00055	47	99.732	373	1	0	32	404	373	1	0.0	684
HKK39_RS00055	23	100.000	203	0	0	405	607	1	203	1.21e-104	375
HKK39_RS00055	44	97.409	193	5	0	418	610	1000	808	9.53e-91	329
HKK39_RS00055	53	100.000	29	0	0	2	30	76	104	6.42e-08	54.7
HKK39_RS00065	39	100.000	185	0	0	1	185	2087	1903	3.28e-95	342
HKK39_RS00070	39	100.000	281	0	0	263	543	2460	2180	4.43e-148	520
HKK39_RS00070	39	100.000	262	0	0	1	262	262	1	1.62e-137	484
HKK39_RS00075	39	100.000	554	0	0	356	909	812	259	0.0	1024
HKK39_RS00100	44	98.462	260	4	0	2	261	411	152	4.53e-130	459
HKK39_RS00100	38	95.019	261	13	0	1	261	1390	1130	1.29e-115	411
HKK39_RS00105	38	99.729	738	2	0	1	738	2297	1560	0.0	1352
HKK39_RS00110	38	100.000	84	0	0	1	84	2505	2422	1.79e-39	156
HKK39_RS00115	51	100.000	135	0	0	33	167	135	1	2.73e-67	250
HKK39_RS00115	38	96.000	75	1	1	168	242	2626	2554	2.23e-28	121
HKK39_RS00115	38	100.000	31	0	0	1	31	32	2	1.78e-09	58.4
HKK39_RS00115	44	100.000	32	0	0	1	32	32	1	4.94e-10	60.2
HKK39_RS00120	44	98.413	189	3	0	1	189	340	152	2.01e-92	333
HKK39_RS00125	2	98.385	681	11	0	1	681	82882	83562	0.0	1197
HKK39_RS00125	47	99.732	373	1	0	32	404	373	1	0.0	684
HKK39_RS00125	23	99.639	277	1	0	405	681	1	277	4.36e-144	507
HKK39_RS00125	44	98.106	264	5	0	418	681	1000	737	3.44e-130	460
HKK39_RS00125	53	100.000	29	0	0	2	30	76	104	6.82e-08	54.7
HKK39_RS00155	2	98.091	681	13	0	1	681	82882	83562	0.0	1186
HKK39_RS00155	47	99.464	373	2	0	32	404	373	1	0.0	678
HKK39_RS00155	23	99.278	277	2	0	405	681	1	277	2.03e-142	501
HKK39_RS00155	44	97.727	264	6	0	418	681	1000	737	1.60e-128	455
HKK39_RS00155	53	100.000	29	0	0	2	30	76	104	6.82e-08	54.7
pVEF1_003	2	96.460	339	12	0	1	339	83224	83562	1.59e-160	560
pVEF1_003	23	98.917	277	3	0	63	339	1	277	4.55e-141	496
pVEF1_003	44	97.348	264	7	0	76	339	1000	737	3.59e-127	449
pVEF1_003	47	100.000	62	0	0	1	62	62	1	1.49e-26	115
pVEF1_006	44	99.060	532	5	0	1614	2145	683	152	0.0	955
pVEF1_006	38	95.000	260	13	0	1886	2145	1389	1130	4.07e-114	409
pVEF1_007	38	97.882	897	19	0	1	897	1027	131	0.0	1552
pVEF1_008	51	100.000	135	0	0	33	167	135	1	2.41e-67	250
pVEF1_008	38	100.000	32	0	0	1	32	32	1	4.36e-10	60.2
pVEF1_008	44	100.000	31	0	0	1	31	32	2	1.57e-09	58.4
pVEF1_009	31	98.328	299	3	1	233	531	2034	1738	3.35e-149	523
pVEF1_009	31	99.462	186	1	0	1	186	2215	2030	1.30e-93	339
pVEF1_023	2	98.399	687	11	0	1	687	82876	83562	0.0	1208
pVEF1_023	47	99.732	373	1	0	38	410	373	1	0.0	684
pVEF1_023	23	99.639	277	1	0	411	687	1	277	4.40e-144	507
pVEF1_023	44	98.106	264	5	0	424	687	1000	737	3.47e-130	460
pVEF1_023	53	97.222	36	1	0	1	36	69	104	4.11e-10	62.1
pVEF1_029	2	98.253	687	12	0	1	687	82876	83562	0.0	1203
pVEF1_029	47	99.732	373	1	0	38	410	373	1	0.0	684
pVEF1_029	23	99.639	277	1	0	411	687	1	277	4.40e-144	507
pVEF1_029	44	98.106	264	5	0	424	687	1000	737	3.47e-130	460
pVEF1_030	38	95.455	176	8	0	14	189	306	131	7.37e-77	281
pVEF1_031	51	97.037	135	4	0	33	167	135	1	1.13e-60	228
pVEF1_031	38	100.000	32	0	0	1	32	32	1	4.36e-10	60.2
pVEF1_031	44	100.000	31	0	0	1	31	32	2	1.57e-09	58.4
pVEF1_032	40	83.154	279	35	11	1	273	66	338	1.44e-65	244
pVEF1_033	40	96.287	781	29	0	84	864	423	1203	0.0	1282
pVEF1_038	40	97.468	79	2	0	1	79	902	824	2.05e-32	135
pVEF1_039	27	93.540	1192	75	2	1	1191	10627	9437	0.0	1773
pVEF1_039	31	97.761	134	2	1	226	358	6261	6128	1.87e-60	230
pVEF1_039	21	100.000	65	0	0	1	65	21464	21400	1.18e-27	121
pVEF1_041	2	98.544	687	10	0	1	687	82876	83562	0.0	1214
pVEF1_041	47	99.732	373	1	0	38	410	373	1	0.0	684
pVEF1_041	23	99.278	277	2	0	411	687	1	277	2.05e-142	501
pVEF1_041	44	98.485	264	4	0	424	687	1000	737	7.46e-132	466
pVEF1_041	53	97.222	36	1	0	1	36	69	104	4.11e-10	62.1
pVEF205	2	96.460	339	12	0	1	339	83224	83562	1.59e-160	560
pVEF205	23	98.917	277	3	0	63	339	1	277	4.55e-141	496
pVEF205	44	97.348	264	7	0	76	339	1000	737	3.59e-127	449
pVEF205	47	100.000	62	0	0	1	62	62	1	1.49e-26	115
pVEF235	44	99.060	532	5	0	1614	2145	683	152	0.0	955
pVEF235	38	95.000	260	13	0	1886	2145	1389	1130	4.07e-114	409
pVEF217	38	97.882	897	19	0	1	897	1027	131	0.0	1552
pVEF223	51	100.000	135	0	0	33	167	135	1	2.41e-67	250
pVEF223	38	100.000	32	0	0	1	32	32	1	4.36e-10	60.2
pVEF223	44	100.000	31	0	0	1	31	32	2	1.57e-09	58.4
pVEF216	31	98.328	299	3	1	233	531	2034	1738	3.35e-149	523
pVEF216	31	99.462	186	1	0	1	186	2215	2030	1.30e-93	339
pVEF220	2	98.399	687	11	0	1	687	82876	83562	0.0	1208
pVEF220	47	99.732	373	1	0	38	410	373	1	0.0	684
pVEF220	23	99.639	277	1	0	411	687	1	277	4.40e-144	507
pVEF220	44	98.106	264	5	0	424	687	1000	737	3.47e-130	460
pVEF220	53	97.222	36	1	0	1	36	69	104	4.11e-10	62.1
pVEF219	2	98.253	687	12	0	1	687	82876	83562	0.0	1203
pVEF219	47	99.732	373	1	0	38	410	373	1	0.0	684
pVEF219	23	99.639	277	1	0	411	687	1	277	4.40e-144	507
pVEF219	44	98.106	264	5	0	424	687	1000	737	3.47e-130	460
pVEF206	38	95.455	176	8	0	14	189	306	131	7.37e-77	281
pVEF224	51	97.037	135	4	0	33	167	135	1	1.13e-60	228
pVEF224	38	100.000	32	0	0	1	32	32	1	4.36e-10	60.2
pVEF224	44	100.000	31	0	0	1	31	32	2	1.57e-09	58.4
pVEF218	40	83.154	279	35	11	1	273	66	338	1.44e-65	244
pVEF243	40	96.287	781	29	0	84	864	423	1203	0.0	1282
pVEF211	40	97.468	79	2	0	1	79	902	824	2.05e-32	135
pVEF222	27	93.540	1192	75	2	1	1191	10627	9437	0.0	1773
pVEF222	31	97.761	134	2	1	226	358	6261	6128	1.87e-60	230
pVEF222	21	100.000	65	0	0	1	65	21464	21400	1.18e-27	121
pVEF221	2	98.544	687	10	0	1	687	82876	83562	0.0	1214
pVEF221	47	99.732	373	1	0	38	410	373	1	0.0	684
pVEF221	23	99.278	277	2	0	411	687	1	277	2.05e-142	501
pVEF221	44	98.485	264	4	0	424	687	1000	737	7.46e-132	466
pVEF221	53	97.222	36	1	0	1	36	69	104	4.11e-10	62.1
pCoo010	39	100.000	35	0	0	1	35	1201	1167	8.95e-12	65.8
pCoo011	39	100.000	786	0	0	1	786	2078	1293	0.0	1452
pCoo012	39	100.000	250	0	0	223	472	2432	2183	6.55e-131	462
pCoo012	39	100.000	191	0	0	33	223	224	34	4.11e-98	353
HKI89_RS00020	31	90.110	91	7	1	6	96	1826	1738	1.00e-27	117
-pVEF3_p17	44	99.060	532	5	0	1614	2145	683	152	0.0	955
-pVEF3_p17	38	95.000	260	13	0	1886	2145	1389	1130	4.07e-114	409
-pVEF3_p18	38	97.882	897	19	0	1	897	1027	131	0.0	1552
-pVEF3_p19	51	100.000	135	0	0	33	167	135	1	2.41e-67	250
-pVEF3_p19	38	100.000	32	0	0	1	32	32	1	4.36e-10	60.2
-pVEF3_p19	44	100.000	31	0	0	1	31	32	2	1.57e-09	58.4
-pVEF3_p20	31	98.328	299	3	1	233	531	2034	1738	3.35e-149	523
-pVEF3_p20	31	99.462	186	1	0	1	186	2215	2030	1.30e-93	339
-pVEF3_p40	38	95.376	173	8	0	14	186	306	134	3.37e-75	276
-pVEF3_p41	51	97.037	135	4	0	33	167	135	1	1.13e-60	228
-pVEF3_p41	38	100.000	32	0	0	1	32	32	1	4.36e-10	60.2
-pVEF3_p41	44	100.000	31	0	0	1	31	32	2	1.57e-09	58.4
-pVEF3_p42	40	96.703	273	9	0	1	273	66	338	6.12e-129	455
-pVEF3_p43	40	95.023	864	43	0	1	864	340	1203	0.0	1358
-pVEF3_p48	40	97.468	79	2	0	1	79	902	824	2.05e-32	135
-pVEF3_p61	22	89.226	594	64	0	3	596	23079	23672	0.0	743
pIP816p11	31	98.328	299	3	1	233	531	2034	1738	3.35e-149	523
pIP816p11	31	99.462	186	1	0	1	186	2215	2030	1.30e-93	339
pIP816p12	51	100.000	135	0	0	33	167	135	1	2.41e-67	250
pIP816p12	38	100.000	32	0	0	1	32	32	1	4.36e-10	60.2
pIP816p12	44	100.000	31	0	0	1	31	32	2	1.57e-09	58.4
pIP816p13	38	97.882	897	19	0	1	897	1027	131	0.0	1552
pIP816p14	44	99.060	532	5	0	1614	2145	683	152	0.0	955
pIP816p14	38	94.231	260	15	0	1886	2145	1389	1130	8.81e-111	398
pIP816p20	31	97.455	275	7	0	551	825	2667	2941	6.97e-133	470
pMG1_p04	21	100.000	36	0	0	91	126	21697	21732	1.41e-12	67.6
pMG1_p05	21	98.969	291	3	0	1	291	21773	22063	6.38e-149	521
pMG1_p06	21	99.380	645	4	0	1	645	22291	22935	0.0	1170
pAMalpha1_p4	17	89.474	95	10	0	109	203	19227	19321	2.06e-28	121
pMG2200_01	17	100.000	2532	0	0	1	2532	31848	29317	0.0	4676
pMG2200_02	17	99.950	2004	0	1	1	2004	29327	27325	0.0	3694
pMG2200_03	17	100.000	381	0	0	1	381	27318	26938	0.0	704
pMG2200_04	17	99.942	1716	0	1	1	1716	26701	24987	0.0	3162
pMG2200_05	17	100.000	681	0	0	1	681	24934	24254	0.0	1258
pMG2200_06	17	100.000	1152	0	0	1	1152	24044	22893	0.0	2128
pMG2200_07	17	100.000	1083	0	0	1	1083	22896	21814	0.0	2001
pMG2200_08	17	100.000	243	0	0	1	243	21759	21517	2.52e-127	449
pMG2200_09	17	100.000	327	0	0	1	327	21516	21190	6.98e-174	604
pMG2200_10	17	100.000	337	0	0	1	337	21098	20762	2.01e-179	623
pMG2200_42	17	100.000	174	0	0	1	174	20633	20460	3.96e-89	322
pMG2200_43	17	100.000	942	0	0	1	942	20453	19512	0.0	1740
pMG2200_44	17	100.000	282	0	0	1	282	19140	18859	6.16e-149	521
pMG2200_45	17	100.000	393	0	0	1	393	18866	18474	0.0	726
pMG2200_46	17	100.000	2061	0	0	1	2061	18481	16421	0.0	3807
pMG2200_47	17	100.000	1659	0	0	1	1659	16344	14686	0.0	3064
pMG2200_48	17	100.000	1344	0	0	1	1344	13156	14499	0.0	2483
pMG2200_49	17	100.000	774	0	0	1	774	12383	13156	0.0	1430
pMG2200_50	17	100.000	552	0	0	1	552	11688	12239	0.0	1020
pMG2200_51	17	100.000	174	0	0	1	174	11491	11664	3.96e-89	322
pMG2200_52	17	100.000	186	0	0	1	186	11303	11488	9.11e-96	344
pMG2200_53	17	100.000	201	0	0	1	201	11007	10807	4.56e-104	372
pMG2200_54	17	100.000	231	0	0	1	231	10475	10705	1.12e-120	427
pMG2200_55	17	100.000	393	0	0	1	393	10318	9926	0.0	726
pMG2200_56	17	100.000	453	0	0	1	453	9860	9408	0.0	837
pMG2200_57	17	100.000	153	0	0	1	153	9394	9242	1.61e-77	283
pMG2200_58	17	100.000	591	0	0	1	591	9230	8640	0.0	1092
pMG2200_58	23	83.692	558	74	10	19	572	1679	1135	2.91e-145	510
pMG2200_59	17	100.000	321	0	0	1	321	8634	8314	1.48e-170	593
pMG2200_60	17	100.000	246	0	0	1	246	8206	7961	5.49e-129	455
pMG2200_61	17	100.000	183	0	0	1	183	7907	7725	4.16e-94	339
pMG2200_62	17	100.000	717	0	0	1	717	7530	6814	0.0	1325
pMG2200_63	17	100.000	1788	0	0	1	1788	6676	4889	0.0	3302
pMG2200_63	17	90.043	231	23	0	997	1227	5407	5177	2.13e-81	300
pMG2200_63	17	90.043	231	23	0	1270	1500	5680	5450	2.13e-81	300
pMG2200_63	17	86.473	207	27	1	1024	1229	5092	4886	3.66e-59	226
pMG2200_63	17	86.700	203	26	1	1585	1787	5653	5452	1.32e-58	224
pMG2200_63	17	86.667	195	26	0	1303	1497	5086	4892	2.20e-56	217
pMG2200_63	17	86.667	195	26	0	1591	1785	5374	5180	2.20e-56	217
pMG2200_64	17	100.000	636	0	0	1	636	4703	4068	0.0	1175
pMG2200_65	17	100.000	432	0	0	1	432	4045	3614	0.0	798
pMG2200_66	17	100.000	528	0	0	1	528	3611	3084	0.0	976
pMG2200_67	17	100.000	2181	0	0	1	2181	3041	861	0.0	4028
pMG2200_68	17	100.000	543	0	0	1	543	754	212	0.0	1003
pMG2200_69	24	100.000	312	0	0	265	576	1	312	2.76e-165	577
pMG2200_69	17	100.000	145	0	0	1	145	145	1	1.89e-72	268
pMG2200_70	24	100.000	333	0	0	1	333	455	787	3.29e-177	616
pMG2200_71	24	100.000	1320	0	0	1	1320	2290	971	0.0	2438
pMG2200_72	24	100.000	141	0	0	1	141	2523	2663	6.88e-71	261
pMG2200_73	24	100.000	831	0	0	1	831	2750	3580	0.0	1535
pMG2200_74	24	100.000	210	0	0	1	210	3643	3852	4.75e-109	388
pMG2200_75	24	100.000	423	0	0	1	423	4768	5190	0.0	782
pMG2200_76	24	100.000	567	0	0	1	567	5354	5920	0.0	1048
pMG2200_77	24	100.000	198	0	0	1	198	5937	6134	2.08e-102	366
pMG2200_78	24	100.000	537	0	0	1	537	6161	6697	0.0	992
pMG2200_79	24	100.000	1059	0	0	1	1059	7884	6826	0.0	1956
pMG2200_80	24	99.590	244	0	1	1	243	8152	7909	1.17e-125	444
pMG2200_81	24	100.000	243	0	0	1	243	8357	8599	2.52e-127	449
pMG2200_82	24	100.000	213	0	0	1	213	8685	8897	1.04e-110	394
pMG2200_83	24	100.000	111	0	0	1	111	9073	9183	2.49e-54	206
pMG2200_84	24	90.032	622	60	2	1	621	9421	10041	0.0	804
pMG2200_86	24	92.361	288	22	0	1	288	10058	10345	1.42e-115	411
pMG2200_85	24	100.000	105	0	0	1	105	10339	10443	5.03e-51	195
pMG2200_89	24	99.099	111	1	0	1	111	10439	10549	1.16e-52	200
pMG2200_90	24	98.571	210	3	0	1	210	10624	10833	4.78e-104	372
pMG2200_91	24	100.000	303	0	0	1	303	10845	11147	1.41e-160	560
pMG2200_92	24	99.248	1329	10	0	1	1329	11574	12902	0.0	2399
pMG2200_93	24	100.000	351	0	0	1	351	12899	13249	0.0	649
pMG2200_94	24	100.000	213	0	0	1	213	13206	13418	1.04e-110	394
pMG2200_95	24	100.000	297	0	0	1	297	13850	14146	2.99e-157	549
pMG2200_96	24	100.000	783	0	0	1	783	14400	15182	0.0	1447
pMG2200_97	24	100.000	357	0	0	1	357	15175	15531	0.0	660
pMG2200_98	24	100.000	1008	0	0	1	1008	15790	16797	0.0	1862
pMG2200_99	24	100.000	1638	0	0	1	1638	16956	18593	0.0	3025
pMG2200_100	24	100.000	1155	0	0	1	1155	18604	19758	0.0	2134
pMG2200_104	29	93.485	307	18	2	1	306	941	636	6.92e-129	455
pMG2200_105	34	100.000	2051	0	0	626	2676	4979	2929	0.0	3788
pMG2200_105	9	90.000	1970	186	11	627	2592	104091	102129	0.0	2536
pMG2200_105	29	96.640	625	21	0	1	625	625	1	0.0	1038
pMG2200_106	34	100.000	279	0	0	1	279	2909	2631	2.83e-147	516
pMG2200_107	34	100.000	336	0	0	1	336	2171	1836	7.13e-179	621
pMG2200_108	9	89.521	3865	356	33	1	3842	101541	97703	0.0	4848
pMG2200_108	17	100.000	2398	0	0	1530	3927	40279	37882	0.0	4429
pMG2200_108	23	94.871	2398	112	3	1531	3927	23989	21602	0.0	3736
pMG2200_108	34	100.000	1529	0	0	1	1529	1529	1	0.0	2824
pMG2200_109	17	100.000	321	0	0	1	321	37785	37465	1.48e-170	593
pMG2200_109	23	96.250	320	12	0	1	320	21504	21185	5.48e-150	525
pMG2200_110	17	100.000	831	0	0	1	831	37249	36419	0.0	1535
pMG2200_111	17	100.000	336	0	0	1	336	36173	35838	7.13e-179	621
pMG2200_112	17	99.911	1128	1	0	1	1128	35830	34703	0.0	2078
pMG2200_113	17	100.000	144	0	0	1	144	34538	34395	1.52e-72	267
pMG2200_114	17	99.872	1560	2	0	1	1560	34175	32616	0.0	2870
pMG2200_115	17	100.000	534	0	0	1	534	32446	31913	0.0	987
pLFE1_p1	38	100.000	84	0	0	1	84	2505	2422	1.79e-39	156
pLFE1_p2	38	99.864	738	1	0	1	738	2297	1560	0.0	1358
pCF10_01	24	98.796	1329	16	0	1	1329	11574	12902	0.0	2366
pCF10_02	24	97.151	351	10	0	1	351	12899	13249	1.63e-170	593
pCF10_03	24	98.592	213	3	0	1	213	13206	13418	1.04e-105	377
pCF10_04	24	96.622	296	7	3	1	294	13850	14144	6.61e-139	488
pCF10_07	24	92.731	454	27	6	552	1002	16347	16797	0.0	651
pCF10_08	24	99.512	1638	8	0	1	1638	16956	18593	0.0	2981
pCF10_09	24	99.913	1155	1	0	1	1155	18604	19758	0.0	2128
pCF10_14	29	96.364	165	6	0	25	189	917	753	4.44e-74	272
pCF10_15	34	96.067	1068	42	0	1603	2670	3999	2932	0.0	1740
pCF10_15	34	96.743	307	10	0	626	932	4979	4673	3.77e-145	512
pCF10_15	9	95.459	991	43	2	1603	2593	103115	102127	0.0	1580
pCF10_15	9	93.333	315	21	0	627	941	104091	103777	2.98e-131	466
pCF10_15	29	96.160	625	24	0	1	625	625	1	0.0	1022
pCF10_16	9	90.000	3850	357	20	1	3833	101541	97703	0.0	4951
pCF10_16	23	95.519	2388	107	0	1531	3918	23989	21602	0.0	3818
pCF10_16	17	94.915	2399	111	3	1530	3918	40279	37882	0.0	3744
pCF10_16	34	94.648	1532	76	5	1	1529	1529	1	0.0	2370
pCF10_17	23	97.199	357	10	0	1	357	21540	21184	7.66e-174	604
pCF10_17	17	96.581	351	12	0	1	351	37821	37471	3.59e-167	582
pCF10_37	17	95.614	114	4	1	53	166	14639	14527	6.74e-47	182
pCF10_38	17	86.336	1332	174	8	11	1338	13172	14499	0.0	1445
pCF10_40	17	98.901	546	6	0	1	546	11688	12233	0.0	976
pCF10_41	17	98.958	192	2	0	1	192	11473	11664	9.44e-96	344
pCF10_42	17	98.925	186	2	0	1	186	11303	11488	1.97e-92	333
pCF10_44	17	99.502	201	1	0	1	201	11007	10807	2.12e-102	366
pCF10_45	17	100.000	231	0	0	1	231	10475	10705	1.12e-120	427
pCF10_46	17	98.990	495	5	0	1	495	10420	9926	0.0	887
pCF10_47	17	98.013	453	9	0	1	453	9860	9408	0.0	787
pCF10_48	17	83.811	593	80	12	1	579	9230	8640	6.04e-157	549
pCF10_48	17	100.000	31	0	0	20	50	9180	9210	4.47e-09	58.4
pCF10_48	23	83.184	559	91	3	19	574	1679	1121	1.03e-144	508
pCF10_49	17	96.605	324	11	0	7	330	8637	8314	7.25e-154	538
pCF10_53	24	90.499	621	59	0	1	621	9421	10041	0.0	821
pCF10_54	24	97.569	288	7	0	10	297	10058	10345	1.42e-140	494
pCF10_55	24	97.778	225	5	0	1	225	10339	10563	5.12e-109	388
pCF10_56	24	96.190	210	8	0	1	210	10624	10833	1.04e-95	344
pCF10_57	24	98.286	175	2	1	1	174	10845	11019	3.99e-84	305
pNP40_p07	31	99.702	336	1	0	1	336	2365	2030	6.94e-177	616
pNP40_p07	31	95.987	299	10	1	383	681	2034	1738	2.04e-137	484
pNP40_p35	31	98.662	299	2	1	284	582	2034	1738	7.92e-151	529
pNP40_p35	31	99.134	231	2	0	7	237	2260	2030	6.43e-117	416
pAM373_p12	17	77.099	1310	273	24	17	1311	13172	14469	0.0	732
pAM373_p15	40	94.231	52	1	2	73	123	1565	1615	1.86e-15	78.7
pAM373_p16	40	88.194	144	17	0	1	144	1368	1511	4.22e-44	172
pAM373_p18	23	98.214	504	9	0	1	504	4368	3865	0.0	881
pAM373_p22	23	88.163	245	14	11	29	261	5576	5335	1.46e-75	278
pAM373_p23	23	90.481	998	91	4	1	996	7925	6930	0.0	1314
pAM373_p23	23	84.021	776	118	5	1419	2192	6460	5689	0.0	741
pAM373_p24	23	96.975	2347	69	2	1	2346	10257	7912	0.0	3940
pAM373_p25	23	83.750	240	28	6	1	237	10614	10383	4.01e-57	217
pAM373_p26	23	98.636	2493	34	0	1	2493	13117	10625	0.0	4416
pAM373_p29	23	86.290	372	51	0	1	372	13680	13309	1.15e-113	405
pAM373_p30	23	99.231	390	3	0	1	390	14678	14289	0.0	704
pAM373_p31	23	99.275	276	2	0	1	276	14953	14678	2.82e-142	499
pAM373_p32	23	99.054	846	8	0	1	846	15788	14943	0.0	1519
pAM373_p33	23	100.000	315	0	0	1	315	16284	15970	3.14e-167	582
pAM373_p34	23	98.498	333	5	0	1	333	16616	16284	7.16e-169	588
pAM373_p35	23	98.706	618	8	0	1	618	17301	16684	0.0	1098
pAM373_p36	23	99.371	1272	8	0	1	1272	18575	17304	0.0	2305
pAM373_p37	23	99.535	861	4	0	1	861	19461	18601	0.0	1568
pAM373_p38	23	98.407	879	14	0	1	879	20359	19481	0.0	1546
pAM373_p39	23	99.234	261	2	0	1	261	20630	20370	5.81e-134	472
HS082_RS00005	24	97.407	270	7	0	1	270	15790	16059	1.30e-130	460
HS082_RS00010	24	96.755	339	11	0	1	339	16378	16716	4.36e-162	566
HS082_RS00040	21	99.398	1163	7	0	1	1163	21773	22935	0.0	2109
HS082_RS00045	9	89.740	3850	367	20	1	3833	101541	97703	0.0	4896
HS082_RS00045	23	95.561	2388	106	0	1531	3918	23989	21602	0.0	3823
HS082_RS00045	17	94.956	2399	110	3	1530	3918	40279	37882	0.0	3749
HS082_RS00045	34	96.013	1530	59	2	1	1529	1529	1	0.0	2486
HS082_RS00050	23	94.521	365	12	1	1	365	21540	21184	2.23e-159	556
HS082_RS00050	17	94.429	359	12	1	1	359	37821	37471	4.82e-156	545
HS082_RS00170	17	95.614	114	4	1	53	166	14639	14527	6.87e-47	182
HS082_RS00175	17	88.178	1345	157	2	1	1344	13156	14499	0.0	1602
HS082_RS00180	17	96.641	774	26	0	1	774	12383	13156	0.0	1286
HS082_RS00185	17	98.816	591	7	0	1	591	11688	12278	0.0	1053
HS082_RS00190	17	100.000	192	0	0	1	192	11473	11664	4.36e-99	355
HS082_RS00195	17	100.000	186	0	0	1	186	11303	11488	9.11e-96	344
HS082_RS00200	17	100.000	201	0	0	1	201	11007	10807	4.56e-104	372
HS082_RS00205	17	100.000	231	0	0	1	231	10475	10705	1.12e-120	427
HS082_RS00210	17	100.000	393	0	0	1	393	10318	9926	0.0	726
HS082_RS00215	17	99.779	453	1	0	1	453	9860	9408	0.0	832
HS082_RS00220	17	100.000	153	0	0	1	153	9394	9242	1.61e-77	283
HS082_RS00225	17	99.831	591	1	0	1	591	9230	8640	0.0	1086
HS082_RS00225	23	83.871	558	73	10	19	572	1679	1135	6.26e-147	516
HS082_RS00230	17	99.659	293	1	0	1	293	8511	8219	2.29e-153	536
HS082_RS00235	17	100.000	246	0	0	1	246	8206	7961	5.49e-129	455
HS082_RS00240	17	100.000	183	0	0	1	183	7907	7725	4.16e-94	339
HS082_RS00245	17	100.000	717	0	0	1	717	7530	6814	0.0	1325
HS082_RS00250	17	99.934	1516	1	0	1	1516	6676	5161	0.0	2795
HS082_RS00250	17	90.043	231	23	0	997	1227	5407	5177	1.80e-81	300
HS082_RS00250	17	89.610	231	24	0	1270	1500	5680	5450	8.38e-80	294
HS082_RS00250	17	86.473	207	27	1	1024	1229	5092	4886	3.10e-59	226
HS082_RS00250	17	86.154	195	27	0	1303	1497	5086	4892	8.68e-55	211
HS082_RS00255	17	100.000	246	0	0	1	246	5134	4889	5.49e-129	455
HS082_RS00255	17	86.700	203	26	1	43	245	5653	5452	1.69e-59	224
HS082_RS00255	17	86.667	195	26	0	49	243	5374	5180	2.82e-57	217
HS082_RS00260	17	99.843	636	1	0	1	636	4703	4068	0.0	1170
HS082_RS00265	17	100.000	468	0	0	1	468	4081	3614	0.0	865
HS082_RS00270	17	100.000	528	0	0	1	528	3611	3084	0.0	976
HS082_RS00275	17	99.908	2181	2	0	1	2181	3041	861	0.0	4017
HS082_RS00280	17	100.000	543	0	0	1	543	754	212	0.0	1003
HS082_RS00285	24	100.000	312	0	0	265	576	1	312	2.76e-165	577
HS082_RS00285	17	100.000	145	0	0	1	145	145	1	1.89e-72	268
HS082_RS00290	24	100.000	333	0	0	1	333	455	787	3.29e-177	616
HS082_RS00325	2	98.238	681	12	0	1	681	82882	83562	0.0	1192
HS082_RS00325	47	99.464	373	2	0	32	404	373	1	0.0	678
HS082_RS00325	23	99.278	277	2	0	405	681	1	277	2.03e-142	501
HS082_RS00325	44	98.106	264	5	0	418	681	1000	737	3.44e-130	460
HS082_RS00325	53	100.000	29	0	0	2	30	76	104	6.82e-08	54.7
HS082_RS00355	43	99.896	960	1	0	1	960	97	1056	0.0	1768
HS082_RS00390	24	97.152	597	17	0	1	597	9445	10041	0.0	1009
HS082_RS00395	24	97.917	288	6	0	1	288	10058	10345	2.95e-142	499
HS082_RS00400	24	97.778	225	5	0	1	225	10339	10563	5.12e-109	388
HS082_RS00405	24	95.714	210	9	0	1	210	10624	10833	4.85e-94	339
HS082_RS00440	24	92.013	313	7	4	1	313	13850	14144	2.01e-119	424
HS082_RS00445	24	98.084	783	15	0	1	783	14400	15182	0.0	1363
HS082_RS00450	24	98.039	357	7	0	1	357	15175	15531	7.61e-179	621
HS696_RS00045	8	95.833	1920	80	0	1	1920	34025	35944	0.0	3103
HS696_RS00050	8	99.145	117	1	0	1	117	33893	34009	5.69e-56	211
pWZ1668_p02	31	88.364	275	32	0	440	714	2667	2941	2.96e-91	331
pWZ1668_p08	21	99.283	837	6	0	1	837	22099	22935	0.0	1513
pWZ1668_p09	21	98.625	291	4	0	1	291	21773	22063	2.97e-147	516
pWZ1668_p11	44	99.417	343	2	0	1146	1488	683	341	9.33e-179	623
pWZ1668_p11	38	100.000	71	0	0	1418	1488	1389	1319	6.90e-31	132
pWZ1668_p15	44	98.396	187	3	0	1	187	341	155	2.57e-91	329
pWZ1668_p16	51	100.000	135	0	0	27	161	135	1	2.63e-67	250
pWZ1668_p16	38	98.630	73	1	0	162	234	2626	2554	3.58e-31	130
pWZ1668_p17	38	99.187	738	6	0	1	738	2297	1560	0.0	1330
pWZ1668_p18	38	98.958	192	2	0	1	192	1615	1424	9.44e-96	344
pWZ1668_p19	38	98.551	897	13	0	1	897	1027	131	0.0	1585
pWZ1668_p20	40	96.703	273	9	0	1	273	66	338	6.12e-129	455
pWZ1668_p21	40	98.160	163	3	0	1	163	340	502	6.51e-78	285
pWZ1668_p32	40	96.684	573	19	0	1	573	631	1203	0.0	953
pWZ1668_p33	40	99.371	318	2	0	1	318	1644	1961	1.48e-165	577
ETN48_p0106	38	99.729	738	2	0	1	738	2297	1560	0.0	1352
ETN48_p0107	38	97.222	72	2	0	25	96	2493	2422	2.16e-29	122
pTW9_p01	24	95.161	620	30	0	1	620	9421	10040	0.0	979
pTW9_p07	24	98.282	291	5	0	1	291	13850	14140	1.41e-145	510
pTW9_p10	24	90.256	390	31	7	552	937	16347	16733	8.43e-143	503
pTW9_p12	24	77.193	1539	307	38	63	1579	17063	18579	0.0	857
pTW9_p16	29	96.809	282	9	0	25	306	917	636	6.88e-134	472
pTW9_p17	9	93.259	1973	118	14	627	2592	104091	102127	0.0	2892
pTW9_p17	34	89.942	2058	190	17	626	2673	4979	2929	0.0	2638
pTW9_p17	29	96.640	625	21	0	1	625	625	1	0.0	1038
pTW9_p18	34	86.170	94	8	4	96	186	2601	2510	2.82e-21	97.1
pTW9_p19	34	100.000	336	0	0	1	336	2171	1836	7.13e-179	621
pTW9_p20	17	95.800	2238	83	3	1664	3891	40118	37882	0.0	3602
pTW9_p20	23	95.779	2227	94	0	1665	3891	23828	21602	0.0	3592
pTW9_p20	9	94.737	2204	116	0	1603	3806	99906	97703	0.0	3428
pTW9_p20	9	91.069	795	69	2	1	794	101541	100748	0.0	1074
pTW9_p20	34	91.572	795	65	2	1	794	1529	736	0.0	1096
pTW9_p21	23	99.065	321	3	0	1	321	21504	21184	1.49e-165	577
pTW9_p21	17	97.188	320	9	0	1	320	37785	37466	5.44e-155	542
pTW9_p22	23	99.617	261	1	0	1	261	21162	20902	1.25e-135	477
pTW9_p23	23	99.617	261	1	0	1	261	20630	20370	1.25e-135	477
pTW9_p24	23	98.066	879	17	0	1	879	20359	19481	0.0	1530
pTW9_p25	23	99.652	861	3	0	1	861	19461	18601	0.0	1574
pTW9_p26	23	98.899	1272	14	0	1	1272	18575	17304	0.0	2272
pTW9_p27	23	98.706	618	8	0	1	618	17301	16684	0.0	1098
pTW9_p28	23	99.099	333	3	0	1	333	16616	16284	3.31e-172	599
pTW9_p29	23	100.000	315	0	0	1	315	16284	15970	3.14e-167	582
pTW9_p30	23	99.227	1035	8	0	1	1035	15977	14943	0.0	1868
pTW9_p31	23	99.617	261	1	0	1	261	14938	14678	1.25e-135	477
pTW9_p32	23	100.000	390	0	0	1	390	14678	14289	0.0	721
pTW9_p33	23	99.793	483	1	0	1	483	14257	13775	0.0	887
pTW9_p34	23	100.000	459	0	0	1	459	13680	13222	0.0	848
pTW9_p35	23	99.493	2565	13	0	1	2565	13189	10625	0.0	4665
pTW9_p36	23	84.167	240	27	6	1	237	10614	10383	8.61e-59	222
pTW9_p37	23	96.634	2347	77	2	1	2346	10257	7912	0.0	3895
pTW9_p38	23	97.638	2244	53	0	1	2244	7910	5667	0.0	3851
pTW9_p39	23	100.000	786	0	0	1	786	5144	4359	0.0	1452
pTW9_p40	23	94.274	489	28	0	1	489	4353	3865	0.0	749
pTW9_p42	40	94.231	52	1	2	124	174	1565	1615	2.18e-15	78.7
pTW9_p42	40	85.915	71	10	0	2	72	1441	1511	7.82e-15	76.8
pTW9_p45	17	77.328	1310	270	24	11	1305	13172	14469	0.0	749
pTW9_p48	2	98.399	687	11	0	1	687	82876	83562	0.0	1208
pTW9_p48	47	99.732	373	1	0	38	410	373	1	0.0	684
pTW9_p48	23	99.639	277	1	0	411	687	1	277	4.40e-144	507
pTW9_p48	44	98.106	264	5	0	424	687	1000	737	3.47e-130	460
pTW9_p48	53	97.222	36	1	0	1	36	69	104	4.11e-10	62.1
pTW9_p50	2	90.476	336	32	0	1	336	82876	83211	1.67e-125	444
pTW9_p50	47	92.177	294	23	0	43	336	368	75	3.65e-117	416
pTW9_p55	2	85.610	688	97	2	1	687	82876	83562	0.0	721
pTW9_p55	47	89.276	373	40	0	38	410	373	1	2.08e-132	468
pTW9_p55	53	97.222	36	1	0	1	36	69	104	4.11e-10	62.1
pTW9_p56	38	100.000	84	0	0	1	84	2505	2422	1.79e-39	156
pTW9_p57	38	100.000	738	0	0	1	738	2297	1560	0.0	1363
pTW9_p58	38	99.242	132	1	0	1	132	1555	1424	2.98e-64	239
pTW9_p63	44	99.060	532	5	0	1614	2145	683	152	0.0	955
pTW9_p63	38	94.231	260	15	0	1886	2145	1389	1130	8.81e-111	398
pTW9_p64	51	100.000	135	0	0	33	167	135	1	2.71e-67	250
pTW9_p64	38	100.000	73	0	0	168	240	2626	2554	7.91e-33	135
pTW9_p64	38	100.000	31	0	0	1	31	32	2	1.76e-09	58.4
pTW9_p64	44	100.000	32	0	0	1	32	32	1	4.90e-10	60.2
pTW9_p65	38	100.000	84	0	0	1	84	2505	2422	1.79e-39	156
pTW9_p66	38	99.593	738	3	0	1	738	2297	1560	0.0	1347
pTW9_p67	38	97.727	132	3	0	1	132	1555	1424	6.46e-61	228
pTW9_p68	38	95.578	294	13	0	1	294	1423	1130	6.59e-134	472
pTW9_p68	44	98.462	260	4	0	35	294	411	152	5.13e-130	459
pTW9_p69	38	96.774	558	18	0	1	558	1027	470	0.0	931
pTW9_p79	38	99.708	342	1	0	1	342	472	131	1.56e-180	627
pTW9_p80	51	97.037	135	4	0	33	167	135	1	1.13e-60	228
pTW9_p80	38	100.000	32	0	0	1	32	32	1	4.36e-10	60.2
pTW9_p80	44	100.000	31	0	0	1	31	32	2	1.57e-09	58.4
pTW9_p81	40	83.154	279	35	11	1	273	66	338	1.44e-65	244
pTW9_p84	40	96.415	781	28	0	14	794	423	1203	0.0	1288
pTW9_p90	40	97.255	255	6	1	1	254	824	1078	9.58e-122	431
pTW9_p95	40	99.371	318	2	0	1	318	1644	1961	1.48e-165	577
pTW9_p97	2	97.321	336	9	0	1	336	82876	83211	7.35e-164	571
pTW9_p97	47	96.990	299	9	0	38	336	373	75	2.72e-143	503
pTW9_p97	53	97.222	36	1	0	1	36	69	104	1.97e-10	62.1
pTW9_p98	2	98.399	687	11	0	1	687	82876	83562	0.0	1208
pTW9_p98	47	99.732	373	1	0	38	410	373	1	0.0	684
pTW9_p98	23	99.639	277	1	0	411	687	1	277	4.40e-144	507
pTW9_p98	44	98.106	264	5	0	424	687	1000	737	3.47e-130	460
pTW9_p98	53	97.222	36	1	0	1	36	69	104	4.11e-10	62.1
pHDCTm_p03	2	98.544	687	10	0	1	687	82876	83562	0.0	1214
pHDCTm_p03	47	99.732	373	1	0	38	410	373	1	0.0	684
pHDCTm_p03	23	99.278	277	2	0	411	687	1	277	2.05e-142	501
pHDCTm_p03	44	98.485	264	4	0	424	687	1000	737	7.46e-132	466
pHDCTm_p03	53	97.222	36	1	0	1	36	69	104	4.11e-10	62.1
HS307_RS00015	2	96.460	339	12	0	1	339	83224	83562	1.59e-160	560
HS307_RS00015	23	98.917	277	3	0	63	339	1	277	4.55e-141	496
HS307_RS00015	44	97.348	264	7	0	76	339	1000	737	3.59e-127	449
HS307_RS00015	47	100.000	62	0	0	1	62	62	1	1.49e-26	115
HS307_RS00070	23	100.000	52	0	0	1	52	281	332	8.65e-21	97.1
HS307_RS00070	44	100.000	51	0	0	1	51	733	683	3.11e-20	95.3
HS307_RS00070	2	92.537	67	4	1	1	66	83566	83632	3.11e-20	95.3
HS307_RS00075	2	98.825	681	8	0	1	681	82882	83562	0.0	1214
HS307_RS00075	47	99.732	373	1	0	32	404	373	1	0.0	684
HS307_RS00075	23	98.556	277	4	0	405	681	1	277	4.39e-139	490
HS307_RS00075	44	99.242	264	2	0	418	681	1000	737	3.42e-135	477
HS307_RS00075	53	100.000	29	0	0	2	30	76	104	6.82e-08	54.7
HS307_RS00095	2	98.238	681	12	0	1	681	82882	83562	0.0	1192
HS307_RS00095	47	99.464	373	2	0	32	404	373	1	0.0	678
HS307_RS00095	23	99.639	277	1	0	405	681	1	277	4.36e-144	507
HS307_RS00095	44	98.106	264	5	0	418	681	1000	737	3.44e-130	460
HS307_RS00095	53	100.000	29	0	0	2	30	76	104	6.82e-08	54.7
HS307_RS00165	2	98.238	681	12	0	1	681	82882	83562	0.0	1192
HS307_RS00165	47	99.464	373	2	0	32	404	373	1	0.0	678
HS307_RS00165	23	99.639	277	1	0	405	681	1	277	4.36e-144	507
HS307_RS00165	44	98.106	264	5	0	418	681	1000	737	3.44e-130	460
HS307_RS00165	53	100.000	29	0	0	2	30	76	104	6.82e-08	54.7
HS735_RS00085	31	97.313	335	9	0	1	335	2365	2031	5.48e-163	569
HS735_RS00085	31	89.298	299	30	1	383	681	2034	1738	4.61e-104	374
HS735_RS00095	31	97.321	336	9	0	1	336	2365	2030	1.52e-163	571
HS735_RS00095	31	89.298	299	30	1	383	681	2034	1738	4.61e-104	374
HS690_RS00030	31	99.405	336	2	0	1	336	2365	2030	3.23e-175	610
HS690_RS00030	31	97.993	299	4	1	383	681	2034	1738	2.01e-147	518
HS690_RS00065	31	98.810	336	4	0	1	336	2365	2030	6.99e-172	599
HS690_RS00065	31	98.997	299	1	1	383	681	2034	1738	2.00e-152	534
HS690_RS00085	31	97.895	285	4	1	106	390	2020	1738	6.83e-140	492
HS704_RS00035	31	99.468	939	5	0	1	939	3069	4007	0.0	1707
HS704_RS00040	31	99.904	1038	1	0	1	1038	4033	5070	0.0	1912
HS704_RS00045	31	99.472	757	4	0	164	920	6131	5375	0.0	1376
HS704_RS00045	31	97.000	100	3	0	1	100	6227	6128	3.18e-42	169
HS704_RS00045	27	77.933	571	109	14	1	562	10369	9807	6.37e-94	340
HS704_RS00050	31	99.405	336	2	0	1	336	2365	2030	3.23e-175	610
HS704_RS00050	31	97.993	299	4	1	383	681	2034	1738	2.01e-147	518
HS814_RS00150	31	86.441	295	38	1	387	681	2030	1738	1.69e-88	322
HS814_RS00230	31	99.468	939	5	0	1	939	3069	4007	0.0	1707
HS814_RS00235	31	99.904	1038	1	0	1	1038	4033	5070	0.0	1912
G7C14_RS00015	2	76.799	681	149	8	1	677	82882	83557	4.62e-104	374
G7C14_RS00015	47	80.270	370	69	4	37	404	368	1	1.34e-74	276
G7C14_RS00015	31	79.530	298	50	10	388	681	2029	1739	2.31e-52	202
G7C14_RS00050	2	95.231	671	32	0	1	671	82882	83552	0.0	1062
G7C14_RS00050	47	99.732	373	1	0	32	404	373	1	0.0	684
G7C14_RS00050	23	90.614	277	26	0	405	681	1	277	2.15e-102	368
G7C14_RS00050	44	90.157	254	25	0	418	671	1000	747	2.81e-91	331
G7C14_RS00050	31	83.929	224	32	3	459	681	1958	1738	3.83e-55	211
G7C14_RS00120	43	99.743	389	1	0	1	389	97	485	0.0	713
G7C14_RS00130	31	97.143	105	1	1	1	105	1840	1738	1.82e-45	176
G7C12_RS00055	44	100.000	111	0	0	4	114	847	737	2.57e-54	206
G7C12_RS00055	2	99.123	114	1	0	1	114	83449	83562	2.57e-54	206
G7C12_RS00055	23	96.491	114	4	0	1	114	164	277	2.58e-49	189
G7C12_RS00060	31	98.662	299	2	1	179	477	2034	1738	6.44e-151	529
G7C12_RS00080	2	98.295	645	11	0	1	645	82918	83562	0.0	1131
G7C12_RS00080	47	99.457	368	2	0	1	368	368	1	0.0	669
G7C12_RS00080	23	98.195	277	5	0	369	645	1	277	1.93e-137	484
G7C12_RS00080	44	98.485	264	4	0	382	645	1000	737	6.99e-132	466
G7C12_RS00100	8	78.901	1929	386	20	2	1920	34026	35943	0.0	1288
G7C12_RS00105	8	84.524	168	26	0	1	168	36067	36234	1.89e-42	167
G7C12_RS00110	2	98.678	681	9	0	1	681	82882	83562	0.0	1208
G7C12_RS00110	47	99.732	373	1	0	32	404	373	1	0.0	684
G7C12_RS00110	23	98.195	277	5	0	405	681	1	277	2.04e-137	484
G7C12_RS00110	44	98.864	264	3	0	418	681	1000	737	1.59e-133	472
G7C12_RS00110	53	100.000	29	0	0	2	30	76	104	6.82e-08	54.7
PVF_RS00130	2	98.603	501	7	0	1	501	83062	83562	0.0	887
PVF_RS00130	23	98.195	277	5	0	225	501	1	277	1.49e-137	484
PVF_RS00130	44	99.621	264	1	0	238	501	1000	737	5.35e-137	483
PVF_RS00130	47	99.554	224	1	0	1	224	224	1	9.21e-115	409
PVF_RS00145	6	91.781	73	6	0	2	74	155164	155092	2.01e-23	102
PVF_RS00145	6	91.781	73	6	0	2	74	155729	155657	2.01e-23	102
PVF_RS00225	31	86.333	300	34	4	383	678	2034	1738	6.07e-88	320
G7C13_RS00065	2	96.182	681	26	0	1	681	82882	83562	0.0	1114
G7C13_RS00065	47	94.906	373	19	0	32	404	373	1	1.96e-167	584
G7C13_RS00065	23	98.556	277	4	0	405	681	1	277	4.39e-139	490
G7C13_RS00065	44	99.242	264	2	0	418	681	1000	737	3.42e-135	477
G7C13_RS00065	31	85.714	336	48	0	1	336	2365	2030	1.67e-98	355
G7C13_RS00065	53	100.000	29	0	0	2	30	76	104	6.82e-08	54.7
HS274_RS00015	31	86.441	295	38	1	387	681	2030	1738	1.69e-88	322
HS274_RS00075	31	86.441	295	38	1	387	681	2030	1738	1.69e-88	322
pSM19035_005	44	96.241	532	20	0	1614	2145	683	152	0.0	872
pSM19035_005	38	94.231	260	15	0	1886	2145	1389	1130	8.81e-111	398
pSM19035_006	38	97.436	897	23	0	1	897	1027	131	0.0	1530
pSM19035_007	51	100.000	135	0	0	33	167	135	1	2.41e-67	250
pSM19035_007	38	100.000	32	0	0	1	32	32	1	4.36e-10	60.2
pSM19035_007	44	100.000	31	0	0	1	31	32	2	1.57e-09	58.4
pSM19035_008	40	97.802	273	6	0	1	273	66	338	6.08e-134	472
pSM19035_009	40	96.412	864	31	0	1	864	340	1203	0.0	1424
pSM19035_010	38	96.522	115	0	1	1	111	2505	2391	9.00e-49	187
pSM19035_011	38	99.215	764	5	1	1	763	2323	1560	0.0	1376
pSM19035_012	40	96.412	864	31	0	1	864	340	1203	0.0	1424
pSM19035_013	40	97.802	273	6	0	1	273	66	338	6.08e-134	472
pSM19035_014	51	100.000	135	0	0	33	167	135	1	2.41e-67	250
pSM19035_014	38	100.000	32	0	0	1	32	32	1	4.36e-10	60.2
pSM19035_014	44	100.000	31	0	0	1	31	32	2	1.57e-09	58.4
pSM19035_015	38	97.436	897	23	0	1	897	1027	131	0.0	1530
pSM19035_016	44	96.241	532	20	0	1614	2145	683	152	0.0	872
pSM19035_016	38	94.231	260	15	0	1886	2145	1389	1130	8.81e-111	398
pSM19035_021	31	95.556	270	12	0	538	807	2672	2941	8.94e-122	433
pSM19035_035	31	95.556	270	12	0	538	807	2672	2941	8.94e-122	433
HS770_RS00025	22	83.788	586	95	0	8	593	23084	23669	3.84e-159	556
HS770_RS00055	2	98.385	681	11	0	1	681	82882	83562	0.0	1197
HS770_RS00055	47	99.732	373	1	0	32	404	373	1	0.0	684
HS770_RS00055	23	99.639	277	1	0	405	681	1	277	4.36e-144	507
HS770_RS00055	44	98.106	264	5	0	418	681	1000	737	3.44e-130	460
HS770_RS00055	53	100.000	29	0	0	2	30	76	104	6.82e-08	54.7
HS770_RS00150	2	97.944	681	14	0	1	681	82882	83562	0.0	1181
HS770_RS00150	47	98.928	373	4	0	32	404	373	1	0.0	667
HS770_RS00150	23	99.639	277	1	0	405	681	1	277	4.36e-144	507
HS770_RS00150	44	98.106	264	5	0	418	681	1000	737	3.44e-130	460
HS770_RS00150	53	100.000	29	0	0	2	30	76	104	6.82e-08	54.7
HS770_RS00155	39	100.000	208	0	0	1	208	1017	810	1.69e-107	385
HS770_RS00160	39	100.000	795	0	0	1	795	2087	1293	0.0	1469
HS770_RS00165	39	100.000	281	0	0	263	543	2460	2180	4.43e-148	520
HS770_RS00165	39	100.000	262	0	0	1	262	262	1	1.62e-137	484
HS770_RS00170	39	100.000	554	0	0	356	909	812	259	0.0	1024
HS770_RS00195	44	98.462	260	4	0	2	261	411	152	4.53e-130	459
HS770_RS00195	38	95.019	261	13	0	1	261	1390	1130	1.29e-115	411
HS770_RS00200	38	99.729	738	2	0	1	738	2297	1560	0.0	1352
HS770_RS00205	38	100.000	84	0	0	1	84	2505	2422	1.79e-39	156
HS770_RS00210	2	98.091	681	13	0	1	681	82882	83562	0.0	1186
HS770_RS00210	47	99.464	373	2	0	32	404	373	1	0.0	678
HS770_RS00210	23	99.278	277	2	0	405	681	1	277	2.03e-142	501
HS770_RS00210	44	97.727	264	6	0	418	681	1000	737	1.60e-128	455
HS770_RS00210	53	100.000	29	0	0	2	30	76	104	6.82e-08	54.7
HS798_RS00005	8	99.718	708	2	0	1	708	32941	33648	0.0	1297
HS798_RS00010	8	99.145	117	1	0	1	117	33893	34009	5.69e-56	211
HS798_RS00015	8	96.458	1920	68	0	1	1920	34025	35944	0.0	3169
HS798_RS00040	2	98.385	681	11	0	1	681	82882	83562	0.0	1197
HS798_RS00040	47	99.732	373	1	0	32	404	373	1	0.0	684
HS798_RS00040	23	99.639	277	1	0	405	681	1	277	4.36e-144	507
HS798_RS00040	44	98.106	264	5	0	418	681	1000	737	3.44e-130	460
HS798_RS00040	53	100.000	29	0	0	2	30	76	104	6.82e-08	54.7
HS798_RS00085	21	100.000	35	0	0	221	255	21698	21732	1.12e-11	65.8
HS798_RS00090	21	99.398	1163	7	0	1	1163	21773	22935	0.0	2109
HS798_RS00110	2	98.385	681	11	0	1	681	82882	83562	0.0	1197
HS798_RS00110	47	99.732	373	1	0	32	404	373	1	0.0	684
HS798_RS00110	23	99.639	277	1	0	405	681	1	277	4.36e-144	507
HS798_RS00110	44	98.106	264	5	0	418	681	1000	737	3.44e-130	460
HS798_RS00110	53	100.000	29	0	0	2	30	76	104	6.82e-08	54.7
PCCK411_p2	39	100.000	795	0	0	1	795	2087	1293	0.0	1469
HS674_RS00005	31	94.309	123	5	1	1	123	1858	1738	1.02e-48	187
HS375_RS00055	31	99.702	336	1	0	1	336	2365	2030	6.94e-177	616
HS375_RS00055	31	95.318	299	12	1	383	681	2034	1738	4.42e-134	473
HS375_RS00070	31	99.702	336	1	0	1	336	2365	2030	6.94e-177	616
HS375_RS00070	31	91.973	299	22	1	383	681	2034	1738	2.10e-117	418
HS375_RS00185	31	85.424	295	41	1	387	681	2030	1738	1.71e-83	305
HXI36_RS00025	2	98.385	681	11	0	1	681	82882	83562	0.0	1197
HXI36_RS00025	47	99.732	373	1	0	32	404	373	1	0.0	684
HXI36_RS00025	23	99.639	277	1	0	405	681	1	277	4.36e-144	507
HXI36_RS00025	44	98.106	264	5	0	418	681	1000	737	3.44e-130	460
HXI36_RS00025	53	100.000	29	0	0	2	30	76	104	6.82e-08	54.7
HXI36_RS00060	44	99.060	532	5	0	687	1218	683	152	0.0	955
HXI36_RS00060	38	94.231	260	15	0	959	1218	1389	1130	4.97e-111	398
HXI36_RS00065	51	100.000	135	0	0	33	167	135	1	2.71e-67	250
HXI36_RS00065	38	100.000	73	0	0	168	240	2626	2554	7.91e-33	135
HXI36_RS00065	38	100.000	31	0	0	1	31	32	2	1.76e-09	58.4
HXI36_RS00065	44	100.000	32	0	0	1	32	32	1	4.90e-10	60.2
HXI36_RS00070	38	100.000	84	0	0	1	84	2505	2422	1.79e-39	156
HXI36_RS00075	38	99.593	738	3	0	1	738	2297	1560	0.0	1347
HXI36_RS00080	44	98.462	260	4	0	2	261	411	152	4.53e-130	459
HXI36_RS00080	38	95.019	261	13	0	1	261	1390	1130	1.29e-115	411
HXI36_RS00085	38	97.547	897	22	0	1	897	1027	131	0.0	1535
HXI36_RS00090	51	97.037	135	4	0	27	161	135	1	1.10e-60	228
HXI36_RS00095	40	83.154	279	35	11	1	273	66	338	1.44e-65	244
HXI36_RS00100	40	96.415	781	28	0	84	864	423	1203	0.0	1288
HXI36_RS00105	40	99.057	318	3	0	1	318	1644	1961	6.87e-164	571
HXI36_RS00200	31	95.185	270	13	0	520	789	2672	2941	4.06e-120	427
HXI36_RS00210	2	98.385	681	11	0	1	681	82882	83562	0.0	1197
HXI36_RS00210	47	99.732	373	1	0	32	404	373	1	0.0	684
HXI36_RS00210	23	99.639	277	1	0	405	681	1	277	4.36e-144	507
HXI36_RS00210	44	98.106	264	5	0	418	681	1000	737	3.44e-130	460
HXI36_RS00210	53	100.000	29	0	0	2	30	76	104	6.82e-08	54.7
HXI36_RS00230	39	100.000	554	0	0	356	909	812	259	0.0	1024
HXI36_RS00235	39	100.000	281	0	0	263	543	2460	2180	4.43e-148	520
HXI36_RS00235	39	100.000	262	0	0	1	262	262	1	1.62e-137	484
HXI36_RS00240	39	100.000	795	0	0	1	795	2087	1293	0.0	1469
HXI36_RS00245	39	100.000	208	0	0	1	208	1017	810	1.78e-107	385
HXI36_RS00250	38	96.321	897	33	0	1	897	1027	131	0.0	1474
HXI36_RS00255	51	97.037	135	4	0	27	161	135	1	1.10e-60	228
HXI36_RS00260	40	84.588	279	31	11	1	273	66	338	3.08e-72	267
HXI36_RS00265	40	99.219	128	1	0	84	211	423	550	1.06e-61	231
HXI36_RS00265	53	100.000	47	0	0	212	258	1	47	2.43e-18	87.9
HXI36_RS00265	2	100.000	47	0	0	212	258	82808	82854	2.43e-18	87.9
HXI36_RS00270	2	98.385	681	11	0	1	681	82882	83562	0.0	1197
HXI36_RS00270	47	99.732	373	1	0	32	404	373	1	0.0	684
HXI36_RS00270	23	99.639	277	1	0	405	681	1	277	4.36e-144	507
HXI36_RS00270	44	98.106	264	5	0	418	681	1000	737	3.44e-130	460
HXI36_RS00270	53	100.000	29	0	0	2	30	76	104	6.82e-08	54.7
HXI36_RS00290	21	99.398	1163	7	0	1	1163	21773	22935	0.0	2109
HXI36_RS00295	21	100.000	35	0	0	221	255	21698	21732	1.12e-11	65.8
HTY10_RS00045	31	100.000	38	0	0	131	168	2438	2401	1.52e-13	71.3
PKP1_p6	2	98.253	687	12	0	1	687	82876	83562	0.0	1203
PKP1_p6	47	99.196	373	3	0	38	410	373	1	0.0	673
PKP1_p6	23	97.834	277	6	0	411	687	1	277	9.59e-136	479
PKP1_p6	44	98.485	264	4	0	424	687	1000	737	7.46e-132	466
PKP1_p6	53	97.222	36	1	0	1	36	69	104	4.11e-10	62.1
HS679_RS00025	44	97.932	532	11	0	1614	2145	683	152	0.0	922
HS679_RS00025	38	98.077	260	5	0	1886	2145	1389	1130	1.85e-127	453
HS679_RS00030	51	100.000	135	0	0	33	167	135	1	2.71e-67	250
HS679_RS00030	38	98.630	73	1	0	168	240	2626	2554	3.68e-31	130
HS679_RS00030	38	100.000	31	0	0	1	31	32	2	1.76e-09	58.4
HS679_RS00030	44	100.000	32	0	0	1	32	32	1	4.90e-10	60.2
HS679_RS00035	38	100.000	738	0	0	1	738	2297	1560	0.0	1363
HS679_RS00040	38	99.298	285	2	0	1	285	1414	1130	2.90e-147	516
HS679_RS00040	44	95.000	260	13	0	26	285	411	152	5.06e-115	409
HS679_RS00045	38	98.551	897	13	0	1	897	1027	131	0.0	1585
HS679_RS00050	51	97.778	135	3	0	27	161	135	1	2.35e-62	233
HS679_RS00050	40	100.000	49	0	0	162	210	1	49	1.50e-19	91.6
HS679_RS00055	40	96.703	273	9	0	1	273	66	338	6.12e-129	455
HS679_RS00060	40	98.380	864	14	0	1	864	340	1203	0.0	1519
HS679_RS00065	40	100.000	318	0	0	1	318	1644	1961	6.82e-169	588
HS679_RS00160	31	97.455	275	7	0	575	849	2667	2941	7.18e-133	470
HS326_RS00045	31	88.358	335	39	0	1	335	2365	2031	5.88e-113	403
HS326_RS00045	31	86.735	294	37	1	388	681	2029	1738	1.31e-89	326
HS346_RS00105	31	99.702	336	1	0	1	336	2365	2030	6.94e-177	616
HS346_RS00105	31	97.993	299	4	1	383	681	2034	1738	2.01e-147	518
HS346_RS00155	31	99.702	336	1	0	1	336	2365	2030	6.94e-177	616
HS346_RS00155	31	97.659	299	5	1	383	681	2034	1738	9.37e-146	512
HS346_RS00170	31	98.810	336	4	0	1	336	2365	2030	6.99e-172	599
HS346_RS00170	31	97.659	299	5	1	383	681	2034	1738	9.37e-146	512
HS346_RS00210	6	91.549	71	6	0	4	74	155162	155092	2.59e-22	99.0
HS346_RS00210	6	91.549	71	6	0	4	74	155727	155657	2.59e-22	99.0
HS346_RS00215	31	99.702	336	1	0	1	336	2365	2030	6.94e-177	616
HS346_RS00215	31	96.990	299	7	1	383	681	2034	1738	2.03e-142	501
HS346_RS00345	31	100.000	42	0	0	1885	1926	2438	2397	1.17e-14	78.7
HS346_RS00375	31	98.214	336	6	0	1	336	2365	2030	1.51e-168	588
HS346_RS00375	31	97.324	299	6	1	383	681	2034	1738	4.36e-144	507
HS253_RS00055	2	98.385	681	11	0	1	681	82882	83562	0.0	1197
HS253_RS00055	47	99.732	373	1	0	32	404	373	1	0.0	684
HS253_RS00055	23	99.639	277	1	0	405	681	1	277	4.36e-144	507
HS253_RS00055	44	98.106	264	5	0	418	681	1000	737	3.44e-130	460
HS253_RS00055	53	100.000	29	0	0	2	30	76	104	6.82e-08	54.7
HS253_RS00075	2	98.385	681	11	0	1	681	82882	83562	0.0	1197
HS253_RS00075	47	99.732	373	1	0	32	404	373	1	0.0	684
HS253_RS00075	23	99.639	277	1	0	405	681	1	277	4.36e-144	507
HS253_RS00075	44	98.106	264	5	0	418	681	1000	737	3.44e-130	460
HS253_RS00075	53	100.000	29	0	0	2	30	76	104	6.82e-08	54.7
HHF10_RS00110	38	100.000	73	0	0	12	84	2626	2554	2.34e-33	135
HHF10_RS00115	38	100.000	84	0	0	1	84	2505	2422	1.79e-39	156
HHF10_RS00120	38	99.593	738	3	0	1	738	2297	1560	0.0	1347
HHF08_RS00130	39	99.819	554	1	0	83	636	812	259	0.0	1018
HHF08_RS00135	39	100.000	262	0	0	1	262	262	1	1.58e-137	484
HHF08_RS00135	39	100.000	241	0	0	263	503	2460	2220	7.46e-126	446
HHF08_RS00135	39	100.000	40	0	0	492	531	2219	2180	4.05e-14	75.0
HHF08_RS00140	39	100.000	795	0	0	1	795	2087	1293	0.0	1469
HHF08_RS00145	39	100.000	208	0	0	1	208	1017	810	1.78e-107	385
HHF55_RS00005	2	98.385	681	11	0	1	681	82882	83562	0.0	1197
HHF55_RS00005	47	99.732	373	1	0	32	404	373	1	0.0	684
HHF55_RS00005	23	99.639	277	1	0	405	681	1	277	4.36e-144	507
HHF55_RS00005	44	98.106	264	5	0	418	681	1000	737	3.44e-130	460
HHF55_RS00005	53	100.000	29	0	0	2	30	76	104	6.82e-08	54.7
HHF42_RS00140	39	99.038	208	1	1	1	207	1017	810	1.39e-103	372
HHF42_RS00145	39	100.000	795	0	0	1	795	2087	1293	0.0	1469
HHF42_RS00150	39	100.000	262	0	0	1	262	262	1	1.58e-137	484
HHF42_RS00150	39	100.000	241	0	0	263	503	2460	2220	7.46e-126	446
HHF42_RS00150	39	100.000	40	0	0	492	531	2219	2180	4.05e-14	75.0
HHF42_RS00155	39	99.819	554	1	0	83	636	812	259	0.0	1018
HHF27_RS00010	39	99.819	554	1	0	83	636	812	259	0.0	1018
HHF27_RS00015	39	100.000	262	0	0	1	262	262	1	1.58e-137	484
HHF27_RS00015	39	100.000	241	0	0	263	503	2460	2220	7.46e-126	446
HHF27_RS00015	39	100.000	40	0	0	492	531	2219	2180	4.05e-14	75.0
HHF27_RS00020	39	100.000	795	0	0	1	795	2087	1293	0.0	1469
HHF27_RS00025	39	99.038	208	1	1	1	207	1017	810	1.39e-103	372
HHF23_RS00005	39	99.038	208	1	1	1	207	1017	810	1.39e-103	372
HHF23_RS00010	39	100.000	795	0	0	1	795	2087	1293	0.0	1469
HHF23_RS00015	39	100.000	262	0	0	1	262	262	1	1.58e-137	484
HHF23_RS00015	39	100.000	241	0	0	263	503	2460	2220	7.46e-126	446
HHF23_RS00015	39	100.000	40	0	0	492	531	2219	2180	4.05e-14	75.0
HHF23_RS00020	39	99.819	554	1	0	83	636	812	259	0.0	1018
HHF21_RS00050	39	99.819	554	1	0	83	636	812	259	0.0	1018
HHF21_RS00055	39	100.000	262	0	0	1	262	262	1	1.58e-137	484
HHF21_RS00055	39	100.000	241	0	0	263	503	2460	2220	7.46e-126	446
HHF21_RS00055	39	100.000	40	0	0	492	531	2219	2180	4.05e-14	75.0
HHF21_RS00060	39	100.000	795	0	0	1	795	2087	1293	0.0	1469
HHF21_RS00065	39	99.038	208	1	1	1	207	1017	810	1.39e-103	372
HHF18_RS00010	39	99.819	554	1	0	83	636	812	259	0.0	1018
HHF18_RS00015	39	100.000	262	0	0	1	262	262	1	1.58e-137	484
HHF18_RS00015	39	100.000	241	0	0	263	503	2460	2220	7.46e-126	446
HHF18_RS00015	39	100.000	40	0	0	492	531	2219	2180	4.05e-14	75.0
HHF18_RS00020	39	100.000	795	0	0	1	795	2087	1293	0.0	1469
HHF18_RS00025	39	99.519	208	0	1	1	207	1017	810	2.98e-105	377
HHF29_RS00005	4	92.453	53	4	0	1	53	160241	160189	4.00e-15	76.8
HHF20_RS00085	39	99.819	554	1	0	83	636	812	259	0.0	1018
HHF20_RS00090	39	100.000	262	0	0	1	262	262	1	1.58e-137	484
HHF20_RS00090	39	100.000	241	0	0	263	503	2460	2220	7.46e-126	446
HHF20_RS00090	39	100.000	40	0	0	492	531	2219	2180	4.05e-14	75.0
HHF20_RS00095	39	100.000	795	0	0	1	795	2087	1293	0.0	1469
HHF20_RS00100	39	99.038	208	1	1	1	207	1017	810	1.39e-103	372
HS257_RS00080	39	99.038	208	1	1	1	207	1017	810	1.39e-103	372
HS257_RS00085	39	100.000	795	0	0	1	795	2087	1293	0.0	1469
HS257_RS00090	39	100.000	262	0	0	1	262	262	1	1.58e-137	484
HS257_RS00090	39	100.000	241	0	0	263	503	2460	2220	7.46e-126	446
HS257_RS00090	39	100.000	40	0	0	492	531	2219	2180	4.05e-14	75.0
HS257_RS00095	39	99.819	554	1	0	83	636	812	259	0.0	1018
HS233_RS00080	39	99.038	208	1	1	1	207	1017	810	1.39e-103	372
HS233_RS00085	39	100.000	795	0	0	1	795	2087	1293	0.0	1469
HS233_RS00090	39	100.000	262	0	0	1	262	262	1	1.58e-137	484
HS233_RS00090	39	100.000	241	0	0	263	503	2460	2220	7.46e-126	446
HS233_RS00090	39	100.000	40	0	0	492	531	2219	2180	4.05e-14	75.0
HS233_RS00095	39	99.819	554	1	0	83	636	812	259	0.0	1018
HS349_RS00080	39	99.038	208	1	1	1	207	1017	810	1.39e-103	372
HS349_RS00085	39	100.000	795	0	0	1	795	2087	1293	0.0	1469
HS349_RS00090	39	100.000	262	0	0	1	262	262	1	1.58e-137	484
HS349_RS00090	39	100.000	241	0	0	263	503	2460	2220	7.46e-126	446
HS349_RS00090	39	100.000	40	0	0	492	531	2219	2180	4.05e-14	75.0
HS349_RS00095	39	99.819	554	1	0	83	636	812	259	0.0	1018
HS273_RS00080	39	99.038	208	1	1	1	207	1017	810	1.39e-103	372
HS273_RS00085	39	100.000	795	0	0	1	795	2087	1293	0.0	1469
HS273_RS00090	39	100.000	262	0	0	1	262	262	1	1.58e-137	484
HS273_RS00090	39	100.000	241	0	0	263	503	2460	2220	7.46e-126	446
HS273_RS00090	39	100.000	40	0	0	492	531	2219	2180	4.05e-14	75.0
HS273_RS00095	39	99.819	554	1	0	83	636	812	259	0.0	1018
HS360_RS00080	39	99.038	208	1	1	1	207	1017	810	1.39e-103	372
HS360_RS00085	39	100.000	795	0	0	1	795	2087	1293	0.0	1469
HS360_RS00090	39	100.000	262	0	0	1	262	262	1	1.58e-137	484
HS360_RS00090	39	100.000	241	0	0	263	503	2460	2220	7.46e-126	446
HS360_RS00090	39	100.000	40	0	0	492	531	2219	2180	4.05e-14	75.0
HS360_RS00095	39	99.819	554	1	0	83	636	812	259	0.0	1018
HS373_RS00080	39	99.038	208	1	1	1	207	1017	810	1.39e-103	372
HS373_RS00085	39	100.000	795	0	0	1	795	2087	1293	0.0	1469
HS373_RS00090	39	100.000	262	0	0	1	262	262	1	1.58e-137	484
HS373_RS00090	39	100.000	241	0	0	263	503	2460	2220	7.46e-126	446
HS373_RS00090	39	100.000	40	0	0	492	531	2219	2180	4.05e-14	75.0
HS373_RS00095	39	99.819	554	1	0	83	636	812	259	0.0	1018
HS268_RS00080	39	99.038	208	1	1	1	207	1017	810	1.39e-103	372
HS268_RS00085	39	100.000	795	0	0	1	795	2087	1293	0.0	1469
HS268_RS00090	39	100.000	262	0	0	1	262	262	1	1.58e-137	484
HS268_RS00090	39	100.000	241	0	0	263	503	2460	2220	7.46e-126	446
HS268_RS00090	39	100.000	40	0	0	492	531	2219	2180	4.05e-14	75.0
HS268_RS00095	39	99.819	554	1	0	83	636	812	259	0.0	1018
D686_p03	31	88.364	275	32	0	440	714	2667	2941	2.96e-91	331
D686_p36	21	99.283	837	6	0	1	837	22099	22935	0.0	1513
D686_p37	21	98.625	291	4	0	1	291	21773	22063	2.97e-147	516
D686_p34	44	99.060	532	5	0	1146	1677	683	152	0.0	955
D686_p34	38	94.231	260	15	0	1418	1677	1389	1130	6.87e-111	398
D686_p33	51	100.000	135	0	0	27	161	135	1	2.63e-67	250
D686_p33	38	98.630	73	1	0	162	234	2626	2554	3.58e-31	130
D686_p32	38	99.187	738	6	0	1	738	2297	1560	0.0	1330
D686_p31	38	98.551	897	13	0	1	897	1027	131	0.0	1585
D686_p30	51	97.778	135	3	0	33	167	135	1	2.43e-62	233
D686_p30	40	100.000	49	0	0	168	216	1	49	1.55e-19	91.6
D686_p30	38	96.875	32	1	0	1	32	32	1	2.03e-08	54.7
D686_p10	40	96.703	273	9	0	1	273	66	338	6.12e-129	455
D686_p09	40	98.148	162	3	0	1	162	340	501	1.72e-77	283
D686_p11	40	97.151	702	20	0	1	702	502	1203	0.0	1186
D686_p41	40	99.371	318	2	0	1	318	1644	1961	1.48e-165	577
HS979_RS00040	31	79.932	294	49	9	187	476	2026	1739	3.42e-54	207
HS979_RS00040	2	73.684	475	117	7	2	472	83087	83557	2.69e-45	178
HS979_RS00045	44	98.198	111	2	0	4	114	847	737	5.56e-51	195
HS979_RS00045	2	97.368	114	3	0	1	114	83449	83562	5.56e-51	195
HS979_RS00045	23	96.491	114	4	0	1	114	164	277	2.58e-49	189
D746_p03	2	98.544	687	10	0	1	687	82876	83562	0.0	1214
D746_p03	47	99.732	373	1	0	38	410	373	1	0.0	684
D746_p03	23	99.278	277	2	0	411	687	1	277	2.05e-142	501
D746_p03	44	98.485	264	4	0	424	687	1000	737	7.46e-132	466
D746_p03	53	97.222	36	1	0	1	36	69	104	4.11e-10	62.1
D746_p1004	2	98.544	687	10	0	1	687	82876	83562	0.0	1214
D746_p1004	47	99.732	373	1	0	38	410	373	1	0.0	684
D746_p1004	23	99.278	277	2	0	411	687	1	277	2.05e-142	501
D746_p1004	44	98.485	264	4	0	424	687	1000	737	7.46e-132	466
D746_p1004	53	97.222	36	1	0	1	36	69	104	4.11e-10	62.1
HTA12_RS00030	2	92.308	39	3	0	400	438	83630	83592	1.20e-08	56.5
HTA12_RS00035	2	98.238	681	12	0	1	681	82882	83562	0.0	1192
HTA12_RS00035	47	99.464	373	2	0	32	404	373	1	0.0	678
HTA12_RS00035	23	97.834	277	6	0	405	681	1	277	9.50e-136	479
HTA12_RS00035	44	98.485	264	4	0	418	681	1000	737	7.40e-132	466
HTA12_RS00050	8	79.005	1929	384	20	2	1920	34026	35943	0.0	1299
HTA12_RS00055	8	84.524	168	26	0	1	168	36067	36234	1.89e-42	167
HTA12_RS00060	2	98.385	681	11	0	1	681	82882	83562	0.0	1197
HTA12_RS00060	47	99.464	373	2	0	32	404	373	1	0.0	678
HTA12_RS00060	23	97.834	277	6	0	405	681	1	277	9.50e-136	479
HTA12_RS00060	44	98.485	264	4	0	418	681	1000	737	7.40e-132	466
HTA12_RS00060	53	100.000	29	0	0	2	30	76	104	6.82e-08	54.7
HS631_RS00050	31	99.405	336	2	0	1	336	2365	2030	3.23e-175	610
HS631_RS00050	31	97.324	299	6	1	383	681	2034	1738	4.36e-144	507
HS631_RS00065	31	86.441	295	38	1	387	681	2030	1738	1.69e-88	322
HS631_RS00125	31	98.214	336	6	0	1	336	2365	2030	1.51e-168	588
HS631_RS00125	31	96.321	299	9	1	383	681	2034	1738	4.39e-139	490
HS631_RS00125	2	78.550	676	135	10	1	671	82882	83552	5.80e-123	436
HS631_RS00125	47	84.127	315	47	3	40	352	365	52	2.21e-82	302
HS631_RS00160	31	86.441	295	38	1	387	681	2030	1738	1.69e-88	322
HS631_RS00180	31	98.214	336	6	0	1	336	2365	2030	1.51e-168	588
HS631_RS00180	31	96.990	299	7	1	383	681	2034	1738	2.03e-142	501
HS631_RS00180	2	78.698	676	134	10	1	671	82882	83552	1.25e-124	442
HS631_RS00180	47	84.127	315	47	3	40	352	365	52	2.21e-82	302
HS631_RS00225	31	99.702	336	1	0	1	336	2365	2030	6.92e-177	616
HS631_RS00225	31	95.987	299	8	3	383	679	2034	1738	7.32e-137	483
D686_p1008	31	88.364	275	32	0	431	705	2667	2941	2.92e-91	331
D686_p1035	21	99.283	837	6	0	1	837	22099	22935	0.0	1513
D686_p1036	21	98.625	291	4	0	1	291	21773	22063	2.97e-147	516
D686_p1033	44	99.060	532	5	0	678	1209	683	152	0.0	955
D686_p1033	38	94.231	260	15	0	950	1209	1389	1130	4.93e-111	398
D686_p1032	51	100.000	135	0	0	27	161	135	1	2.63e-67	250
D686_p1032	38	98.630	73	1	0	162	234	2626	2554	3.58e-31	130
D686_p1031	38	99.187	738	6	0	1	738	2297	1560	0.0	1330
D686_p1030	38	98.551	897	13	0	1	897	1027	131	0.0	1585
D686_p1029	51	97.778	135	3	0	33	167	135	1	2.43e-62	233
D686_p1029	40	100.000	49	0	0	168	216	1	49	1.55e-19	91.6
D686_p1029	38	96.875	32	1	0	1	32	32	1	2.03e-08	54.7
D686_p1010	40	96.703	273	9	0	1	273	66	338	6.12e-129	455
D686_p1009	40	98.148	162	3	0	1	162	340	501	1.72e-77	283
D686_p1011	40	97.151	702	20	0	1	702	502	1203	0.0	1186
D686_p1042	40	99.371	318	2	0	1	318	1644	1961	1.48e-165	577
HS940_RS00335	38	100.000	738	0	0	1	738	2297	1560	0.0	1363
pCC31p01	8	81.799	1912	334	13	1	1905	34025	35929	0.0	1591
HS335_RS00010	40	97.436	117	3	0	1	117	1087	1203	1.23e-52	200
HS335_RS00035	44	93.045	532	37	0	1614	2145	683	152	0.0	778
HS335_RS00035	38	96.538	260	9	0	1886	2145	1389	1130	8.69e-121	431
HS335_RS00040	51	97.778	135	3	0	27	161	135	1	2.65e-62	233
HS335_RS00040	38	98.630	73	1	0	162	234	2626	2554	3.58e-31	130
HS335_RS00045	38	98.611	72	1	0	25	96	2493	2422	4.63e-31	128
HS335_RS00050	38	98.916	738	8	0	1	738	2297	1560	0.0	1319
HS335_RS00055	44	98.462	260	4	0	2	261	411	152	4.53e-130	459
HS335_RS00055	38	95.019	261	13	0	1	261	1390	1130	1.29e-115	411
HS335_RS00060	38	98.328	897	15	0	1	897	1027	131	0.0	1574
HS335_RS00065	51	100.000	135	0	0	27	161	135	1	2.34e-67	250
HS335_RS00070	40	97.802	273	6	0	1	273	66	338	6.08e-134	472
HS335_RS00075	40	96.667	150	4	1	1	149	340	489	6.11e-67	248
pGB3631_p5	44	99.022	511	4	1	438	948	683	174	0.0	915
pGB3631_p5	38	94.142	239	13	1	710	948	1389	1152	1.40e-100	363
pGB3631_p6	38	100.000	84	0	0	1	84	2505	2422	1.79e-39	156
pGB3631_p7	38	99.593	738	3	0	1	738	2297	1560	0.0	1347
pGB3631_p8	38	97.727	132	3	0	1	132	1555	1424	6.46e-61	228
pLK0018_p04	44	99.060	532	5	0	1614	2145	683	152	0.0	955
pLK0018_p04	38	94.231	260	15	0	1886	2145	1389	1130	8.81e-111	398
pLK0018_p05	38	100.000	84	0	0	1	84	2505	2422	1.79e-39	156
pLK0018_p06	38	100.000	738	0	0	1	738	2297	1560	0.0	1363
pLK0018_p07	38	97.727	132	3	0	1	132	1555	1424	6.46e-61	228
pLK0018_p08	38	97.882	897	19	0	1	897	1027	131	0.0	1552
pLK0018_p09	40	83.154	279	35	11	1	273	66	338	1.44e-65	244
pLK0018_p10	40	96.415	781	28	0	84	864	423	1203	0.0	1288
pLK0018_p11	40	98.910	367	3	1	1	366	1595	1961	0.0	654
pLK0018_p16	2	99.854	687	1	0	1	687	82876	83562	0.0	1264
pLK0018_p16	47	99.732	373	1	0	38	410	373	1	0.0	684
pLK0018_p16	44	100.000	277	0	0	411	687	1013	737	9.45e-146	512
pLK0018_p16	23	96.377	276	10	0	412	687	2	277	1.62e-128	455
pLK0018_p16	53	97.222	36	1	0	1	36	69	104	4.11e-10	62.1
pLK0018_p17	53	100.000	33	0	0	1	33	33	1	1.40e-10	62.1
pLK0018_p17	2	100.000	33	0	0	1	33	82840	82808	1.40e-10	62.1
pLK0018_p18	8	78.983	1946	386	22	1	1935	34010	35943	0.0	1306
pLK0018_p19	38	99.593	738	3	0	1	738	2297	1560	0.0	1347
PGL3_p7	31	99.361	939	6	0	1	939	3069	4007	0.0	1701
PGL3_p8	31	99.711	1038	3	0	1	1038	4033	5070	0.0	1901
PGL3_p9	31	93.114	334	23	0	1	334	2365	2032	2.52e-139	490
PGL3_p9	2	88.669	353	39	1	1	352	82882	83234	5.57e-121	429
PGL3_p9	47	90.127	314	30	1	40	352	365	52	2.61e-114	407
pTE44_p1	38	100.000	84	0	0	1	84	2505	2422	1.79e-39	156
pTE44_p2	38	99.070	753	7	0	1	753	2309	1557	0.0	1352
pAE78_p2	38	99.190	741	6	0	1	741	2297	1557	0.0	1336
PAQU1_175	8	99.471	189	0	1	1	189	36557	36370	3.34e-95	342
PAQU1_177	8	94.740	1920	101	0	1	1920	34025	35944	0.0	2987
TETHALO_p13	2	98.399	687	11	0	1	687	82876	83562	0.0	1208
TETHALO_p13	47	99.732	373	1	0	38	410	373	1	0.0	684
TETHALO_p13	23	98.917	277	3	0	411	687	1	277	9.52e-141	496
TETHALO_p13	44	98.106	264	5	0	424	687	1000	737	3.47e-130	460
TETHALO_p13	53	97.222	36	1	0	1	36	69	104	4.11e-10	62.1
pHDCHO_p17	2	98.544	687	10	0	1	687	82876	83562	0.0	1214
pHDCHO_p17	47	99.732	373	1	0	38	410	373	1	0.0	684
pHDCHO_p17	23	99.278	277	2	0	411	687	1	277	2.05e-142	501
pHDCHO_p17	44	98.485	264	4	0	424	687	1000	737	7.46e-132	466
pHDCHO_p17	53	97.222	36	1	0	1	36	69	104	4.11e-10	62.1
pHDCI_p08	2	98.399	687	11	0	1	687	82876	83562	0.0	1208
pHDCI_p08	47	99.732	373	1	0	38	410	373	1	0.0	684
pHDCI_p08	23	98.917	277	3	0	411	687	1	277	9.52e-141	496
pHDCI_p08	44	98.106	264	5	0	424	687	1000	737	3.47e-130	460
pHDCI_p08	53	97.222	36	1	0	1	36	69	104	4.11e-10	62.1
D681_p3009	38	98.810	84	1	0	1	84	2505	2422	8.34e-38	150
D681_p3008	38	99.729	738	2	0	1	738	2297	1560	0.0	1352
I637_p03	6	76.324	321	51	15	831	1138	155853	155545	5.27e-36	148
I637_p03	6	75.444	338	60	15	822	1142	155297	154966	2.45e-34	143
D680_p3006	8	94.315	1935	110	0	1	1935	34010	35944	0.0	2964
D680_p3004	8	100.000	87	0	0	1	87	33923	34009	4.03e-41	161
HTC03_RS00340	39	81.762	488	87	2	356	842	812	326	5.81e-114	407
HTB69_RS00030	2	98.678	681	9	0	1	681	82882	83562	0.0	1208
HTB69_RS00030	47	99.464	373	2	0	32	404	373	1	0.0	678
HTB69_RS00030	23	98.556	277	4	0	405	681	1	277	4.39e-139	490
HTB69_RS00030	44	99.242	264	2	0	418	681	1000	737	3.42e-135	477
HTB69_RS00030	53	100.000	29	0	0	2	30	76	104	6.82e-08	54.7
HTB69_RS00055	2	98.678	681	9	0	1	681	82882	83562	0.0	1208
HTB69_RS00055	47	99.732	373	1	0	32	404	373	1	0.0	684
HTB69_RS00055	23	98.195	277	5	0	405	681	1	277	2.04e-137	484
HTB69_RS00055	44	98.864	264	3	0	418	681	1000	737	1.59e-133	472
HTB69_RS00055	53	100.000	29	0	0	2	30	76	104	6.82e-08	54.7
HTB69_RS00060	8	84.524	168	26	0	1	168	36067	36234	1.89e-42	167
HTB69_RS00065	8	79.005	1929	384	20	2	1920	34026	35943	0.0	1299
HTB69_RS00085	2	98.825	681	8	0	1	681	82882	83562	0.0	1214
HTB69_RS00085	47	99.732	373	1	0	32	404	373	1	0.0	684
HTB69_RS00085	23	98.556	277	4	0	405	681	1	277	4.39e-139	490
HTB69_RS00085	44	99.242	264	2	0	418	681	1000	737	3.42e-135	477
HTB69_RS00085	53	100.000	29	0	0	2	30	76	104	6.82e-08	54.7
HKJ00_RS00210	31	93.433	335	22	0	1	335	2365	2031	2.62e-141	497
HKJ00_RS00210	31	87.676	284	33	1	397	680	2020	1739	1.01e-90	329
HKJ00_RS00225	31	96.491	114	2	1	1	114	1849	1738	9.30e-49	187
HKJ00_RS00240	31	93.134	335	23	0	1	335	2365	2031	1.22e-139	492
HKJ00_RS00240	31	87.676	284	33	1	397	680	2020	1739	1.01e-90	329
HKK13_RS00020	31	92.836	335	24	0	1	335	2365	2031	5.68e-138	486
HKK13_RS00020	31	86.441	295	38	1	387	681	2030	1738	1.69e-88	322
pAH82_p06	31	93.433	335	22	0	1	335	2365	2031	2.62e-141	497
pAH82_p06	31	87.324	284	34	1	397	680	2020	1739	4.71e-89	324
HXI31_RS00095	2	99.706	681	2	0	1	681	82882	83562	0.0	1247
HXI31_RS00095	47	99.464	373	2	0	32	404	373	1	0.0	678
HXI31_RS00095	44	100.000	277	0	0	405	681	1013	737	9.37e-146	512
HXI31_RS00095	23	96.377	276	10	0	406	681	2	277	1.60e-128	455
HXI31_RS00095	53	100.000	29	0	0	2	30	76	104	6.82e-08	54.7
HXI31_RS00125	2	99.706	681	2	0	1	681	82882	83562	0.0	1247
HXI31_RS00125	47	99.464	373	2	0	32	404	373	1	0.0	678
HXI31_RS00125	44	100.000	277	0	0	405	681	1013	737	9.37e-146	512
HXI31_RS00125	23	96.377	276	10	0	406	681	2	277	1.60e-128	455
HXI31_RS00125	53	100.000	29	0	0	2	30	76	104	6.82e-08	54.7
HXI31_RS00130	23	98.529	204	3	0	10	213	74	277	1.05e-100	361
HXI31_RS00130	44	98.039	204	4	0	10	213	940	737	4.89e-99	355
HXI31_RS00130	2	98.039	204	4	0	10	213	83359	83562	4.89e-99	355
HXI31_RS00145	8	84.524	168	26	0	1	168	36067	36234	1.89e-42	167
HXI31_RS00150	8	78.964	1930	383	22	2	1920	34026	35943	0.0	1293
HXI31_RS00170	2	98.385	681	11	0	1	681	82882	83562	0.0	1197
HXI31_RS00170	47	99.732	373	1	0	32	404	373	1	0.0	684
HXI31_RS00170	23	98.917	277	3	0	405	681	1	277	9.43e-141	496
HXI31_RS00170	44	98.106	264	5	0	418	681	1000	737	3.44e-130	460
HXI31_RS00170	53	100.000	29	0	0	2	30	76	104	6.82e-08	54.7
pHDCRI_p06	2	98.108	687	13	0	1	687	82876	83562	0.0	1197
pHDCRI_p06	47	99.464	373	2	0	38	410	373	1	0.0	678
pHDCRI_p06	23	98.917	277	3	0	411	687	1	277	9.52e-141	496
pHDCRI_p06	44	98.106	264	5	0	424	687	1000	737	3.47e-130	460
pHDCRI_p06	53	100.000	36	0	0	1	36	69	104	8.84e-12	67.6
HS652_RS00080	38	99.593	738	3	0	1	738	2297	1560	0.0	1347
HS652_RS00085	38	100.000	84	0	0	1	84	2505	2422	1.79e-39	156
HS652_RS00090	38	100.000	73	0	0	12	84	2626	2554	2.34e-33	135
PGL4_p04	31	86.441	295	38	1	387	681	2030	1738	1.69e-88	322
pLME300_p11	38	97.727	132	3	0	1	132	1555	1424	6.46e-61	228
pLME300_p12	38	99.234	261	2	0	490	750	1820	1560	1.76e-133	472
pLME300_p13	38	100.000	69	0	0	1	69	2490	2422	3.01e-31	128
pLME300_p14	51	100.000	95	0	0	1	95	95	1	3.13e-45	176
pLME300_p14	38	100.000	73	0	0	96	168	2626	2554	5.32e-33	135
D684_p4005	44	96.241	532	20	0	1614	2145	683	152	0.0	872
D684_p4005	38	94.231	260	15	0	1886	2145	1389	1130	8.81e-111	398
D684_p4006	38	97.436	897	23	0	1	897	1027	131	0.0	1530
D684_p4007	51	100.000	135	0	0	33	167	135	1	2.41e-67	250
D684_p4007	38	100.000	32	0	0	1	32	32	1	4.36e-10	60.2
D684_p4007	44	100.000	31	0	0	1	31	32	2	1.57e-09	58.4
D684_p4008	40	97.802	273	6	0	1	273	66	338	6.08e-134	472
D684_p4009	40	96.412	864	31	0	1	864	340	1203	0.0	1424
D684_p4010	38	99.214	763	5	1	1	762	2322	1560	0.0	1375
D684_p4011	38	96.522	115	0	1	1	111	2505	2391	9.00e-49	187
D684_p4012	40	96.412	864	31	0	1	864	340	1203	0.0	1424
D684_p4013	40	97.802	273	6	0	1	273	66	338	6.08e-134	472
D684_p4014	51	100.000	135	0	0	33	167	135	1	2.41e-67	250
D684_p4014	38	100.000	32	0	0	1	32	32	1	4.36e-10	60.2
D684_p4014	44	100.000	31	0	0	1	31	32	2	1.57e-09	58.4
D684_p4015	38	97.436	897	23	0	1	897	1027	131	0.0	1530
D684_p4016	44	96.241	532	20	0	1614	2145	683	152	0.0	872
D684_p4016	38	94.231	260	15	0	1886	2145	1389	1130	8.81e-111	398
D684_p4021	31	95.556	270	12	0	538	807	2672	2941	8.94e-122	433
MA33_p141	8	94.740	1920	101	0	1	1920	34025	35944	0.0	2987
D687_p2005	22	83.788	586	95	0	8	593	23084	23669	3.84e-159	556
D687_p2011	2	98.091	681	13	0	1	681	82882	83562	0.0	1186
D687_p2011	47	99.196	373	3	0	32	404	373	1	0.0	673
D687_p2011	23	99.639	277	1	0	405	681	1	277	4.36e-144	507
D687_p2011	44	98.106	264	5	0	418	681	1000	737	3.44e-130	460
D687_p2011	53	100.000	29	0	0	2	30	76	104	6.82e-08	54.7
D687_p2012	2	100.000	34	0	0	1446	1479	83618	83585	2.50e-10	63.9
D687_p2012	44	100.000	33	0	0	1447	1479	682	714	9.01e-10	62.1
D687_p2012	23	100.000	32	0	0	1448	1479	331	300	3.24e-09	60.2
D687_p2026	39	99.873	786	1	0	1	786	2078	1293	0.0	1447
D687_p2027	39	100.000	281	0	0	251	531	2460	2180	4.33e-148	520
D687_p2027	39	100.000	250	0	0	1	250	250	1	7.40e-131	462
D687_p2028	39	100.000	554	0	0	356	909	812	259	0.0	1024
D687_p2033	38	97.727	132	3	0	1	132	1555	1424	6.46e-61	228
D687_p2034	38	99.729	738	2	0	1	738	2297	1560	0.0	1352
D687_p2035	2	98.253	687	12	0	1	687	82876	83562	0.0	1203
D687_p2035	47	99.464	373	2	0	38	410	373	1	0.0	678
D687_p2035	23	99.639	277	1	0	411	687	1	277	4.40e-144	507
D687_p2035	44	98.106	264	5	0	424	687	1000	737	3.47e-130	460
D687_p2035	53	97.222	36	1	0	1	36	69	104	4.11e-10	62.1
gene3_PBCN04	35	84.046	1379	216	4	1	1377	582	1958	0.0	1325
gene4_PBCN05	35	84.522	575	89	0	76	650	1	575	5.28e-163	569
gene5_PBCN06	27	80.663	1236	227	9	1	1230	12696	13925	0.0	948
gene19_PBCN20	31	75.134	933	201	23	1	917	114	1031	1.83e-114	409
A7J11_01120	38	100.000	738	0	0	1	738	2297	1560	0.0	1363
LMOSLCC2755_RS00100	2	82.440	672	116	2	1	671	82882	83552	5.44e-168	586
LMOSLCC2755_RS00100	23	83.333	276	46	0	406	681	2	277	1.74e-68	255
LMOSLCC2755_RS00100	44	83.650	263	43	0	412	674	1006	744	2.92e-66	248
LMOSLCC2755_RS00105	2	92.896	366	24	2	1	365	82876	83240	1.45e-151	531
LMOSLCC2755_RS00105	47	92.097	329	24	2	38	365	373	46	5.36e-131	462
LMOSLCC2755_RS00105	31	89.583	336	35	0	7	342	2365	2030	1.95e-120	427
LMOSLCC2755_RS00105	53	97.222	36	1	0	1	36	69	104	2.28e-10	62.1
LMOSLCC2755_RS00135	31	99.663	297	1	0	1	297	2326	2030	3.12e-155	544
LMOSLCC2755_RS00135	31	98.328	299	3	1	344	642	2034	1738	4.07e-149	523
A3768_RS22465	36	80.642	1028	175	19	1760	2771	1345	326	0.0	774
A3768_RS22465	36	75.862	1044	220	31	377	1401	2718	1688	2.45e-142	503
A3768_RS22480	41	79.501	1322	224	37	246	1541	1368	68	0.0	896
CY96_RS27335	6	95.946	74	3	0	1	74	155960	155887	5.54e-29	121
CY96_RS27335	1	89.189	74	8	0	1	74	30609	30536	1.21e-20	93.5
LRATCC53608_RS10145	6	90.278	72	6	1	1	72	154877	154807	1.16e-20	93.5
LRATCC53608_RS10145	6	90.278	72	6	1	1	72	155540	155470	1.16e-20	93.5
BCE33L_RS28940	21	100.000	35	0	0	241	275	22007	22041	5.30e-11	65.8
BCE33L_RS29010	3	72.426	573	144	10	31	596	51015	50450	8.62e-43	171
BCE33L_RS29230	16	71.049	829	203	33	112	923	6283	7091	2.26e-41	167
NALG_RS09880	47	98.942	189	2	0	1	189	298	110	4.31e-94	339
NALG_RS09880	2	98.942	189	2	0	1	189	82988	83176	4.31e-94	339
NALG_RS09885	2	98.475	459	7	0	1	459	83104	83562	0.0	809
NALG_RS09885	23	98.556	277	4	0	183	459	1	277	2.92e-139	490
NALG_RS09885	44	99.242	264	2	0	196	459	1000	737	2.27e-135	477
NALG_RS09885	47	100.000	182	0	0	1	182	182	1	4.02e-93	337
NALG_RS09905	23	100.000	30	0	0	1	30	304	333	5.07e-09	56.5
NALG_RS09905	44	100.000	28	0	0	1	28	710	683	6.55e-08	52.8
NALG_RS09905	2	100.000	28	0	0	1	28	83589	83616	6.55e-08	52.8
NALG_RS09910	2	98.690	687	9	0	1	687	82876	83562	0.0	1219
NALG_RS09910	47	99.464	373	2	0	38	410	373	1	0.0	678
NALG_RS09910	23	98.556	277	4	0	411	687	1	277	4.43e-139	490
NALG_RS09910	44	99.242	264	2	0	424	687	1000	737	3.45e-135	477
NALG_RS09910	53	97.222	36	1	0	1	36	69	104	4.11e-10	62.1
NALG_RS09945	2	98.690	687	9	0	1	687	82876	83562	0.0	1219
NALG_RS09945	47	99.464	373	2	0	38	410	373	1	0.0	678
NALG_RS09945	23	98.556	277	4	0	411	687	1	277	4.43e-139	490
NALG_RS09945	44	99.242	264	2	0	424	687	1000	737	3.45e-135	477
NALG_RS09945	53	97.222	36	1	0	1	36	69	104	4.11e-10	62.1
NALG_RS09980	53	100.000	30	0	0	1	30	30	1	7.95e-09	56.5
NALG_RS09980	2	100.000	30	0	0	1	30	82837	82808	7.95e-09	56.5
CA739_RS40325	36	86.275	561	75	2	2147	2707	891	333	4.94e-174	608
CA739_RS40325	36	75.414	1269	237	55	175	1399	2941	1704	3.93e-155	545
CA739_RS40325	36	81.238	501	80	10	1509	2006	1521	1032	5.42e-109	392
CA739_RS40330	41	79.452	1314	221	33	218	1496	1368	69	0.0	885
CA732_RS35670	19	91.667	72	5	1	1	72	908	978	2.50e-22	99.0
CA740_RS33780	36	82.034	1180	169	36	1612	2772	1488	333	0.0	965
CA740_RS33785	41	81.131	1309	207	29	208	1485	1368	69	0.0	1013
B7D49_RS01960	38	99.057	106	1	0	1	106	1555	1450	6.96e-50	191
B7D49_RS01965	38	99.729	738	2	0	1	738	2297	1560	0.0	1352
B7D49_RS01970	38	97.222	72	2	0	25	96	2493	2422	2.16e-29	122
FHK66_RS13800	21	71.737	1157	279	42	12	1143	21779	22912	4.95e-76	281
FHK66_RS13850	21	99.313	1164	7	1	1	1164	21773	22935	0.0	2104
FHK66_RS13890	2	98.091	681	11	2	1	679	82882	83562	0.0	1184
FHK66_RS13890	47	99.196	373	1	2	32	402	373	1	0.0	671
FHK66_RS13890	23	99.639	277	1	0	403	679	1	277	4.34e-144	507
FHK66_RS13890	44	98.106	264	5	0	416	679	1000	737	3.43e-130	460
FHK66_RS13890	53	100.000	29	0	0	2	30	76	104	6.80e-08	54.7
FHK66_RS13930	2	97.944	681	14	0	1	681	82882	83562	0.0	1181
FHK66_RS13930	47	98.928	373	4	0	32	404	373	1	0.0	667
FHK66_RS13930	23	99.639	277	1	0	405	681	1	277	4.36e-144	507
FHK66_RS13930	44	98.106	264	5	0	418	681	1000	737	3.44e-130	460
FHK66_RS13930	53	100.000	29	0	0	2	30	76	104	6.82e-08	54.7
FHK66_RS14060	31	86.790	757	100	0	423	1179	6131	5375	0.0	845
FHK66_RS14065	43	98.762	969	12	0	1	969	97	1065	0.0	1724
FHK66_RS14070	31	86.526	757	102	0	423	1179	6131	5375	0.0	833
FHK66_RS14150	2	98.091	681	13	0	1	681	82882	83562	0.0	1186
FHK66_RS14150	47	99.464	373	2	0	32	404	373	1	0.0	678
FHK66_RS14150	23	99.278	277	2	0	405	681	1	277	2.03e-142	501
FHK66_RS14150	44	97.727	264	6	0	418	681	1000	737	1.60e-128	455
FHK66_RS14150	53	100.000	29	0	0	2	30	76	104	6.82e-08	54.7
FHK66_RS14195	2	98.238	681	12	0	1	681	82882	83562	0.0	1192
FHK66_RS14195	47	99.464	373	2	0	32	404	373	1	0.0	678
FHK66_RS14195	23	99.639	277	1	0	405	681	1	277	4.36e-144	507
FHK66_RS14195	44	98.106	264	5	0	418	681	1000	737	3.44e-130	460
FHK66_RS14195	53	100.000	29	0	0	2	30	76	104	6.82e-08	54.7
FHK66_RS14280	2	97.222	684	16	1	1	684	82882	83562	0.0	1155
FHK66_RS14280	47	98.660	373	5	0	32	404	373	1	0.0	662
FHK66_RS14280	23	98.214	280	2	1	405	684	1	277	5.70e-138	486
FHK66_RS14280	44	96.629	267	6	1	418	684	1000	737	4.50e-124	440
FHK66_RS14280	53	100.000	29	0	0	2	30	76	104	6.85e-08	54.7
FHK66_RS14365	22	82.252	817	141	4	1	815	20706	21520	0.0	702
FHK66_RS14370	22	80.828	652	115	9	37	683	20514	19868	5.71e-143	503
FHK66_RS14375	22	81.415	1512	263	17	1	1503	19850	18348	0.0	1219
FHK66_RS14470	2	98.238	681	12	0	1	681	82882	83562	0.0	1192
FHK66_RS14470	47	99.464	373	2	0	32	404	373	1	0.0	678
FHK66_RS14470	23	99.278	277	2	0	405	681	1	277	2.03e-142	501
FHK66_RS14470	44	98.106	264	5	0	418	681	1000	737	3.44e-130	460
FHK66_RS14470	53	100.000	29	0	0	2	30	76	104	6.82e-08	54.7
FHK66_RS14510	2	83.772	684	105	6	1	681	82882	83562	0.0	643
FHK66_RS14510	23	86.547	223	30	0	459	681	55	277	1.05e-65	246
FHK66_RS14510	44	86.099	223	31	0	459	681	959	737	4.88e-64	241
FHK66_RS14540	2	98.091	681	12	1	1	680	82882	83562	0.0	1184
FHK66_RS14540	47	99.464	373	1	1	32	403	373	1	0.0	676
FHK66_RS14540	23	99.278	277	2	0	404	680	1	277	2.02e-142	501
FHK66_RS14540	44	97.727	264	6	0	417	680	1000	737	1.60e-128	455
FHK66_RS14540	53	100.000	29	0	0	2	30	76	104	6.81e-08	54.7
FHK66_RS14590	39	81.762	488	87	2	356	842	812	326	5.81e-114	407
FHK66_RS14605	2	98.091	681	12	1	1	680	82882	83562	0.0	1184
FHK66_RS14605	47	99.464	373	1	1	32	403	373	1	0.0	676
FHK66_RS14605	23	99.278	277	2	0	404	680	1	277	2.02e-142	501
FHK66_RS14605	44	97.727	264	6	0	417	680	1000	737	1.60e-128	455
FHK66_RS14605	53	100.000	29	0	0	2	30	76	104	6.81e-08	54.7
FHK66_RS14685	35	100.000	566	0	0	1	566	3513	4078	0.0	1046
FHK66_RS14695	35	98.824	85	1	0	1	85	3241	3157	4.39e-37	152
FHK66_RS14755	21	99.226	1163	9	0	1	1163	21773	22935	0.0	2098
FHK66_RS14805	8	76.614	573	122	12	1	567	11253	10687	5.88e-83	305
FHK66_RS14815	8	80.159	126	23	2	876	1000	7516	7392	2.40e-19	93.5
FHK66_RS14845	27	99.412	1191	7	0	1	1191	10627	9437	0.0	2161
FHK66_RS14845	31	96.269	134	4	1	226	358	6261	6128	4.06e-57	219
FHK66_RS14845	21	100.000	65	0	0	1	65	21464	21400	1.18e-27	121
FHK66_RS14870	31	98.328	299	3	1	14	312	2034	1738	1.91e-149	523
FH485_RS26970	38	97.222	72	2	0	25	96	2493	2422	2.16e-29	122
FH485_RS26975	38	99.729	738	2	0	1	738	2297	1560	0.0	1352
FH485_RS28030	38	99.398	166	1	0	1	166	1615	1450	5.06e-83	302
FJM50_RS28575	19	98.611	72	1	0	1	72	148	219	3.19e-31	128
FJM50_RS28575	6	98.611	72	1	0	1	72	154606	154535	3.19e-31	128
FJM50_RS28575	6	98.611	72	1	0	1	72	155372	155301	3.19e-31	128
FJM50_RS28585	6	97.297	74	2	0	1	74	154793	154720	1.25e-30	126
FJM50_RS28585	6	97.297	74	2	0	1	74	155460	155387	1.25e-30	126
FJM50_RS28595	19	94.366	71	4	0	6	76	335	405	1.24e-25	110
FJM50_RS28605	52	98.630	73	1	0	1	73	97	25	9.53e-32	130
FJM50_RS28605	6	98.630	73	1	0	1	73	156150	156078	9.53e-32	130
FJM50_RS28610	6	100.000	74	0	0	1	74	156237	156164	5.80e-34	137
FJM50_RS28610	1	100.000	74	0	0	1	74	413775	413702	5.80e-34	137
FJM50_RS28635	46	90.244	82	8	0	1	82	430	349	4.94e-25	108
FJM50_RS28640	46	90.411	73	7	0	1	73	519	447	9.67e-22	97.1
FJM50_RS28645	19	93.056	72	5	0	1	72	811	882	1.58e-24	106
FJM50_RS28645	2	93.056	72	5	0	1	72	356492	356421	1.58e-24	106
FJM50_RS28660	46	94.521	73	4	0	1	73	598	526	9.60e-27	113
FJM50_RS28660	19	94.521	73	4	0	1	73	247	319	9.60e-27	113
FJM50_RS28670	36	87.343	2955	315	45	3	2939	3127	214	0.0	3330
FJM50_RS28675	41	91.014	1558	128	11	5	1551	1622	66	0.0	2091
EL206_RS00215	36	81.690	923	157	12	2230	3146	1240	324	0.0	758
EL206_RS00215	36	92.661	109	7	1	430	538	2668	2561	8.90e-38	156
EL206_RS00225	41	77.658	1580	282	55	8	1543	1621	69	0.0	896
EL206_RS00800	36	82.119	1029	170	14	1784	2805	1345	324	0.0	869
EL206_RS00800	36	76.488	1008	183	47	430	1411	2668	1689	3.19e-141	499
EL206_RS00810	41	77.672	1581	280	55	8	1543	1621	69	0.0	896
EL206_RS05540	36	82.119	1029	170	14	1784	2805	1345	324	0.0	869
EL206_RS05540	36	76.488	1008	183	47	430	1411	2668	1689	3.19e-141	499
EL206_RS05550	41	77.658	1580	282	55	8	1543	1621	69	0.0	896
EL206_RS07855	6	97.183	71	2	0	2	72	155164	155094	5.84e-29	121
EL206_RS07855	6	97.183	71	2	0	2	72	155729	155659	5.84e-29	121
FKZ20_RS00130	42	75.746	503	116	4	752	1251	640	141	5.44e-66	248
FKZ20_RS00225	22	83.788	586	95	0	8	593	23084	23669	3.84e-159	556
FKZ20_RS00255	2	98.253	687	12	0	1	687	82876	83562	0.0	1203
FKZ20_RS00255	47	99.732	373	1	0	38	410	373	1	0.0	684
FKZ20_RS00255	23	99.278	277	2	0	411	687	1	277	2.05e-142	501
FKZ20_RS00255	44	97.727	264	6	0	424	687	1000	737	1.62e-128	455
FKZ20_RS00255	53	97.222	36	1	0	1	36	69	104	4.11e-10	62.1
FKZ20_RS00295	2	98.253	687	12	0	1	687	82876	83562	0.0	1203
FKZ20_RS00295	47	99.732	373	1	0	38	410	373	1	0.0	684
FKZ20_RS00295	23	99.278	277	2	0	411	687	1	277	2.05e-142	501
FKZ20_RS00295	44	97.727	264	6	0	424	687	1000	737	1.62e-128	455
FKZ20_RS00295	53	97.222	36	1	0	1	36	69	104	4.11e-10	62.1
FKZ20_RS00310	31	86.922	757	99	0	423	1179	6131	5375	0.0	850
FKZ20_RS00765	21	99.140	1163	10	0	1	1163	21773	22935	0.0	2093
FKZ20_RS00770	31	98.328	299	3	1	266	564	2034	1738	3.57e-149	523
FKZ20_RS00770	31	99.543	219	1	0	1	219	2248	2030	6.27e-112	399
FKZ20_RS00775	31	97.959	49	1	0	1	49	1732	1684	1.45e-17	86.1
FKZ20_RS00950	27	91.549	213	18	0	7	219	9649	9437	1.12e-80	294
FKZ20_RS00950	31	85.380	171	23	2	1	170	5581	5412	4.22e-45	176
FKZ20_RS00965	2	96.145	441	14	1	218	658	83125	83562	0.0	717
FKZ20_RS00965	2	99.569	232	1	0	1	232	82876	83107	4.36e-119	424
FKZ20_RS00965	23	98.571	280	1	1	379	658	1	277	1.18e-139	492
FKZ20_RS00965	44	97.004	267	5	1	392	658	1000	737	9.30e-126	446
FKZ20_RS00965	47	99.487	195	1	0	38	232	373	179	1.61e-98	355
FKZ20_RS00965	47	98.710	155	2	0	224	378	155	1	1.29e-74	276
FKZ20_RS00965	53	97.222	36	1	0	1	36	69	104	3.94e-10	62.1
FKZ20_RS01000	2	98.399	687	11	0	1	687	82876	83562	0.0	1208
FKZ20_RS01000	47	99.732	373	1	0	38	410	373	1	0.0	684
FKZ20_RS01000	23	98.917	277	3	0	411	687	1	277	9.52e-141	496
FKZ20_RS01000	44	98.106	264	5	0	424	687	1000	737	3.47e-130	460
FKZ20_RS01000	53	97.222	36	1	0	1	36	69	104	4.11e-10	62.1
FKZ20_RS01030	22	82.339	821	141	4	1	819	20706	21524	0.0	710
FKZ20_RS01035	22	80.615	650	120	6	37	683	20514	19868	2.66e-141	497
FKZ20_RS01040	22	81.921	1510	259	14	1	1503	19850	18348	0.0	1264
FKZ20_RS01055	35	98.824	85	1	0	1	85	3241	3157	4.47e-37	152
FKZ20_RS01060	21	97.945	146	3	0	11	156	23064	22919	1.29e-68	254
FKZ20_RS01065	21	99.484	1163	6	0	1	1163	21773	22935	0.0	2115
FKZ20_RS01130	35	98.824	85	1	0	1	85	3241	3157	4.47e-37	152
FKZ20_RS01135	21	99.398	1163	7	0	1	1163	21773	22935	0.0	2109
FKZ20_RS01140	21	99.691	1293	4	0	1	1293	20634	19342	0.0	2366
FKZ20_RS01145	21	100.000	261	0	0	1	261	21168	20908	2.69e-137	483
FKZ20_RS01150	31	86.658	757	101	0	423	1179	6131	5375	0.0	839
FKZ20_RS01165	21	99.495	396	2	0	1	396	23878	23483	0.0	721
FKZ20_RS01170	21	99.647	849	3	0	1	849	24739	23891	0.0	1552
FKZ20_RS01175	21	100.000	828	0	0	1	828	25581	24754	0.0	1530
FKZ20_RS01180	21	99.764	846	2	0	1	846	26438	25593	0.0	1552
FKZ20_RS01200	21	99.710	690	2	0	1	690	26692	27381	0.0	1264
FKZ20_RS01210	2	98.399	687	11	0	1	687	82876	83562	0.0	1208
FKZ20_RS01210	47	99.732	373	1	0	38	410	373	1	0.0	684
FKZ20_RS01210	23	98.917	277	3	0	411	687	1	277	9.52e-141	496
FKZ20_RS01210	44	98.106	264	5	0	424	687	1000	737	3.47e-130	460
FKZ20_RS01210	53	97.222	36	1	0	1	36	69	104	4.11e-10	62.1
FKZ20_RS01240	2	96.145	441	14	1	218	658	83125	83562	0.0	717
FKZ20_RS01240	2	99.569	232	1	0	1	232	82876	83107	4.36e-119	424
FKZ20_RS01240	23	98.571	280	1	1	379	658	1	277	1.18e-139	492
FKZ20_RS01240	44	97.004	267	5	1	392	658	1000	737	9.30e-126	446
FKZ20_RS01240	47	99.487	195	1	0	38	232	373	179	1.61e-98	355
FKZ20_RS01240	47	98.710	155	2	0	224	378	155	1	1.29e-74	276
FKZ20_RS01240	53	97.222	36	1	0	1	36	69	104	3.94e-10	62.1
FKZ20_RS01255	27	91.549	213	18	0	7	219	9649	9437	1.12e-80	294
FKZ20_RS01255	31	85.380	171	23	2	1	170	5581	5412	4.22e-45	176
FKZ20_RS01310	3	76.746	1217	277	6	28	1241	324012	322799	0.0	675
FKZ20_RS01330	31	86.658	757	101	0	423	1179	6131	5375	0.0	839
FKZ20_RS01440	42	75.746	503	116	4	752	1251	640	141	5.44e-66	248
FKZ20_RS01540	27	89.214	1196	119	8	1	1191	10627	9437	0.0	1485
FKZ20_RS01550	31	100.000	72	0	0	1	72	2436	2365	6.85e-33	134
FKZ20_RS01555	31	99.702	336	1	0	1	336	2365	2030	6.94e-177	616
FKZ20_RS01555	31	98.328	299	3	1	383	681	2034	1738	4.33e-149	523
FKZ20_RS15780	2	98.399	687	11	0	1	687	82876	83562	0.0	1208
FKZ20_RS15780	47	99.732	373	1	0	38	410	373	1	0.0	684
FKZ20_RS15780	23	99.639	277	1	0	411	687	1	277	4.40e-144	507
FKZ20_RS15780	44	98.106	264	5	0	424	687	1000	737	3.47e-130	460
FKZ20_RS15780	53	97.222	36	1	0	1	36	69	104	4.11e-10	62.1
FKZ20_RS15785	53	100.000	37	0	0	279	315	1	37	1.09e-12	69.4
FKZ20_RS15785	2	100.000	37	0	0	279	315	82808	82844	1.09e-12	69.4
FKZ20_RS15810	21	100.000	35	0	0	350	384	21698	21732	1.74e-11	65.8
FKZ20_RS15815	21	99.398	1163	7	0	1	1163	21773	22935	0.0	2109
FKZ20_RS15840	2	98.399	687	11	0	1	687	82876	83562	0.0	1208
FKZ20_RS15840	47	99.732	373	1	0	38	410	373	1	0.0	684
FKZ20_RS15840	23	99.639	277	1	0	411	687	1	277	4.40e-144	507
FKZ20_RS15840	44	98.106	264	5	0	424	687	1000	737	3.47e-130	460
FKZ20_RS15840	53	97.222	36	1	0	1	36	69	104	4.11e-10	62.1
FKZ20_RS15865	2	98.399	687	11	0	1	687	82876	83562	0.0	1208
FKZ20_RS15865	47	99.732	373	1	0	38	410	373	1	0.0	684
FKZ20_RS15865	23	99.639	277	1	0	411	687	1	277	4.40e-144	507
FKZ20_RS15865	44	98.106	264	5	0	424	687	1000	737	3.47e-130	460
FKZ20_RS15865	53	97.222	36	1	0	1	36	69	104	4.11e-10	62.1
FKZ20_RS15895	39	100.000	554	0	0	356	909	812	259	0.0	1024
FKZ20_RS15900	39	100.000	229	0	0	1	229	262	34	1.57e-119	424
FKZ20_RS15915	39	100.000	252	0	0	1	252	2431	2180	2.60e-132	466
FKZ20_RS15920	39	100.000	795	0	0	1	795	2087	1293	0.0	1469
FKZ20_RS15925	38	100.000	101	0	0	12	112	2626	2526	9.10e-49	187
FKZ20_RS15930	38	98.810	84	1	0	1	84	2505	2422	8.34e-38	150
FKZ20_RS15935	38	99.729	738	2	0	1	738	2297	1560	0.0	1352
FKZ20_RS15940	40	96.412	864	31	0	1	864	340	1203	0.0	1424
FKZ20_RS15945	40	97.802	273	6	0	1	273	66	338	6.08e-134	472
FKZ20_RS15950	51	100.000	135	0	0	33	167	135	1	2.41e-67	250
FKZ20_RS15950	38	100.000	32	0	0	1	32	32	1	4.36e-10	60.2
FKZ20_RS15950	44	100.000	31	0	0	1	31	32	2	1.57e-09	58.4
FKZ20_RS15955	38	97.436	195	5	0	1	195	325	131	2.08e-92	333
FKZ20_RS15960	2	98.399	687	11	0	1	687	82876	83562	0.0	1208
FKZ20_RS15960	47	99.732	373	1	0	38	410	373	1	0.0	684
FKZ20_RS15960	23	99.639	277	1	0	411	687	1	277	4.40e-144	507
FKZ20_RS15960	44	98.106	264	5	0	424	687	1000	737	3.47e-130	460
FKZ20_RS15960	53	97.222	36	1	0	1	36	69	104	4.11e-10	62.1
FKZ20_RS15965	2	100.000	32	0	0	1	32	82837	82806	1.20e-09	60.2
FKZ20_RS15965	53	100.000	30	0	0	1	30	30	1	1.55e-08	56.5
FF979_RS14980	31	100.000	74	0	0	431	504	2438	2365	4.83e-33	137
FF979_RS14985	31	99.702	336	1	0	1	336	2365	2030	6.94e-177	616
FF979_RS14985	31	98.328	299	3	1	383	681	2034	1738	4.33e-149	523
FF979_RS14990	31	98.039	51	1	0	1	51	1734	1684	3.86e-18	89.8
FF979_RS15065	2	82.589	672	115	2	1	671	82882	83552	1.17e-169	592
FF979_RS15065	23	83.696	276	45	0	406	681	2	277	3.75e-70	261
FF979_RS15065	44	84.030	263	42	0	412	674	1006	744	6.27e-68	254
DVH16_RS15555	31	100.000	74	0	0	8	81	2438	2365	6.20e-34	137
DVH16_RS15560	31	99.663	297	1	0	1	297	2326	2030	3.12e-155	544
DVH16_RS15560	31	98.328	299	3	1	344	642	2034	1738	4.07e-149	523
DVH16_RS15595	2	93.201	353	23	1	1	352	82882	83234	1.03e-147	518
DVH16_RS15595	47	92.547	322	23	1	32	352	373	52	1.75e-130	460
DVH16_RS15595	31	89.583	336	35	0	1	336	2365	2030	1.78e-120	427
DVH16_RS15595	53	100.000	29	0	0	2	30	76	104	3.48e-08	54.7
DVH16_RS15600	2	82.440	672	116	2	1	671	82882	83552	5.44e-168	586
DVH16_RS15600	23	83.333	276	46	0	406	681	2	277	1.74e-68	255
DVH16_RS15600	44	83.650	263	43	0	412	674	1006	744	2.92e-66	248
YDC107_RS25705	38	97.222	72	2	0	25	96	2493	2422	2.16e-29	122
YDC107_RS25710	38	99.729	738	2	0	1	738	2297	1560	0.0	1352
YDC107_RS25715	38	99.057	106	1	0	1	106	1555	1450	6.96e-50	191
BSG38_RS15340	39	100.000	208	0	0	1	208	1017	810	1.42e-107	385
BSG38_RS15345	39	100.000	189	0	0	1	189	997	1185	1.99e-97	350
BSG38_RS15350	39	100.000	795	0	0	1	795	2087	1293	0.0	1469
BSG38_RS15355	39	100.000	262	0	0	1	262	262	1	1.58e-137	484
BSG38_RS15355	39	100.000	241	0	0	263	503	2460	2220	7.46e-126	446
BSG38_RS15355	39	100.000	40	0	0	492	531	2219	2180	4.05e-14	75.0
BSG38_RS15360	39	99.819	554	1	0	83	636	812	259	0.0	1018
ACO34A_RS23690	41	83.019	1060	163	15	440	1491	1113	63	0.0	944
ACO34A_RS23695	6	90.323	62	6	0	1	62	154793	154732	2.76e-17	82.4
ACO34A_RS23695	6	90.323	62	6	0	1	62	155460	155399	2.76e-17	82.4
ACO34A_RS23700	46	92.424	66	5	0	8	73	591	526	3.48e-21	95.3
ACO34A_RS23700	19	92.424	66	5	0	8	73	254	319	3.48e-21	95.3
ACO34A_RS23705	36	81.579	1026	170	14	1787	2798	1346	326	0.0	830
ACO34A_RS23705	36	73.226	1057	237	43	504	1539	2723	1692	5.69e-94	342
EXV96_RS13845	42	75.746	503	116	4	752	1251	640	141	5.44e-66	248
EXV96_RS13995	42	75.746	503	116	4	752	1251	640	141	5.44e-66	248
EXV96_RS14110	31	86.526	757	102	0	423	1179	6131	5375	0.0	833
EXV96_RS14125	3	76.746	1217	277	6	28	1241	324012	322799	0.0	675
EXV96_RS14165	27	91.549	213	18	0	7	219	9649	9437	1.12e-80	294
EXV96_RS14165	31	85.380	171	23	2	1	170	5581	5412	4.22e-45	176
EXV96_RS14175	31	86.658	757	101	0	423	1179	6131	5375	0.0	839
EXV96_RS14180	21	100.000	261	0	0	1	261	21168	20908	2.69e-137	483
EXV96_RS14185	21	99.691	1293	4	0	1	1293	20634	19342	0.0	2366
EXV96_RS14190	21	99.484	1163	6	0	1	1163	21773	22935	0.0	2115
EXV96_RS14255	21	99.484	1163	6	0	1	1163	21773	22935	0.0	2115
EXV96_RS14270	22	81.921	1510	259	14	1	1503	19850	18348	0.0	1264
EXV96_RS14275	22	80.615	650	120	6	37	683	20514	19868	2.66e-141	497
EXV96_RS14280	22	82.339	821	141	4	1	819	20706	21524	0.0	710
EXV96_RS14300	2	98.399	687	11	0	1	687	82876	83562	0.0	1208
EXV96_RS14300	47	99.732	373	1	0	38	410	373	1	0.0	684
EXV96_RS14300	23	98.917	277	3	0	411	687	1	277	9.52e-141	496
EXV96_RS14300	44	98.106	264	5	0	424	687	1000	737	3.47e-130	460
EXV96_RS14300	53	97.222	36	1	0	1	36	69	104	4.11e-10	62.1
EXV96_RS14315	23	98.305	177	3	0	1	177	101	277	8.74e-86	311
EXV96_RS14315	44	97.740	177	4	0	1	177	913	737	4.07e-84	305
EXV96_RS14315	2	97.740	177	4	0	1	177	83386	83562	4.07e-84	305
EXV96_RS14335	31	99.702	336	1	0	1	336	2365	2030	6.94e-177	616
EXV96_RS14335	31	98.328	299	3	1	383	681	2034	1738	4.33e-149	523
EXV96_RS14340	31	100.000	72	0	0	1	72	2436	2365	6.85e-33	134
EXV96_RS14345	2	97.082	377	11	0	5	381	83186	83562	0.0	636
EXV96_RS14345	23	99.278	277	2	0	105	381	1	277	1.11e-142	501
EXV96_RS14345	44	97.727	264	6	0	118	381	1000	737	8.75e-129	455
EXV96_RS14345	47	100.000	100	0	0	5	104	100	1	1.27e-47	185
EXV96_RS14355	31	100.000	74	0	0	2	75	2438	2365	5.60e-34	137
EXV96_RS14360	31	99.702	336	1	0	1	336	2365	2030	6.94e-177	616
EXV96_RS14360	31	98.328	299	3	1	383	681	2034	1738	4.33e-149	523
EXV96_RS14390	35	95.978	1069	42	1	228	1296	3156	2089	0.0	1735
EXV96_RS14395	21	91.925	161	13	0	66	226	12581	12421	7.78e-60	226
EXV96_RS14415	2	98.238	681	12	0	1	681	82882	83562	0.0	1192
EXV96_RS14415	47	99.464	373	2	0	32	404	373	1	0.0	678
EXV96_RS14415	23	99.639	277	1	0	405	681	1	277	4.36e-144	507
EXV96_RS14415	44	98.106	264	5	0	418	681	1000	737	3.44e-130	460
EXV96_RS14415	53	100.000	29	0	0	2	30	76	104	6.82e-08	54.7
EXV96_RS14420	21	100.000	39	0	0	1282	1320	28224	28186	3.71e-13	73.1
EXV96_RS14425	35	100.000	566	0	0	1	566	3513	4078	0.0	1046
EXV96_RS14430	35	96.454	141	5	0	1	141	3311	3451	1.50e-62	233
EXV96_RS14435	35	98.824	85	1	0	1	85	3241	3157	4.47e-37	152
EXV96_RS14440	9	80.039	1538	296	10	33	1566	82096	83626	0.0	1129
EXV96_RS14565	35	98.824	85	1	0	1	85	3241	3157	4.47e-37	152
EXV96_RS14620	21	89.243	1097	118	0	1	1097	20634	19538	0.0	1373
EXV96_RS14625	35	99.927	1377	1	0	1	1377	582	1958	0.0	2538
EXV96_RS14630	35	100.000	582	0	0	76	657	1	582	0.0	1075
EXV96_RS14635	27	99.677	1237	4	0	1	1237	12696	13932	0.0	2263
EXV96_RS14640	27	98.969	97	1	0	60	156	12581	12677	1.04e-44	174
EXV96_RS14650	27	99.715	351	1	0	1	351	12024	12374	0.0	643
EXV96_RS14650	21	99.000	100	1	0	351	450	21579	21678	7.02e-46	180
EXV96_RS14655	27	99.715	351	1	0	1	351	11518	11868	0.0	643
EXV96_RS14660	27	93.956	182	0	1	1	182	11337	11507	7.12e-72	265
EXV96_RS14670	2	98.108	687	13	0	1	687	82876	83562	0.0	1197
EXV96_RS14670	47	99.464	373	2	0	38	410	373	1	0.0	678
EXV96_RS14670	23	99.639	277	1	0	411	687	1	277	4.40e-144	507
EXV96_RS14670	44	98.106	264	5	0	424	687	1000	737	3.47e-130	460
EXV96_RS15340	28	93.496	246	2	2	48	293	11233	11464	1.09e-97	353
EXV96_RS15735	21	91.925	161	13	0	66	226	12581	12421	7.78e-60	226
EXV96_RS15755	2	98.399	687	11	0	1	687	82876	83562	0.0	1208
EXV96_RS15755	47	99.732	373	1	0	38	410	373	1	0.0	684
EXV96_RS15755	23	99.639	277	1	0	411	687	1	277	4.40e-144	507
EXV96_RS15755	44	98.106	264	5	0	424	687	1000	737	3.47e-130	460
EXV96_RS15755	53	97.222	36	1	0	1	36	69	104	4.11e-10	62.1
EXV96_RS15760	44	100.000	34	0	0	948	981	681	714	1.65e-10	63.9
EXV96_RS15760	23	97.222	36	1	0	946	981	335	300	5.93e-10	62.1
EXV96_RS15760	2	100.000	33	0	0	949	981	83617	83585	5.93e-10	62.1
EXV96_RS15765	2	98.399	687	11	0	1	687	82876	83562	0.0	1208
EXV96_RS15765	47	99.732	373	1	0	38	410	373	1	0.0	684
EXV96_RS15765	23	99.639	277	1	0	411	687	1	277	4.40e-144	507
EXV96_RS15765	44	98.106	264	5	0	424	687	1000	737	3.47e-130	460
EXV96_RS15765	53	97.222	36	1	0	1	36	69	104	4.11e-10	62.1
EXV96_RS15805	21	100.000	35	0	0	350	384	21698	21732	1.74e-11	65.8
EXV96_RS15810	21	99.398	1163	7	0	1	1163	21773	22935	0.0	2109
EXV96_RS15835	2	98.399	687	11	0	1	687	82876	83562	0.0	1208
EXV96_RS15835	47	99.732	373	1	0	38	410	373	1	0.0	684
EXV96_RS15835	23	99.639	277	1	0	411	687	1	277	4.40e-144	507
EXV96_RS15835	44	98.106	264	5	0	424	687	1000	737	3.47e-130	460
EXV96_RS15835	53	97.222	36	1	0	1	36	69	104	4.11e-10	62.1
EXV96_RS15855	2	98.403	626	10	0	1	626	82876	83501	0.0	1101
EXV96_RS15855	47	99.732	373	1	0	38	410	373	1	0.0	684
EXV96_RS15855	23	99.074	216	2	0	411	626	1	216	1.56e-108	388
EXV96_RS15855	44	98.030	203	4	0	424	626	1000	798	5.71e-98	353
EXV96_RS15855	53	97.222	36	1	0	1	36	69	104	3.87e-10	62.1
EXV96_RS15895	39	100.000	554	0	0	356	909	812	259	0.0	1024
EXV96_RS15900	39	100.000	281	0	0	263	543	2460	2180	4.43e-148	520
EXV96_RS15900	39	100.000	262	0	0	1	262	262	1	1.62e-137	484
EXV96_RS15905	39	99.874	795	1	0	1	795	2087	1293	0.0	1463
EXV96_RS15910	2	100.000	132	0	0	1	132	82882	83013	6.41e-66	244
EXV96_RS15910	47	100.000	101	0	0	32	132	373	273	1.10e-48	187
EXV96_RS15910	53	100.000	29	0	0	2	30	76	104	1.16e-08	54.7
EXV96_RS15915	23	99.184	245	2	0	1	245	33	277	4.26e-125	442
EXV96_RS15915	44	98.367	245	4	0	1	245	981	737	9.21e-122	431
EXV96_RS15915	2	98.367	245	4	0	1	245	83318	83562	9.21e-122	431
EXV96_RS15925	23	98.776	245	3	0	1	245	33	277	1.98e-123	436
EXV96_RS15925	44	97.959	245	5	0	1	245	981	737	4.29e-120	425
EXV96_RS15925	2	97.959	245	5	0	1	245	83318	83562	4.29e-120	425
EXV96_RS15930	2	100.000	132	0	0	1	132	82882	83013	6.41e-66	244
EXV96_RS15930	47	100.000	101	0	0	32	132	373	273	1.10e-48	187
EXV96_RS15930	53	100.000	29	0	0	2	30	76	104	1.16e-08	54.7
EXV96_RS15940	8	78.983	1946	386	22	1	1935	34010	35943	0.0	1306
EXV96_RS15945	8	84.524	168	26	0	1	168	36067	36234	1.89e-42	167
EXV96_RS15955	2	100.000	183	0	0	1	183	82882	83064	4.16e-94	339
EXV96_RS15955	47	100.000	152	0	0	32	183	373	222	7.11e-77	281
EXV96_RS15955	53	100.000	29	0	0	2	30	76	104	1.69e-08	54.7
EXV96_RS16010	2	98.399	687	11	0	1	687	82876	83562	0.0	1208
EXV96_RS16010	47	99.732	373	1	0	38	410	373	1	0.0	684
EXV96_RS16010	23	99.639	277	1	0	411	687	1	277	4.40e-144	507
EXV96_RS16010	44	98.106	264	5	0	424	687	1000	737	3.47e-130	460
EXV96_RS16010	53	97.222	36	1	0	1	36	69	104	4.11e-10	62.1
EXV96_RS16015	39	100.000	208	0	0	1	208	1017	810	1.42e-107	385
EXV96_RS16020	39	100.000	189	0	0	1	189	997	1185	1.99e-97	350
EXV96_RS16025	39	99.371	795	5	0	1	795	2087	1293	0.0	1441
EXV96_RS16030	39	100.000	281	0	0	263	543	2460	2180	4.43e-148	520
EXV96_RS16030	39	100.000	262	0	0	1	262	262	1	1.62e-137	484
EXV96_RS16035	39	100.000	554	0	0	356	909	812	259	0.0	1024
EXV96_RS16060	44	98.462	260	4	0	2	261	411	152	4.53e-130	459
EXV96_RS16060	38	95.019	261	13	0	1	261	1390	1130	1.29e-115	411
EXV96_RS16065	38	97.727	132	3	0	1	132	1555	1424	6.46e-61	228
EXV96_RS16070	38	99.729	738	2	0	1	738	2297	1560	0.0	1352
EXV96_RS16075	38	100.000	84	0	0	1	84	2505	2422	1.79e-39	156
EXV96_RS16080	2	98.253	687	12	0	1	687	82876	83562	0.0	1203
EXV96_RS16080	47	99.464	373	2	0	38	410	373	1	0.0	678
EXV96_RS16080	23	99.639	277	1	0	411	687	1	277	4.40e-144	507
EXV96_RS16080	44	98.106	264	5	0	424	687	1000	737	3.47e-130	460
EXV96_RS16080	53	97.222	36	1	0	1	36	69	104	4.11e-10	62.1
EXV96_RS16120	22	83.788	586	95	0	8	593	23084	23669	3.84e-159	556
EXV96_RS16165	2	98.399	687	11	0	1	687	82876	83562	0.0	1208
EXV96_RS16165	47	99.732	373	1	0	38	410	373	1	0.0	684
EXV96_RS16165	23	99.639	277	1	0	411	687	1	277	4.40e-144	507
EXV96_RS16165	44	98.106	264	5	0	424	687	1000	737	3.47e-130	460
EXV96_RS16165	53	97.222	36	1	0	1	36	69	104	4.11e-10	62.1
EXV96_RS16195	2	98.399	687	11	0	1	687	82876	83562	0.0	1208
EXV96_RS16195	47	99.732	373	1	0	38	410	373	1	0.0	684
EXV96_RS16195	23	99.639	277	1	0	411	687	1	277	4.40e-144	507
EXV96_RS16195	44	98.106	264	5	0	424	687	1000	737	3.47e-130	460
EXV96_RS16195	53	97.222	36	1	0	1	36	69	104	4.11e-10	62.1
D0Z66_RS19890	41	79.850	1335	199	42	193	1470	1386	65	0.0	911
D0Z66_RS19895	6	92.857	56	4	0	8	63	154786	154731	2.76e-17	82.4
D0Z66_RS19895	6	92.857	56	4	0	8	63	155453	155398	2.76e-17	82.4
D0Z66_RS19905	36	79.409	1015	184	19	1818	2815	1345	339	0.0	693
D0Z66_RS19905	36	73.587	814	154	47	435	1227	2718	1945	7.69e-68	255
SERP_RS00050	39	100.000	208	0	0	1	208	1017	810	9.60e-108	385
SERP_RS12525	39	100.000	189	0	0	1	189	997	1185	1.99e-97	350
SERP_RS00055	39	100.000	795	0	0	1	795	2087	1293	0.0	1469
SERP_RS00060	39	100.000	281	0	0	263	543	2460	2180	4.43e-148	520
SERP_RS00060	39	100.000	262	0	0	1	262	262	1	1.62e-137	484
SERP_RS00065	39	100.000	554	0	0	356	909	812	259	0.0	1024
LLKF_RS12845	31	98.653	297	4	0	1	297	2326	2030	3.04e-150	527
LLKF_RS12845	31	98.496	266	4	0	344	609	2034	1769	5.20e-133	470
LLKF_RS12875	44	99.582	239	1	0	182	420	975	737	3.51e-123	436
LLKF_RS12875	2	99.174	242	2	0	179	420	83321	83562	3.51e-123	436
LLKF_RS12875	2	87.293	181	23	0	1	181	82882	83062	3.00e-54	207
LLKF_RS12875	23	97.521	242	6	0	179	420	36	277	1.65e-116	414
LLKF_RS12875	47	89.655	145	15	0	37	181	368	224	1.40e-47	185
LLKF_RS13450	31	97.333	75	2	0	1	75	2436	2362	3.37e-31	128
LLKF_RS12925	31	99.405	336	2	0	1	336	2365	2030	3.23e-175	610
LLKF_RS12925	31	97.659	299	5	1	383	681	2034	1738	9.37e-146	512
LLKF_RS12985	31	99.654	289	1	0	6	294	2318	2030	8.50e-151	529
LLKF_RS12985	31	97.473	277	7	0	341	617	2034	1758	4.04e-134	473
ILYOP_RS10225	41	80.618	1326	205	35	240	1530	1369	61	0.0	977
ILYOP_RS10230	36	80.260	1155	208	16	1800	2937	1365	214	0.0	852
ILYOP_RS11105	46	89.831	59	5	1	8	66	591	534	4.53e-15	75.0
ILYOP_RS11105	19	89.831	59	5	1	8	66	254	311	4.53e-15	75.0
ILYOP_RS14195	46	89.831	59	5	1	8	66	591	534	4.53e-15	75.0
ILYOP_RS14195	19	89.831	59	5	1	8	66	254	311	4.53e-15	75.0
ILYOP_RS14290	36	80.173	1155	209	16	1800	2937	1365	214	0.0	846
ILYOP_RS14295	41	80.694	1326	204	35	240	1530	1369	61	0.0	983
ILYOP_RS14305	19	91.667	72	6	0	1	72	811	882	7.34e-23	100
ILYOP_RS14305	2	95.238	63	3	0	10	72	356483	356421	7.34e-23	100
OEA_RS33410	41	90.827	1559	130	12	5	1552	1622	66	0.0	2074
OEA_RS33415	36	87.242	2955	317	46	3	2938	3127	214	0.0	3314
OEA_RS33425	46	95.522	67	3	0	6	72	592	526	4.39e-25	108
OEA_RS33425	19	95.522	67	3	0	6	72	253	319	4.39e-25	108
OEA_RS33440	19	93.056	72	5	0	1	72	811	882	1.58e-24	106
OEA_RS33440	2	93.056	72	5	0	1	72	356492	356421	1.58e-24	106
OEA_RS33445	46	90.411	73	7	0	1	73	519	447	9.67e-22	97.1
OEA_RS33450	46	90.244	82	8	0	1	82	430	349	4.94e-25	108
OEA_RS33475	6	100.000	74	0	0	1	74	156237	156164	5.80e-34	137
OEA_RS33475	1	100.000	74	0	0	1	74	413775	413702	5.80e-34	137
OEA_RS33480	52	97.260	73	1	1	1	72	97	25	1.57e-29	122
OEA_RS33480	6	97.260	73	1	1	1	72	156150	156078	1.57e-29	122
OEA_RS33490	19	94.366	71	4	0	6	76	335	405	1.24e-25	110
OEA_RS33500	6	97.297	74	2	0	1	74	154793	154720	1.25e-30	126
OEA_RS33500	6	97.297	74	2	0	1	74	155460	155387	1.25e-30	126
OEA_RS33510	19	98.611	72	1	0	1	72	148	219	3.19e-31	128
OEA_RS33510	6	98.611	72	1	0	1	72	154606	154535	3.19e-31	128
OEA_RS33510	6	98.611	72	1	0	1	72	155372	155301	3.19e-31	128
EFD32_RS15010	44	99.060	532	5	0	1614	2145	683	152	0.0	955
EFD32_RS15010	38	94.231	260	15	0	1886	2145	1389	1130	8.81e-111	398
EFD32_RS15015	51	100.000	135	0	0	33	167	135	1	3.06e-67	250
EFD32_RS15015	38	97.087	103	1	1	168	270	2626	2526	6.82e-44	172
EFD32_RS15015	38	100.000	31	0	0	1	31	32	2	1.99e-09	58.4
EFD32_RS15015	44	100.000	32	0	0	1	32	32	1	5.54e-10	60.2
EFD32_RS15020	38	100.000	84	0	0	1	84	2505	2422	1.79e-39	156
EFD32_RS15025	38	99.864	738	1	0	1	738	2297	1560	0.0	1358
EFD32_RS16455	38	97.727	132	3	0	1	132	1555	1424	6.46e-61	228
EFD32_RS16155	44	98.462	260	4	0	2	261	411	152	4.53e-130	459
EFD32_RS16155	38	95.019	261	13	0	1	261	1390	1130	1.29e-115	411
EFD32_RS15030	38	96.990	897	27	0	1	897	1027	131	0.0	1507
EFD32_RS15035	51	97.037	135	4	0	27	161	135	1	1.10e-60	228
EFD32_RS15040	40	84.588	279	31	11	1	273	66	338	3.08e-72	267
EFD32_RS16160	40	95.044	686	34	0	84	769	423	1108	0.0	1079
EFD32_RS15120	34	81.269	331	58	4	1	329	2171	1843	1.41e-71	265
EFD32_RS15135	1	90.323	155	15	0	7	161	16335	16181	3.21e-53	204
EFD32_RS15135	1	89.677	155	16	0	7	161	55639	55485	1.49e-51	198
EFD32_RS15355	5	77.346	309	67	3	34	340	56915	57222	7.61e-46	180
EFD32_RS15410	24	93.624	596	38	0	1	596	9445	10040	0.0	891
EFD32_RS15430	22	89.744	78	6	2	1	78	10569	10494	1.01e-21	99.0
UC509_RS11415	31	99.702	336	1	0	1	336	2365	2030	6.94e-177	616
UC509_RS11415	31	98.328	299	3	1	383	681	2034	1738	4.33e-149	523
UC509_RS12925	31	98.649	74	1	0	5	78	2438	2365	2.74e-32	132
UC509_RS11430	31	98.810	336	4	0	1	336	2365	2030	6.99e-172	599
UC509_RS11430	31	97.659	299	5	1	383	681	2034	1738	9.37e-146	512
UC509_RS12930	31	100.000	74	0	0	2	75	2438	2365	5.60e-34	137
UC509_RS11525	31	86.102	295	39	1	387	681	2030	1738	7.88e-87	316
UC509_RS11605	2	98.836	687	8	0	1	687	82876	83562	0.0	1225
UC509_RS11605	47	99.732	373	1	0	38	410	373	1	0.0	684
UC509_RS11605	23	98.556	277	4	0	411	687	1	277	4.43e-139	490
UC509_RS11605	44	99.242	264	2	0	424	687	1000	737	3.45e-135	477
UC509_RS11605	53	97.222	36	1	0	1	36	69	104	4.11e-10	62.1
UC509_RS11620	24	77.940	1301	273	14	27	1320	2264	971	0.0	800
UC509_RS11680	2	85.037	675	87	9	1	665	82882	83552	0.0	675
UC509_RS11680	47	94.172	326	11	3	32	350	373	49	4.35e-139	490
UC509_RS11680	31	86.620	284	36	1	391	674	2020	1739	1.01e-85	313
UC509_RS11680	53	100.000	29	0	0	2	30	76	104	6.76e-08	54.7
UC509_RS11695	44	98.745	239	3	0	146	384	975	737	6.91e-120	425
UC509_RS11695	23	98.347	242	4	0	143	384	36	277	6.91e-120	425
UC509_RS11695	2	98.347	242	4	0	143	384	83321	83562	6.91e-120	425
UC509_RS11695	2	87.586	145	18	0	1	145	82918	83062	1.29e-42	169
UC509_RS11695	31	91.852	135	11	0	7	141	2323	2189	9.88e-49	189
UC509_RS11695	47	87.586	145	18	0	1	145	368	224	1.29e-42	169
UC509_RS11765	2	98.399	687	11	0	1	687	82876	83562	0.0	1208
UC509_RS11765	47	99.732	373	1	0	38	410	373	1	0.0	684
UC509_RS11765	23	99.639	277	1	0	411	687	1	277	4.40e-144	507
UC509_RS11765	44	98.106	264	5	0	424	687	1000	737	3.47e-130	460
UC509_RS11765	53	97.222	36	1	0	1	36	69	104	4.11e-10	62.1
UC509_RS11795	24	77.940	1301	273	14	27	1320	2264	971	0.0	800
UC509_RS11865	31	90.508	295	26	1	387	681	2030	1738	1.65e-108	388
UC509_RS11875	31	97.619	42	1	0	1885	1926	2438	2397	5.44e-13	73.1
UC509_RS12025	24	77.940	1301	273	14	27	1320	2264	971	0.0	800
UC509_RS12770	31	95.918	294	8	2	350	641	2029	1738	4.15e-134	473
UC509_RS12770	31	85.473	296	40	3	4	298	2323	2030	1.60e-83	305
UC509_RS12145	31	99.405	336	2	0	1	336	2365	2030	3.23e-175	610
UC509_RS12145	31	97.659	299	5	1	383	681	2034	1738	9.37e-146	512
UC509_RS12990	31	100.000	74	0	0	8	81	2438	2365	6.20e-34	137
UC509_RS12195	31	99.702	336	1	0	1	336	2365	2030	6.94e-177	616
UC509_RS12195	31	97.659	299	5	1	383	681	2034	1738	9.37e-146	512
UC509_RS12995	31	100.000	74	0	0	2	75	2438	2365	5.60e-34	137
UC509_RS13010	31	98.611	72	1	0	1	72	2436	2365	3.19e-31	128
UC509_RS12250	31	98.810	336	4	0	1	336	2365	2030	6.99e-172	599
UC509_RS12250	31	97.993	299	4	1	383	681	2034	1738	2.01e-147	518
UC509_RS13015	31	100.000	74	0	0	2	75	2438	2365	5.60e-34	137
UC509_RS12795	31	100.000	113	0	0	1	113	2365	2253	1.98e-55	209
UC509_RS12270	2	94.933	671	34	0	1	671	82882	83552	0.0	1051
UC509_RS12270	47	99.732	373	1	0	32	404	373	1	0.0	684
UC509_RS12270	23	89.493	276	29	0	405	680	1	276	7.77e-97	350
UC509_RS12270	44	88.213	263	31	0	418	680	1000	738	2.83e-86	315
UC509_RS12270	31	85.650	223	28	3	459	680	1958	1739	2.94e-61	231
UC509_RS12270	53	100.000	29	0	0	2	30	76	104	6.82e-08	54.7
UC509_RS12280	31	86.441	295	38	1	387	681	2030	1738	1.69e-88	322
UC509_RS13020	31	96.396	111	2	1	1	111	1846	1738	4.19e-47	182
UC509_RS12305	31	86.102	295	39	1	387	681	2030	1738	7.88e-87	316
UC509_RS12310	31	99.807	1038	2	0	1	1038	4033	5070	0.0	1906
UC509_RS12315	31	99.255	939	7	0	1	939	3069	4007	0.0	1696
MC28_RS27620	6	98.649	74	1	0	1	74	155960	155887	2.56e-32	132
MC28_RS29740	6	98.649	74	1	0	1	74	155960	155887	2.56e-32	132
MC28_RS30615	5	79.404	806	159	6	1	801	71660	72463	1.08e-160	562
MC28_RS30620	5	83.023	913	153	2	1	912	72486	73397	0.0	826
H175_RS33095	18	80.769	182	29	5	1	179	4555	4733	1.84e-33	137
F504_RS20875	41	79.501	1322	224	37	246	1541	1368	68	0.0	896
F504_RS20890	36	80.642	1028	175	19	1760	2771	1345	326	0.0	774
F504_RS20890	36	75.862	1044	220	31	377	1401	2718	1688	2.45e-142	503
TMO_RS26575	36	80.375	1014	176	19	1637	2634	1345	339	0.0	749
TMO_RS26575	36	77.392	1066	198	40	348	1394	2726	1685	1.35e-169	593
TMO_RS26585	41	82.436	1338	190	29	209	1512	1388	62	0.0	1127
TMO_RS28865	41	82.436	1338	190	29	209	1512	1388	62	0.0	1127
TMO_RS28875	36	80.375	1014	176	19	1637	2634	1345	339	0.0	749
TMO_RS28875	36	77.392	1066	198	40	348	1394	2726	1685	1.35e-169	593
PPSC2_RS56790	9	75.484	1187	258	26	1	1172	53458	52290	1.27e-156	549
FZE51_RS14425	2	98.399	687	11	0	1	687	82876	83562	0.0	1208
FZE51_RS14425	47	99.732	373	1	0	38	410	373	1	0.0	684
FZE51_RS14425	23	99.639	277	1	0	411	687	1	277	4.40e-144	507
FZE51_RS14425	44	98.106	264	5	0	424	687	1000	737	3.47e-130	460
FZE51_RS14425	53	97.222	36	1	0	1	36	69	104	4.11e-10	62.1
ASB61_RS08245	39	100.000	494	0	0	104	597	752	259	0.0	913
ASB61_RS08250	39	100.000	281	0	0	263	543	2460	2180	4.43e-148	520
ASB61_RS08250	39	99.618	262	1	0	1	262	262	1	7.53e-136	479
ASB61_RS08255	39	100.000	795	0	0	1	795	2087	1293	0.0	1469
M673_RS23435	36	81.953	1014	156	22	1712	2707	1346	342	0.0	833
M673_RS23435	36	74.858	1058	222	40	424	1463	2723	1692	1.91e-123	440
M673_RS23450	41	82.003	1328	198	28	191	1483	1385	64	0.0	1090
DA68_RS27470	5	82.804	913	155	2	1	912	72486	73397	0.0	815
DA68_RS27475	5	79.901	806	155	6	1	801	71660	72463	2.31e-167	584
AL024_RS14765	3	76.746	1217	277	6	28	1241	324012	322799	0.0	675
AL024_RS14785	31	86.658	757	101	0	423	1179	6131	5375	0.0	839
AL024_RS14890	42	75.746	503	116	4	752	1251	640	141	5.44e-66	248
AL024_RS15110	2	97.962	687	14	0	1	687	82876	83562	0.0	1192
AL024_RS15110	47	98.928	373	4	0	38	410	373	1	0.0	667
AL024_RS15110	23	99.639	277	1	0	411	687	1	277	4.40e-144	507
AL024_RS15110	44	98.106	264	5	0	424	687	1000	737	3.47e-130	460
AL024_RS15110	53	97.222	36	1	0	1	36	69	104	4.11e-10	62.1
AL024_RS15120	2	98.253	687	12	0	1	687	82876	83562	0.0	1203
AL024_RS15120	47	99.464	373	2	0	38	410	373	1	0.0	678
AL024_RS15120	23	99.639	277	1	0	411	687	1	277	4.40e-144	507
AL024_RS15120	44	98.106	264	5	0	424	687	1000	737	3.47e-130	460
AL024_RS15120	53	97.222	36	1	0	1	36	69	104	4.11e-10	62.1
AL024_RS15145	2	98.253	687	12	0	1	687	82876	83562	0.0	1203
AL024_RS15145	47	99.464	373	2	0	38	410	373	1	0.0	678
AL024_RS15145	23	99.639	277	1	0	411	687	1	277	4.40e-144	507
AL024_RS15145	44	98.106	264	5	0	424	687	1000	737	3.47e-130	460
AL024_RS15145	53	97.222	36	1	0	1	36	69	104	4.11e-10	62.1
AL024_RS16965	31	100.000	72	0	0	1	72	2436	2365	6.85e-33	134
AL024_RS15250	2	90.308	681	66	0	1	681	82882	83562	0.0	893
AL024_RS15250	31	97.917	336	7	0	1	336	2365	2030	7.04e-167	582
AL024_RS15250	23	99.639	277	1	0	405	681	1	277	4.36e-144	507
AL024_RS15250	44	98.106	264	5	0	418	681	1000	737	3.44e-130	460
AL024_RS15250	47	87.123	365	47	0	40	404	365	1	2.72e-116	414
AL024_RS15380	31	87.629	194	24	0	23	216	5568	5375	4.06e-60	226
AL024_RS15385	21	100.000	99	0	0	1	99	21580	21678	1.01e-47	183
AL024_RS16970	27	98.969	97	1	0	60	156	12581	12677	1.04e-44	174
AL024_RS15400	27	99.596	1237	5	0	1	1237	12696	13932	0.0	2257
AL024_RS15405	35	100.000	582	0	0	76	657	1	582	0.0	1075
AL024_RS15410	35	99.855	1377	2	0	1	1377	582	1958	0.0	2532
AL024_RS15490	35	98.824	85	1	0	1	85	3241	3157	1.78e-37	152
AL024_RS15495	35	96.454	141	5	0	1	141	3311	3451	1.50e-62	233
AL024_RS15500	35	100.000	566	0	0	1	566	3513	4078	0.0	1046
AL024_RS15505	21	100.000	39	0	0	1282	1320	28224	28186	3.71e-13	73.1
AL024_RS15510	2	98.238	681	12	0	1	681	82882	83562	0.0	1192
AL024_RS15510	47	99.464	373	2	0	32	404	373	1	0.0	678
AL024_RS15510	23	99.639	277	1	0	405	681	1	277	4.36e-144	507
AL024_RS15510	44	98.106	264	5	0	418	681	1000	737	3.44e-130	460
AL024_RS15510	53	100.000	29	0	0	2	30	76	104	6.82e-08	54.7
AL024_RS15530	21	91.925	161	13	0	66	226	12581	12421	7.78e-60	226
AL024_RS15555	31	99.702	336	1	0	1	336	2365	2030	6.94e-177	616
AL024_RS15555	31	98.328	299	3	1	383	681	2034	1738	4.33e-149	523
AL024_RS16975	31	100.000	72	0	0	1	72	2436	2365	6.85e-33	134
AL024_RS15560	2	97.082	377	11	0	5	381	83186	83562	0.0	636
AL024_RS15560	23	99.278	277	2	0	105	381	1	277	1.11e-142	501
AL024_RS15560	44	97.727	264	6	0	118	381	1000	737	8.75e-129	455
AL024_RS15560	47	100.000	100	0	0	5	104	100	1	1.27e-47	185
AL024_RS15585	23	98.305	177	3	0	1	177	101	277	8.74e-86	311
AL024_RS15585	44	97.740	177	4	0	1	177	913	737	4.07e-84	305
AL024_RS15585	2	97.740	177	4	0	1	177	83386	83562	4.07e-84	305
AL024_RS15605	2	98.253	687	12	0	1	687	82876	83562	0.0	1203
AL024_RS15605	47	99.464	373	2	0	38	410	373	1	0.0	678
AL024_RS15605	23	98.917	277	3	0	411	687	1	277	9.52e-141	496
AL024_RS15605	44	98.106	264	5	0	424	687	1000	737	3.47e-130	460
AL024_RS15605	53	97.222	36	1	0	1	36	69	104	4.11e-10	62.1
AL024_RS15610	21	99.573	1170	5	0	1	1170	26692	27861	0.0	2134
AL024_RS16980	21	99.645	846	3	0	1	846	26438	25593	0.0	1546
AL024_RS15640	21	100.000	828	0	0	1	828	25581	24754	0.0	1530
AL024_RS15645	21	99.647	849	3	0	1	849	24739	23891	0.0	1552
AL024_RS15650	21	99.495	396	2	0	1	396	23878	23483	0.0	721
AL024_RS15665	31	86.658	757	101	0	423	1179	6131	5375	0.0	839
AL024_RS15670	21	100.000	261	0	0	1	261	21168	20908	2.69e-137	483
AL024_RS15675	21	99.691	1293	4	0	1	1293	20634	19342	0.0	2366
AL024_RS15680	21	99.398	1163	7	0	1	1163	21773	22935	0.0	2109
AL024_RS15745	21	99.484	1163	6	0	1	1163	21773	22935	0.0	2115
AL024_RS15760	22	81.921	1510	259	14	1	1503	19850	18348	0.0	1264
AL024_RS15765	22	80.615	650	120	6	37	683	20514	19868	2.66e-141	497
AL024_RS15770	22	82.339	821	141	4	1	819	20706	21524	0.0	710
AL024_RS15825	2	96.145	441	14	1	218	658	83125	83562	0.0	717
AL024_RS15825	2	99.569	232	1	0	1	232	82876	83107	4.36e-119	424
AL024_RS15825	23	98.571	280	1	1	379	658	1	277	1.18e-139	492
AL024_RS15825	44	97.004	267	5	1	392	658	1000	737	9.30e-126	446
AL024_RS15825	47	99.487	195	1	0	38	232	373	179	1.61e-98	355
AL024_RS15825	47	98.710	155	2	0	224	378	155	1	1.29e-74	276
AL024_RS15825	53	97.222	36	1	0	1	36	69	104	3.94e-10	62.1
AL024_RS15840	27	91.549	213	18	0	7	219	9649	9437	1.12e-80	294
AL024_RS15840	31	85.380	171	23	2	1	170	5581	5412	4.22e-45	176
AL024_RS15895	3	76.664	1217	277	7	28	1240	324012	322799	0.0	667
AL024_RS15920	31	86.465	628	84	1	422	1048	6131	5504	0.0	688
AL024_RS15925	21	100.000	261	0	0	1	261	21168	20908	2.69e-137	483
AL024_RS15930	21	98.842	1295	10	5	1	1292	20634	19342	0.0	2314
AL024_RS17095	21	99.218	895	4	2	282	1173	22054	22948	0.0	1611
AL024_RS17095	21	98.462	195	3	0	1	195	21773	21967	6.32e-95	344
AL024_RS16425	2	98.399	687	11	0	1	687	82876	83562	0.0	1208
AL024_RS16425	47	99.732	373	1	0	38	410	373	1	0.0	684
AL024_RS16425	23	99.639	277	1	0	411	687	1	277	4.40e-144	507
AL024_RS16425	44	98.106	264	5	0	424	687	1000	737	3.47e-130	460
AL024_RS16425	53	97.222	36	1	0	1	36	69	104	4.11e-10	62.1
AL024_RS16430	39	99.519	208	0	1	1	207	1017	810	2.37e-105	377
AL024_RS16435	39	100.000	189	0	0	1	189	997	1185	1.99e-97	350
AL024_RS16440	39	100.000	795	0	0	1	795	2087	1293	0.0	1469
AL024_RS16445	39	100.000	281	0	0	263	543	2460	2180	4.43e-148	520
AL024_RS16445	39	100.000	262	0	0	1	262	262	1	1.62e-137	484
AL024_RS16450	39	100.000	554	0	0	360	913	812	259	0.0	1024
AL024_RS16475	44	98.462	260	4	0	2	261	411	152	4.53e-130	459
AL024_RS16475	38	95.019	261	13	0	1	261	1390	1130	1.29e-115	411
AL024_RS17020	38	97.727	132	3	0	1	132	1555	1424	6.46e-61	228
AL024_RS16480	38	99.729	738	2	0	1	738	2297	1560	0.0	1352
AL024_RS16485	38	100.000	84	0	0	1	84	2505	2422	1.79e-39	156
AL024_RS16490	2	98.108	687	13	0	1	687	82876	83562	0.0	1197
AL024_RS16490	47	99.464	373	2	0	38	410	373	1	0.0	678
AL024_RS16490	23	99.278	277	2	0	411	687	1	277	2.05e-142	501
AL024_RS16490	44	97.727	264	6	0	424	687	1000	737	1.62e-128	455
AL024_RS16490	53	97.222	36	1	0	1	36	69	104	4.11e-10	62.1
AL024_RS16555	22	83.618	586	96	0	8	593	23084	23669	1.79e-157	551
AL024_RS16565	2	98.399	687	11	0	1	687	82876	83562	0.0	1208
AL024_RS16565	47	99.732	373	1	0	38	410	373	1	0.0	684
AL024_RS16565	23	99.639	277	1	0	411	687	1	277	4.40e-144	507
AL024_RS16565	44	98.106	264	5	0	424	687	1000	737	3.47e-130	460
AL024_RS16565	53	97.222	36	1	0	1	36	69	104	4.11e-10	62.1
HK93_RS15600	31	99.702	336	1	0	1	336	2365	2030	6.62e-177	616
HK93_RS15600	31	98.885	269	2	1	383	651	2034	1767	9.07e-136	479
HK93_RS15635	2	93.201	353	23	1	1	352	82882	83234	1.03e-147	518
HK93_RS15635	47	92.547	322	23	1	32	352	373	52	1.75e-130	460
HK93_RS15635	31	89.583	336	35	0	1	336	2365	2030	1.78e-120	427
HK93_RS15635	53	100.000	29	0	0	2	30	76	104	3.48e-08	54.7
HK93_RS15640	2	82.440	672	116	2	1	671	82882	83552	5.44e-168	586
HK93_RS15640	23	83.333	276	46	0	406	681	2	277	1.74e-68	255
HK93_RS15640	44	83.650	263	43	0	412	674	1006	744	2.92e-66	248
HK93_RS16890	31	100.000	74	0	0	8	81	2438	2365	6.20e-34	137
HK93_RS15905	31	99.663	297	1	0	1	297	2326	2030	3.12e-155	544
HK93_RS15905	31	98.328	299	3	1	344	642	2034	1738	4.07e-149	523
HK93_RS15935	2	92.918	353	24	1	1	352	82882	83234	4.78e-146	512
HK93_RS15935	47	92.236	322	24	1	32	352	373	52	8.16e-129	455
HK93_RS15935	31	89.286	336	36	0	1	336	2365	2030	8.28e-119	422
HK93_RS15935	53	100.000	29	0	0	2	30	76	104	3.48e-08	54.7
HK93_RS15940	2	82.589	672	115	2	1	671	82882	83552	1.17e-169	592
HK93_RS15940	23	83.696	276	45	0	406	681	2	277	3.75e-70	261
HK93_RS15940	44	84.030	263	42	0	412	674	1006	744	6.27e-68	254
HK93_RS16305	31	100.000	74	0	0	431	504	2438	2365	4.83e-33	137
HK93_RS16310	31	99.702	336	1	0	1	336	2365	2030	6.94e-177	616
HK93_RS16310	31	98.328	299	3	1	383	681	2034	1738	4.33e-149	523
HK93_RS16315	31	98.039	51	1	0	1	51	1734	1684	2.21e-18	89.8
HK93_RS16910	31	100.000	74	0	0	2	75	2438	2365	5.60e-34	137
HK87_RS15925	31	100.000	74	0	0	8	81	2438	2365	6.20e-34	137
HK87_RS15435	31	99.663	297	1	0	1	297	2326	2030	3.12e-155	544
HK87_RS15435	31	98.328	299	3	1	344	642	2034	1738	4.07e-149	523
HK87_RS15465	2	93.201	353	23	1	1	352	82882	83234	1.03e-147	518
HK87_RS15465	47	92.547	322	23	1	32	352	373	52	1.75e-130	460
HK87_RS15465	31	89.583	336	35	0	1	336	2365	2030	1.78e-120	427
HK87_RS15465	53	100.000	29	0	0	2	30	76	104	3.48e-08	54.7
HK87_RS15470	2	82.440	672	116	2	1	671	82882	83552	5.44e-168	586
HK87_RS15470	23	83.333	276	46	0	406	681	2	277	1.74e-68	255
HK87_RS15470	44	83.650	263	43	0	412	674	1006	744	2.92e-66	248
MS6198_RS31350	38	99.057	106	1	0	1	106	1555	1450	6.96e-50	191
MS6198_RS26915	38	99.729	738	2	0	1	738	2297	1560	0.0	1352
MS6198_RS26920	38	97.222	72	2	0	25	96	2493	2422	2.16e-29	122
FQV39_RS31610	41	80.952	1344	204	32	188	1493	1393	64	0.0	1016
FQV39_RS31625	36	80.934	1028	173	19	1696	2707	1346	326	0.0	791
FQV39_RS31625	36	73.059	1069	238	40	409	1458	2720	1683	3.31e-91	333
DN407_RS27635	18	80.769	182	29	5	1	179	4555	4733	1.84e-33	137
DN407_RS31340	6	97.297	74	2	0	1	74	155960	155887	1.19e-30	126
FZP47_RS12695	28	100.000	198	0	0	1096	1293	3390	3587	1.49e-101	366
FZP47_RS12840	21	100.000	74	0	0	1	74	21487	21560	5.60e-34	137
FZP47_RS12840	27	98.630	73	1	0	1	73	10650	10722	9.37e-32	130
FZP47_RS12845	27	97.313	1191	12	1	1	1171	10627	9437	0.0	2004
FZP47_RS12845	31	96.721	122	4	0	217	338	6249	6128	1.12e-52	204
FZP47_RS12845	21	100.000	65	0	0	1	65	21464	21400	1.16e-27	121
FZP47_RS13145	31	99.604	758	3	0	428	1185	6132	5375	0.0	1384
FZP47_RS13145	31	97.015	134	3	1	226	358	6261	6128	8.67e-59	224
FZP47_RS13145	27	85.132	834	104	15	1	827	10627	9807	0.0	835
FZP47_RS13145	21	100.000	65	0	0	1	65	21464	21400	1.17e-27	121
FZP47_RS13155	43	98.854	960	11	0	1	960	97	1056	0.0	1712
FZP47_RS13220	21	99.398	1163	7	0	1	1163	21773	22935	0.0	2109
FZP47_RS13340	27	100.000	266	0	0	2	267	9702	9437	4.56e-140	492
FZP47_RS13380	43	98.854	960	11	0	1	960	97	1056	0.0	1712
FZP47_RS13455	27	97.199	821	23	0	1	821	10627	9807	0.0	1389
FZP47_RS13455	27	88.400	250	27	2	943	1191	9685	9437	1.41e-81	300
FZP47_RS13455	31	83.531	674	99	10	475	1142	6079	5412	9.52e-178	619
FZP47_RS13455	31	96.269	134	4	1	226	358	6261	6128	4.06e-57	219
FZP47_RS13455	21	100.000	65	0	0	1	65	21464	21400	1.18e-27	121
FZP47_RS13525	28	88.660	97	11	0	1	97	5672	5576	5.90e-28	119
FZP47_RS13540	8	76.789	573	121	12	1	567	11253	10687	1.26e-84	311
FZP47_RS13550	8	80.952	126	22	2	793	917	7516	7392	4.78e-21	99.0
FZP47_RS13560	1	90.351	114	11	0	3	116	334543	334656	1.30e-37	150
FZP47_RS13560	1	89.565	115	12	0	3	117	199363	199249	1.68e-36	147
FZP47_RS13560	1	88.696	115	11	2	3	116	267703	267590	2.81e-34	139
FZP47_RS13560	1	88.596	114	13	0	3	116	406850	406737	2.81e-34	139
FZP47_RS13560	1	100.000	34	0	0	3	36	234867	234834	1.74e-11	63.9
FZP47_RS13560	4	89.565	115	12	0	3	117	199164	199050	1.68e-36	147
FZP47_RS13560	5	88.696	115	11	2	3	116	13736	13623	2.81e-34	139
FZP47_RS13560	5	86.842	114	15	0	3	116	163974	163861	6.08e-31	128
FZP47_RS13560	28	87.288	118	15	0	1	118	5693	5576	3.63e-33	135
FZP47_RS13560	11	87.719	114	14	0	3	116	34807	34694	1.31e-32	134
FZP47_RS13560	10	86.842	114	15	0	3	116	74743	74856	6.08e-31	128
FZP47_RS13560	10	95.745	47	2	0	70	116	37586	37632	2.23e-15	76.8
FZP47_RS13560	10	87.692	65	7	1	3	67	37466	37529	8.03e-15	75.0
FZP47_RS13560	6	86.842	114	15	0	3	116	17344	17231	6.08e-31	128
FZP47_RS13560	13	100.000	34	0	0	3	36	11062	11029	1.74e-11	63.9
FZP47_RS13560	3	100.000	31	0	0	3	33	75798	75768	8.09e-10	58.4
FZP47_RS13575	31	99.107	336	3	0	1	336	2365	2030	1.50e-173	604
FZP47_RS13575	31	97.993	299	4	1	383	681	2034	1738	2.01e-147	518
FZP47_RS13580	31	100.000	74	0	0	8	81	2438	2365	6.20e-34	137
FZP47_RS13585	31	100.000	28	0	0	1	28	2411	2438	2.03e-07	52.8
FS851_RS15065	40	96.415	781	28	0	84	864	423	1203	0.0	1288
FS851_RS15070	40	83.154	279	35	11	1	273	66	338	1.44e-65	244
FS851_RS15075	51	97.037	135	4	0	33	167	135	1	1.13e-60	228
FS851_RS15075	38	100.000	32	0	0	1	32	32	1	4.36e-10	60.2
FS851_RS15075	44	100.000	31	0	0	1	31	32	2	1.57e-09	58.4
FS851_RS15080	38	97.882	897	19	0	1	897	1027	131	0.0	1552
FS851_RS15085	44	99.060	532	5	0	642	1173	683	152	0.0	955
FS851_RS15085	38	94.231	260	15	0	914	1173	1389	1130	4.78e-111	398
FS851_RS15185	2	98.544	687	10	0	1	687	82876	83562	0.0	1214
FS851_RS15185	47	99.732	373	1	0	38	410	373	1	0.0	684
FS851_RS15185	23	99.278	277	2	0	411	687	1	277	2.05e-142	501
FS851_RS15185	44	98.485	264	4	0	424	687	1000	737	7.46e-132	466
FS851_RS15185	53	97.222	36	1	0	1	36	69	104	4.11e-10	62.1
FS851_RS15220	2	98.399	687	11	0	1	687	82876	83562	0.0	1208
FS851_RS15220	47	99.732	373	1	0	38	410	373	1	0.0	684
FS851_RS15220	23	99.639	277	1	0	411	687	1	277	4.40e-144	507
FS851_RS15220	44	98.106	264	5	0	424	687	1000	737	3.47e-130	460
FS851_RS15220	53	97.222	36	1	0	1	36	69	104	4.11e-10	62.1
FS851_RS15260	2	98.399	687	11	0	1	687	82876	83562	0.0	1208
FS851_RS15260	47	99.732	373	1	0	38	410	373	1	0.0	684
FS851_RS15260	23	99.639	277	1	0	411	687	1	277	4.40e-144	507
FS851_RS15260	44	98.106	264	5	0	424	687	1000	737	3.47e-130	460
FS851_RS15260	53	97.222	36	1	0	1	36	69	104	4.11e-10	62.1
FS851_RS15290	2	98.399	687	11	0	1	687	82876	83562	0.0	1208
FS851_RS15290	47	99.732	373	1	0	38	410	373	1	0.0	684
FS851_RS15290	23	99.639	277	1	0	411	687	1	277	4.40e-144	507
FS851_RS15290	44	98.106	264	5	0	424	687	1000	737	3.47e-130	460
FS851_RS15290	53	97.222	36	1	0	1	36	69	104	4.11e-10	62.1
FS851_RS15320	38	100.000	101	0	0	12	112	2626	2526	9.10e-49	187
FS851_RS15325	38	98.810	84	1	0	1	84	2505	2422	8.34e-38	150
FS851_RS15330	38	99.593	738	3	0	1	738	2297	1560	0.0	1347
FS851_RS15335	38	98.485	132	2	0	1	132	1555	1424	1.39e-62	233
FS851_RS15375	2	98.399	687	11	0	1	687	82876	83562	0.0	1208
FS851_RS15375	47	99.732	373	1	0	38	410	373	1	0.0	684
FS851_RS15375	23	99.639	277	1	0	411	687	1	277	4.40e-144	507
FS851_RS15375	44	98.106	264	5	0	424	687	1000	737	3.47e-130	460
FS851_RS15375	53	97.222	36	1	0	1	36	69	104	4.11e-10	62.1
D1E87_RS14790	39	99.819	554	1	0	83	636	812	259	0.0	1018
D1E87_RS14795	39	100.000	262	0	0	1	262	262	1	1.58e-137	484
D1E87_RS14795	39	100.000	241	0	0	263	503	2460	2220	7.46e-126	446
D1E87_RS14795	39	100.000	40	0	0	492	531	2219	2180	4.05e-14	75.0
D1E87_RS14800	39	100.000	795	0	0	1	795	2087	1293	0.0	1469
D1E87_RS14805	39	100.000	189	0	0	1	189	997	1185	1.99e-97	350
D1E87_RS14810	39	99.038	208	1	1	1	207	1017	810	1.10e-103	372
D1E86_RS14780	39	99.819	554	1	0	83	636	812	259	0.0	1018
D1E86_RS14785	39	100.000	262	0	0	1	262	262	1	1.58e-137	484
D1E86_RS14785	39	100.000	241	0	0	263	503	2460	2220	7.46e-126	446
D1E86_RS14785	39	100.000	40	0	0	492	531	2219	2180	4.05e-14	75.0
D1E86_RS14790	39	100.000	795	0	0	1	795	2087	1293	0.0	1469
D1E86_RS14795	39	100.000	189	0	0	1	189	997	1185	1.99e-97	350
D1E86_RS14800	39	99.038	208	1	1	1	207	1017	810	1.10e-103	372
CG42_RS14960	31	99.702	336	1	0	1	336	2365	2030	6.94e-177	616
CG42_RS14960	31	98.328	299	3	1	383	681	2034	1738	4.33e-149	523
CG42_RS15000	2	93.201	353	23	1	1	352	82882	83234	1.03e-147	518
CG42_RS15000	47	92.547	322	23	1	32	352	373	52	1.75e-130	460
CG42_RS15000	31	89.583	336	35	0	1	336	2365	2030	1.78e-120	427
CG42_RS15000	53	100.000	29	0	0	2	30	76	104	3.48e-08	54.7
CG42_RS15005	2	82.440	672	116	2	1	671	82882	83552	5.44e-168	586
CG42_RS15005	23	83.333	276	46	0	406	681	2	277	1.74e-68	255
CG42_RS15005	44	83.650	263	43	0	412	674	1006	744	2.92e-66	248
KO07_RS15195	2	96.182	681	26	0	1	681	82882	83562	0.0	1114
KO07_RS15195	47	97.035	371	11	0	34	404	371	1	1.15e-179	625
KO07_RS15195	23	99.278	277	2	0	405	681	1	277	2.03e-142	501
KO07_RS15195	44	97.727	264	6	0	418	681	1000	737	1.60e-128	455
KO07_RS15210	2	98.108	687	13	0	1	687	82876	83562	0.0	1197
KO07_RS15210	47	99.732	373	1	0	38	410	373	1	0.0	684
KO07_RS15210	23	98.917	277	3	0	411	687	1	277	9.52e-141	496
KO07_RS15210	44	97.348	264	7	0	424	687	1000	737	7.52e-127	449
KO07_RS15210	53	97.222	36	1	0	1	36	69	104	4.11e-10	62.1
KO07_RS15215	31	93.878	196	11	1	10	204	2750	2945	1.03e-80	294
KO07_RS15240	2	92.962	682	46	2	1	681	82882	83562	0.0	992
KO07_RS15240	23	99.278	277	2	0	405	681	1	277	2.03e-142	501
KO07_RS15240	47	90.591	372	33	2	34	404	371	1	1.22e-139	492
KO07_RS15240	44	98.485	264	4	0	418	681	1000	737	7.40e-132	466
KO07_RS15560	2	97.640	678	15	1	11	688	82886	83562	0.0	1162
KO07_RS15560	47	98.928	373	4	0	38	410	373	1	0.0	667
KO07_RS15560	23	99.281	278	1	1	411	688	1	277	2.05e-142	501
KO07_RS15560	44	97.736	265	5	1	424	688	1000	737	1.62e-128	455
F0220_RS30810	19	100.000	74	0	0	1	74	614	687	5.50e-34	137
F0220_RS30830	36	83.766	2969	387	69	1	2929	3128	215	0.0	2724
F0220_RS30835	41	86.885	1586	167	35	1	1561	1630	61	0.0	1738
BWI19_RS15965	31	100.000	74	0	0	8	81	2438	2365	6.20e-34	137
BWI19_RS15715	31	99.663	297	1	0	1	297	2326	2030	3.12e-155	544
BWI19_RS15715	31	98.328	299	3	1	344	642	2034	1738	4.07e-149	523
BWI19_RS15750	2	93.201	353	23	1	1	352	82882	83234	1.03e-147	518
BWI19_RS15750	47	92.547	322	23	1	32	352	373	52	1.75e-130	460
BWI19_RS15750	31	89.583	336	35	0	1	336	2365	2030	1.78e-120	427
BWI19_RS15750	53	100.000	29	0	0	2	30	76	104	3.48e-08	54.7
BWI19_RS15755	2	82.440	672	116	2	1	671	82882	83552	5.44e-168	586
BWI19_RS15755	23	83.333	276	46	0	406	681	2	277	1.74e-68	255
BWI19_RS15755	44	83.650	263	43	0	412	674	1006	744	2.92e-66	248
BWI20_RS16190	31	100.000	74	0	0	8	81	2438	2365	6.20e-34	137
BWI20_RS15940	31	99.663	297	1	0	1	297	2326	2030	3.12e-155	544
BWI20_RS15940	31	98.328	299	3	1	344	642	2034	1738	4.07e-149	523
BWI20_RS15975	2	93.201	353	23	1	1	352	82882	83234	1.03e-147	518
BWI20_RS15975	47	92.547	322	23	1	32	352	373	52	1.75e-130	460
BWI20_RS15975	31	89.583	336	35	0	1	336	2365	2030	1.78e-120	427
BWI20_RS15975	53	100.000	29	0	0	2	30	76	104	3.48e-08	54.7
BWI20_RS15980	2	82.440	672	116	2	1	671	82882	83552	5.44e-168	586
BWI20_RS15980	23	83.333	276	46	0	406	681	2	277	1.74e-68	255
BWI20_RS15980	44	83.650	263	43	0	412	674	1006	744	2.92e-66	248
ASL14_RS26525	2	72.659	267	66	5	811	1075	318070	317809	6.64e-16	82.4
SBAL_RS23600	9	75.606	1197	257	29	2	1179	53457	52277	5.82e-160	560
F3P14_RS24895	38	97.222	72	2	0	25	96	2493	2422	2.16e-29	122
F3P14_RS24900	38	99.729	738	2	0	1	738	2297	1560	0.0	1352
F3P14_RS24905	38	99.057	106	1	0	1	106	1555	1450	6.96e-50	191
F3P13_RS24860	38	99.057	106	1	0	1	106	1555	1450	6.96e-50	191
F3P13_RS24865	38	99.729	738	2	0	1	738	2297	1560	0.0	1352
F3P13_RS24870	38	97.222	72	2	0	25	96	2493	2422	2.16e-29	122
D4A35_RS17635	9	72.087	1476	359	42	1	1448	55690	54240	1.10e-109	394
FTN78_RS00005	1	80.556	72	12	2	1145	1215	140232	140162	1.24e-07	54.7
FTN78_RS00045	31	99.807	1038	2	0	1	1038	4033	5070	0.0	1906
FTN78_RS00050	31	99.361	939	6	0	1	939	3069	4007	0.0	1701
FTN78_RS00055	21	100.000	72	0	0	1	72	21487	21558	8.02e-33	134
FTN78_RS00055	27	98.611	72	1	0	1	72	10650	10721	3.73e-31	128
FTN78_RS00080	44	94.191	241	13	1	1	241	976	737	2.59e-102	366
FTN78_RS00080	2	94.191	241	13	1	1	241	83323	83562	2.59e-102	366
FTN78_RS00080	23	93.776	241	14	1	1	241	38	277	1.20e-100	361
FTN78_RS00080	31	82.667	225	34	5	18	241	1958	1738	1.29e-50	195
FTN78_RS00100	31	86.395	294	32	7	86	376	2026	1738	1.53e-86	315
FTN78_RS00100	2	76.471	289	64	3	80	366	83266	83552	3.52e-38	154
FTN78_RS12565	31	100.000	74	0	0	2	75	2438	2365	5.60e-34	137
FTN78_RS12570	31	98.810	336	4	0	1	336	2365	2030	6.99e-172	599
FTN78_RS12570	31	98.662	299	2	1	383	681	2034	1738	9.30e-151	529
FTN78_RS12590	31	99.107	336	3	0	1	336	2365	2030	1.50e-173	604
FTN78_RS12590	31	98.662	299	2	1	383	681	2034	1738	9.30e-151	529
FTN78_RS12595	31	100.000	72	0	0	1	72	2436	2365	6.85e-33	134
FTN78_RS12610	31	85.763	295	40	1	387	681	2030	1738	3.67e-85	311
FTN78_RS12725	31	87.119	295	36	1	387	681	2030	1738	7.83e-92	333
FTN78_RS12740	31	97.297	74	2	0	5	78	2438	2365	1.28e-30	126
FTN78_RS12745	31	99.405	336	2	0	1	336	2365	2030	3.23e-175	610
FTN78_RS12745	31	98.328	299	3	1	383	681	2034	1738	4.33e-149	523
FTN78_RS12855	2	96.188	682	26	0	1	682	82876	83557	0.0	1116
FTN78_RS12855	47	99.732	373	1	0	38	410	373	1	0.0	684
FTN78_RS12855	23	94.585	277	15	0	411	687	1	277	9.79e-121	429
FTN78_RS12855	44	93.050	259	18	0	424	682	1000	742	1.00e-105	379
FTN78_RS12855	31	85.268	224	29	3	465	687	1958	1738	3.83e-60	228
FTN78_RS12865	2	93.333	105	4	3	1	102	82876	82980	2.96e-38	152
FTN78_RS12865	47	91.176	68	3	3	38	102	373	306	2.36e-19	89.8
FTN78_RS13005	31	89.199	287	28	3	4	289	2323	2039	6.79e-99	355
FTN78_RS13025	31	92.977	299	19	1	380	678	2034	1738	2.08e-122	435
FTN78_RS13055	21	100.000	72	0	0	1	72	21487	21558	8.02e-33	134
FTN78_RS13055	27	98.611	72	1	0	1	72	10650	10721	3.73e-31	128
FTN78_RS13060	31	99.468	939	5	0	1	939	3069	4007	0.0	1707
FTN78_RS13065	31	99.904	1038	1	0	1	1038	4033	5070	0.0	1912
FTN78_RS13070	31	99.472	757	4	0	164	920	6131	5375	0.0	1376
FTN78_RS13070	31	97.000	100	3	0	1	100	6227	6128	3.18e-42	169
FTN78_RS13070	27	77.933	571	109	14	1	562	10369	9807	6.37e-94	340
FTN78_RS13075	31	100.000	72	0	0	1	72	2436	2365	6.85e-33	134
FTN78_RS13080	31	100.000	336	0	0	1	336	2365	2030	8.42e-179	621
FTN78_RS13130	31	98.611	72	1	0	1	72	2436	2365	3.19e-31	128
FTN78_RS13135	31	99.702	336	1	0	1	336	2365	2030	6.62e-177	616
FTN78_RS13135	31	97.770	269	6	0	383	651	2034	1766	2.54e-131	464
FTN78_RS13155	31	98.611	72	1	0	1	72	2436	2365	3.19e-31	128
FTN78_RS13160	31	99.327	297	2	0	1	297	2326	2030	1.45e-153	538
FTN78_RS13160	31	96.990	299	7	1	344	642	2034	1738	1.91e-142	501
FTN78_RS13220	31	98.611	72	1	0	1	72	2436	2365	3.19e-31	128
FTN78_RS13225	31	99.107	336	3	0	1	336	2365	2030	1.15e-173	604
FTN78_RS13225	31	99.301	143	1	0	383	525	2034	1892	1.03e-69	259
FTN78_RS13270	6	91.549	71	6	0	4	74	155162	155092	2.59e-22	99.0
FTN78_RS13270	6	91.549	71	6	0	4	74	155727	155657	2.59e-22	99.0
FTN78_RS13275	31	100.000	72	0	0	1	72	2436	2365	6.85e-33	134
FTN78_RS13280	31	99.107	336	3	0	1	336	2365	2030	1.50e-173	604
FTN78_RS13280	31	97.659	299	5	1	384	682	2034	1738	9.38e-146	512
FTN78_RS13340	31	98.214	336	6	0	1	336	2365	2030	1.51e-168	588
FTN78_RS13340	31	89.632	299	29	1	383	681	2034	1738	9.91e-106	379
FTN78_RS13350	31	95.495	111	3	1	1	111	1846	1738	1.95e-45	176
FTN78_RS13500	31	95.122	123	4	1	1	123	1858	1738	2.19e-50	193
F4V27_RS08680	39	100.000	795	0	0	1	795	2087	1293	0.0	1469
F4V25_RS00285	39	100.000	73	0	0	177	249	996	1068	8.23e-33	135
F4V25_RS00295	39	99.180	122	1	0	65	186	1064	1185	1.60e-58	220
F4V25_RS00300	39	100.000	795	0	0	1	795	2087	1293	0.0	1469
F4V25_RS00305	39	100.000	279	0	0	263	541	2460	2182	6.07e-147	516
F4V25_RS00305	39	100.000	262	0	0	1	262	262	1	1.71e-137	484
F4V25_RS00305	39	100.000	32	0	0	542	573	2149	2118	1.23e-09	60.2
F4V25_RS00310	39	100.000	338	0	0	2	339	596	259	5.56e-180	625
FNP79_RS00115	8	89.222	167	18	0	2	168	36068	36234	3.09e-55	209
FNP79_RS00120	8	93.854	1920	118	0	1	1920	34025	35944	0.0	2892
FNP79_RS00125	8	96.552	87	3	0	1	87	33923	34009	4.06e-36	145
FNP79_RS00130	8	96.368	468	17	0	1	468	33181	33648	0.0	771
F4V28_RS09915	39	100.000	795	0	0	1	795	2087	1293	0.0	1469
F4V28_RS09920	39	99.474	190	1	0	96	285	996	1185	4.03e-96	346
F6440_RS14475	21	99.484	1163	6	0	1	1163	21773	22935	0.0	2115
F6440_RS14480	21	97.945	146	3	0	59	204	23064	22919	1.75e-68	254
F6440_RS14615	42	75.746	503	116	4	752	1251	640	141	5.44e-66	248
F6440_RS14715	2	98.108	687	13	0	1	687	82876	83562	0.0	1197
F6440_RS14715	47	99.732	373	1	0	38	410	373	1	0.0	684
F6440_RS14715	23	99.639	277	1	0	411	687	1	277	4.40e-144	507
F6440_RS14715	44	98.106	264	5	0	424	687	1000	737	3.47e-130	460
F6440_RS14765	22	82.339	821	141	4	1	819	20706	21524	0.0	710
F6440_RS14770	22	80.615	650	120	6	37	683	20514	19868	2.66e-141	497
F6440_RS14775	22	81.921	1510	259	14	1	1503	19850	18348	0.0	1264
F6440_RS14790	21	99.484	1163	6	0	1	1163	21773	22935	0.0	2115
F6440_RS14855	21	99.398	1163	7	0	1	1163	21773	22935	0.0	2109
F6440_RS14865	21	99.691	1293	4	0	1	1293	20634	19342	0.0	2366
F6440_RS14870	21	100.000	261	0	0	1	261	21168	20908	2.69e-137	483
F6440_RS14875	31	86.658	757	101	0	423	1179	6131	5375	0.0	839
F6440_RS14880	21	99.573	1170	5	0	1	1170	26692	27861	0.0	2134
F6440_RS14885	2	97.613	377	9	0	5	381	83186	83562	0.0	647
F6440_RS14885	23	99.278	277	2	0	105	381	1	277	1.11e-142	501
F6440_RS14885	44	98.485	264	4	0	118	381	1000	737	4.04e-132	466
F6440_RS14885	47	100.000	100	0	0	5	104	100	1	1.27e-47	185
F6440_RS14890	31	100.000	72	0	0	1	72	2436	2365	6.85e-33	134
F6440_RS14895	31	99.405	336	2	0	1	336	2365	2030	3.23e-175	610
F6440_RS14895	31	97.659	299	5	1	383	681	2034	1738	9.37e-146	512
F6440_RS14930	2	97.082	377	11	0	5	381	83186	83562	0.0	636
F6440_RS14930	23	99.278	277	2	0	105	381	1	277	1.11e-142	501
F6440_RS14930	44	97.727	264	6	0	118	381	1000	737	8.75e-129	455
F6440_RS14930	47	100.000	100	0	0	5	104	100	1	1.27e-47	185
F6440_RS14935	31	100.000	72	0	0	1	72	2436	2365	6.85e-33	134
F6440_RS14940	31	99.702	336	1	0	1	336	2365	2030	6.94e-177	616
F6440_RS14940	31	98.328	299	3	1	383	681	2034	1738	4.33e-149	523
F6440_RS14945	31	93.548	62	4	0	1	62	1732	1671	9.87e-20	93.5
F6440_RS14965	21	91.925	161	13	0	66	226	12581	12421	7.78e-60	226
F6440_RS14970	53	100.000	30	0	0	1	30	30	1	6.76e-08	56.5
F6440_RS14970	2	100.000	30	0	0	1	30	82837	82808	6.76e-08	56.5
F6440_RS14975	2	98.385	681	11	0	1	681	82882	83562	0.0	1197
F6440_RS14975	47	99.732	373	1	0	32	404	373	1	0.0	684
F6440_RS14975	23	99.639	277	1	0	405	681	1	277	4.36e-144	507
F6440_RS14975	44	98.106	264	5	0	418	681	1000	737	3.44e-130	460
F6440_RS14975	53	100.000	29	0	0	2	30	76	104	6.82e-08	54.7
F6440_RS14980	21	100.000	39	0	0	1282	1320	28224	28186	3.71e-13	73.1
F6440_RS14985	35	100.000	566	0	0	1	566	3513	4078	0.0	1046
F6440_RS14990	35	96.454	141	5	0	1	141	3311	3451	1.50e-62	233
F6440_RS14995	35	98.824	85	1	0	1	85	3241	3157	1.78e-37	152
F6440_RS15075	35	99.927	1377	1	0	1	1377	582	1958	0.0	2538
F6440_RS15080	35	100.000	582	0	0	76	657	1	582	0.0	1075
F6440_RS15085	27	99.677	1237	4	0	1	1237	12696	13932	0.0	2263
F6440_RS15090	27	98.969	97	1	0	60	156	12581	12677	1.04e-44	174
F6440_RS15100	27	99.715	351	1	0	1	351	12024	12374	0.0	643
F6440_RS15100	21	100.000	100	0	0	353	452	21579	21678	1.52e-47	185
F6440_RS15105	27	99.715	351	1	0	1	351	11518	11868	0.0	643
F6440_RS15110	27	93.956	182	0	1	1	182	11337	11507	7.12e-72	265
F6440_RS15120	21	100.000	99	0	0	1	99	21580	21678	1.01e-47	183
F6440_RS15125	31	87.629	194	24	0	23	216	5568	5375	4.06e-60	226
F6440_RS15175	31	99.405	336	2	0	1	336	2365	2030	3.23e-175	610
F6440_RS15175	31	97.659	299	5	1	383	681	2034	1738	9.37e-146	512
F6440_RS15180	22	90.685	569	53	0	14	582	23102	23670	0.0	758
F6440_RS15230	31	100.000	72	0	0	1	72	2436	2365	6.85e-33	134
F6440_RS15235	31	99.405	336	2	0	1	336	2365	2030	3.23e-175	610
F6440_RS15235	31	95.987	299	10	1	383	681	2034	1738	2.04e-137	484
F6440_RS15255	31	92.727	55	4	0	108	162	2451	2397	2.43e-16	80.5
F6440_RS15260	31	98.516	337	4	1	1	337	2365	2030	3.26e-170	593
F6440_RS15260	31	87.333	300	34	3	384	682	2034	1738	4.68e-94	340
F6440_RS15280	21	93.243	74	5	0	554	627	20868	20795	1.65e-24	110
F6440_RS15320	21	97.333	150	3	1	40	189	23067	22919	1.61e-68	254
F6440_RS15325	21	99.398	1163	7	0	1	1163	21773	22935	0.0	2109
F6440_RS15400	35	95.978	1069	42	1	228	1296	3156	2089	0.0	1735
F6440_RS15455	2	98.108	687	13	0	1	687	82876	83562	0.0	1197
F6440_RS15455	47	99.732	373	1	0	38	410	373	1	0.0	684
F6440_RS15455	23	98.917	277	3	0	411	687	1	277	9.52e-141	496
F6440_RS15455	44	97.348	264	7	0	424	687	1000	737	7.52e-127	449
F6440_RS15455	53	97.222	36	1	0	1	36	69	104	4.11e-10	62.1
F6440_RS15530	2	96.804	438	14	0	218	655	83125	83562	0.0	732
F6440_RS15530	2	99.569	232	1	0	1	232	82876	83107	4.34e-119	424
F6440_RS15530	23	99.639	277	1	0	379	655	1	277	4.19e-144	507
F6440_RS15530	44	98.106	264	5	0	392	655	1000	737	3.31e-130	460
F6440_RS15530	47	99.487	195	1	0	38	232	373	179	1.60e-98	355
F6440_RS15530	47	98.710	155	2	0	224	378	155	1	1.28e-74	276
F6440_RS15530	53	97.222	36	1	0	1	36	69	104	3.92e-10	62.1
F6440_RS15535	2	100.000	35	0	0	794	828	83619	83585	3.86e-11	65.8
F6440_RS15535	44	100.000	33	0	0	796	828	682	714	4.99e-10	62.1
F6440_RS15535	23	100.000	32	0	0	797	828	331	300	1.79e-09	60.2
F6440_RS15580	31	100.000	74	0	0	8	81	2438	2365	6.20e-34	137
F6440_RS15585	31	99.107	336	3	0	1	336	2365	2030	1.50e-173	604
F6440_RS15585	31	98.328	299	3	1	383	681	2034	1738	4.33e-149	523
F6440_RS15635	2	98.399	687	11	0	1	687	82876	83562	0.0	1208
F6440_RS15635	47	99.732	373	1	0	38	410	373	1	0.0	684
F6440_RS15635	23	99.639	277	1	0	411	687	1	277	4.40e-144	507
F6440_RS15635	44	98.106	264	5	0	424	687	1000	737	3.47e-130	460
F6440_RS15635	53	97.222	36	1	0	1	36	69	104	4.11e-10	62.1
F6440_RS15715	2	98.544	687	10	0	1	687	82876	83562	0.0	1214
F6440_RS15715	47	99.732	373	1	0	38	410	373	1	0.0	684
F6440_RS15715	23	99.278	277	2	0	411	687	1	277	2.05e-142	501
F6440_RS15715	44	98.485	264	4	0	424	687	1000	737	7.46e-132	466
F6440_RS15715	53	97.222	36	1	0	1	36	69	104	4.11e-10	62.1
F6440_RS15785	39	100.000	554	0	0	356	909	812	259	0.0	1024
F6440_RS15790	39	100.000	281	0	0	263	543	2460	2180	4.43e-148	520
F6440_RS15790	39	100.000	262	0	0	1	262	262	1	1.62e-137	484
F6440_RS15795	39	100.000	795	0	0	1	795	2087	1293	0.0	1469
F6440_RS15800	39	100.000	189	0	0	1	189	997	1185	1.99e-97	350
F6440_RS15805	39	100.000	208	0	0	1	208	1017	810	1.42e-107	385
F6440_RS15815	38	96.321	897	33	0	1	897	1027	131	0.0	1474
F6440_RS15820	51	97.037	135	4	0	27	161	135	1	1.10e-60	228
F6440_RS15825	40	84.588	279	31	11	1	273	66	338	3.08e-72	267
F6440_RS15830	40	95.262	781	37	0	84	864	423	1203	0.0	1238
F6440_RS15835	38	99.729	738	2	0	1	738	2297	1560	0.0	1352
F6440_RS15840	38	98.810	84	1	0	1	84	2505	2422	8.34e-38	150
F6440_RS15845	2	98.253	687	12	0	1	687	82876	83562	0.0	1203
F6440_RS15845	47	99.732	373	1	0	38	410	373	1	0.0	684
F6440_RS15845	23	99.639	277	1	0	411	687	1	277	4.40e-144	507
F6440_RS15845	44	98.106	264	5	0	424	687	1000	737	3.47e-130	460
F6440_RS15850	44	100.000	51	0	0	1	51	733	683	3.64e-20	95.3
F6440_RS15850	23	100.000	51	0	0	1	51	281	331	3.64e-20	95.3
F6440_RS15850	2	100.000	51	0	0	1	51	83566	83616	3.64e-20	95.3
F6439_RS14530	43	98.854	960	11	0	1	960	97	1056	0.0	1712
F6439_RS14555	42	75.746	503	116	4	752	1251	640	141	5.44e-66	248
F6439_RS14650	21	95.349	43	0	2	181	222	21691	21732	2.69e-12	67.6
F6439_RS14655	21	99.484	1163	6	0	1	1163	21773	22935	0.0	2115
F6439_RS14690	31	97.619	42	1	0	220	261	1684	1725	6.89e-14	73.1
F6439_RS14695	31	99.702	336	1	0	1	336	2365	2030	6.94e-177	616
F6439_RS14695	31	98.328	299	3	1	383	681	2034	1738	4.33e-149	523
F6439_RS14700	31	100.000	74	0	0	2	75	2438	2365	5.60e-34	137
F6439_RS14710	2	97.082	377	11	0	5	381	83186	83562	0.0	636
F6439_RS14710	23	99.278	277	2	0	105	381	1	277	1.11e-142	501
F6439_RS14710	44	97.727	264	6	0	118	381	1000	737	8.75e-129	455
F6439_RS14710	47	100.000	100	0	0	5	104	100	1	1.27e-47	185
F6439_RS14715	31	100.000	72	0	0	1	72	2436	2365	6.85e-33	134
F6439_RS14720	31	99.702	336	1	0	1	336	2365	2030	6.94e-177	616
F6439_RS14720	31	98.328	299	3	1	383	681	2034	1738	4.33e-149	523
F6439_RS14740	23	98.305	177	3	0	1	177	101	277	8.74e-86	311
F6439_RS14740	44	97.740	177	4	0	1	177	913	737	4.07e-84	305
F6439_RS14740	2	97.740	177	4	0	1	177	83386	83562	4.07e-84	305
F6439_RS14755	2	98.253	687	12	0	1	687	82876	83562	0.0	1203
F6439_RS14755	47	99.732	373	1	0	38	410	373	1	0.0	684
F6439_RS14755	23	98.556	277	4	0	411	687	1	277	4.43e-139	490
F6439_RS14755	44	97.727	264	6	0	424	687	1000	737	1.62e-128	455
F6439_RS14755	53	97.222	36	1	0	1	36	69	104	4.11e-10	62.1
F6439_RS14770	31	86.658	757	101	0	423	1179	6131	5375	0.0	839
F6439_RS14775	21	100.000	261	0	0	1	261	21168	20908	2.69e-137	483
F6439_RS14780	21	99.691	1293	4	0	1	1293	20634	19342	0.0	2366
F6439_RS14785	21	99.484	1163	6	0	1	1163	21773	22935	0.0	2115
F6439_RS14850	21	99.484	1163	6	0	1	1163	21773	22935	0.0	2115
F6439_RS14865	22	81.921	1510	259	14	1	1503	19850	18348	0.0	1264
F6439_RS14870	22	80.615	650	120	6	37	683	20514	19868	2.66e-141	497
F6439_RS14875	22	82.339	821	141	4	1	819	20706	21524	0.0	710
F6439_RS14925	2	96.145	441	14	1	218	658	83125	83562	0.0	717
F6439_RS14925	2	99.569	232	1	0	1	232	82876	83107	4.36e-119	424
F6439_RS14925	23	98.571	280	1	1	379	658	1	277	1.18e-139	492
F6439_RS14925	44	97.004	267	5	1	392	658	1000	737	9.30e-126	446
F6439_RS14925	47	99.487	195	1	0	38	232	373	179	1.61e-98	355
F6439_RS14925	47	98.710	155	2	0	224	378	155	1	1.29e-74	276
F6439_RS14925	53	97.222	36	1	0	1	36	69	104	3.94e-10	62.1
F6439_RS14940	27	91.549	213	18	0	7	219	9649	9437	1.12e-80	294
F6439_RS14940	31	85.380	171	23	2	1	170	5581	5412	4.22e-45	176
F6439_RS14980	3	76.746	1217	277	6	28	1241	324012	322799	0.0	675
F6439_RS15000	31	86.658	757	101	0	423	1179	6131	5375	0.0	839
F6439_RS15005	21	99.226	1163	9	0	1	1163	21773	22935	0.0	2098
F6439_RS15035	31	100.000	72	0	0	1	72	2436	2365	6.85e-33	134
F6439_RS15040	31	99.702	336	1	0	1	336	2365	2030	6.94e-177	616
F6439_RS15040	31	98.328	299	3	1	383	681	2034	1738	4.33e-149	523
F6439_RS15065	21	91.925	161	13	0	66	226	12581	12421	7.78e-60	226
F6439_RS15085	2	98.238	681	12	0	1	681	82882	83562	0.0	1192
F6439_RS15085	47	99.464	373	2	0	32	404	373	1	0.0	678
F6439_RS15085	23	99.639	277	1	0	405	681	1	277	4.36e-144	507
F6439_RS15085	44	98.106	264	5	0	418	681	1000	737	3.44e-130	460
F6439_RS15085	53	100.000	29	0	0	2	30	76	104	6.82e-08	54.7
F6439_RS15090	21	100.000	39	0	0	1282	1320	28224	28186	3.71e-13	73.1
F6439_RS15095	35	100.000	566	0	0	1	566	3513	4078	0.0	1046
F6439_RS15100	35	95.745	141	6	0	1	141	3311	3451	6.98e-61	228
F6439_RS15105	35	98.824	85	1	0	1	85	3241	3157	4.47e-37	152
F6439_RS15110	9	80.039	1538	296	10	33	1566	82096	83626	0.0	1129
F6439_RS15235	35	98.824	85	1	0	1	85	3241	3157	4.47e-37	152
F6439_RS15290	21	89.243	1097	118	0	1	1097	20634	19538	0.0	1373
F6439_RS15295	35	99.927	1377	1	0	1	1377	582	1958	0.0	2538
F6439_RS15300	35	100.000	582	0	0	76	657	1	582	0.0	1075
F6439_RS15305	27	99.677	1237	4	0	1	1237	12696	13932	0.0	2263
F6439_RS15310	27	98.969	97	1	0	60	156	12581	12677	1.04e-44	174
F6439_RS15320	27	99.715	351	1	0	1	351	12024	12374	0.0	643
F6439_RS15320	21	99.000	100	1	0	351	450	21579	21678	7.02e-46	180
F6439_RS15325	27	99.715	351	1	0	1	351	11518	11868	0.0	643
F6439_RS15330	27	93.956	182	0	1	1	182	11337	11507	7.12e-72	265
F6439_RS15340	2	98.399	687	11	0	1	687	82876	83562	0.0	1208
F6439_RS15340	47	99.732	373	1	0	38	410	373	1	0.0	684
F6439_RS15340	23	99.639	277	1	0	411	687	1	277	4.40e-144	507
F6439_RS15340	44	98.106	264	5	0	424	687	1000	737	3.47e-130	460
F6439_RS15340	53	97.222	36	1	0	1	36	69	104	4.11e-10	62.1
F6439_RS15550	2	98.399	687	11	0	1	687	82876	83562	0.0	1208
F6439_RS15550	47	99.732	373	1	0	38	410	373	1	0.0	684
F6439_RS15550	23	99.639	277	1	0	411	687	1	277	4.40e-144	507
F6439_RS15550	44	98.106	264	5	0	424	687	1000	737	3.47e-130	460
F6439_RS15550	53	97.222	36	1	0	1	36	69	104	4.11e-10	62.1
F6439_RS15635	2	98.399	687	11	0	1	687	82876	83562	0.0	1208
F6439_RS15635	47	99.732	373	1	0	38	410	373	1	0.0	684
F6439_RS15635	23	99.639	277	1	0	411	687	1	277	4.40e-144	507
F6439_RS15635	44	98.106	264	5	0	424	687	1000	737	3.47e-130	460
F6439_RS15635	53	97.222	36	1	0	1	36	69	104	4.11e-10	62.1
F6439_RS15675	22	83.788	586	95	0	8	593	23084	23669	3.84e-159	556
F6439_RS15695	2	98.399	687	11	0	1	687	82876	83562	0.0	1208
F6439_RS15695	47	99.732	373	1	0	38	410	373	1	0.0	684
F6439_RS15695	23	99.639	277	1	0	411	687	1	277	4.40e-144	507
F6439_RS15695	44	98.106	264	5	0	424	687	1000	737	3.47e-130	460
F6439_RS15695	53	97.222	36	1	0	1	36	69	104	4.11e-10	62.1
F6439_RS15735	21	100.000	35	0	0	350	384	21698	21732	1.74e-11	65.8
F6439_RS15740	21	99.398	1163	7	0	1	1163	21773	22935	0.0	2109
F6439_RS15790	2	98.399	687	11	0	1	687	82876	83562	0.0	1208
F6439_RS15790	47	99.732	373	1	0	38	410	373	1	0.0	684
F6439_RS15790	23	99.639	277	1	0	411	687	1	277	4.40e-144	507
F6439_RS15790	44	98.106	264	5	0	424	687	1000	737	3.47e-130	460
F6439_RS15790	53	97.222	36	1	0	1	36	69	104	4.11e-10	62.1
F6439_RS15820	2	98.399	687	11	0	1	687	82876	83562	0.0	1208
F6439_RS15820	47	99.732	373	1	0	38	410	373	1	0.0	684
F6439_RS15820	23	99.639	277	1	0	411	687	1	277	4.40e-144	507
F6439_RS15820	44	98.106	264	5	0	424	687	1000	737	3.47e-130	460
F6439_RS15820	53	97.222	36	1	0	1	36	69	104	4.11e-10	62.1
F6439_RS16220	28	93.496	246	2	2	48	293	11233	11464	1.09e-97	353
F6439_RS16275	2	98.399	687	11	0	1	687	82876	83562	0.0	1208
F6439_RS16275	47	99.732	373	1	0	38	410	373	1	0.0	684
F6439_RS16275	23	99.639	277	1	0	411	687	1	277	4.40e-144	507
F6439_RS16275	44	98.106	264	5	0	424	687	1000	737	3.47e-130	460
F6439_RS16275	53	97.222	36	1	0	1	36	69	104	4.11e-10	62.1
F6439_RS16280	2	98.399	687	11	0	1	687	82876	83562	0.0	1208
F6439_RS16280	47	99.732	373	1	0	38	410	373	1	0.0	684
F6439_RS16280	23	99.639	277	1	0	411	687	1	277	4.40e-144	507
F6439_RS16280	44	98.106	264	5	0	424	687	1000	737	3.47e-130	460
F6439_RS16280	53	97.222	36	1	0	1	36	69	104	4.11e-10	62.1
F6439_RS16350	2	98.399	687	11	0	1	687	82876	83562	0.0	1208
F6439_RS16350	47	99.732	373	1	0	38	410	373	1	0.0	684
F6439_RS16350	23	99.639	277	1	0	411	687	1	277	4.40e-144	507
F6439_RS16350	44	98.106	264	5	0	424	687	1000	737	3.47e-130	460
F6439_RS16350	53	97.222	36	1	0	1	36	69	104	4.11e-10	62.1
F6439_RS16410	2	97.962	687	14	0	1	687	82876	83562	0.0	1192
F6439_RS16410	47	99.464	373	2	0	38	410	373	1	0.0	678
F6439_RS16410	23	98.917	277	3	0	411	687	1	277	9.52e-141	496
F6439_RS16410	44	97.348	264	7	0	424	687	1000	737	7.52e-127	449
F6439_RS16410	53	97.222	36	1	0	1	36	69	104	4.11e-10	62.1
F6439_RS16435	31	100.000	74	0	0	2	75	2438	2365	5.60e-34	137
F6439_RS16440	31	99.407	337	1	1	1	337	2365	2030	3.23e-175	610
F6439_RS16440	31	98.328	299	3	1	384	682	2034	1738	4.33e-149	523
FNP80_RS00905	8	94.271	1920	110	0	1	1920	34025	35944	0.0	2937
FNP80_RS00910	8	100.000	87	0	0	1	87	33923	34009	4.03e-41	161
FNP80_RS00915	8	98.361	61	1	0	1	61	33692	33752	3.53e-25	108
FNP80_RS00920	8	99.383	324	2	0	1	324	33325	33648	6.96e-169	588
FNP80_RS01015	38	99.057	106	1	0	1	106	1555	1450	6.96e-50	191
FNP80_RS01020	38	99.593	738	3	0	1	738	2297	1560	0.0	1347
FNP80_RS01025	38	97.222	72	2	0	25	96	2493	2422	2.16e-29	122
FNP80_RS24770	8	96.581	468	16	0	1	468	33181	33648	0.0	776
FNP80_RS24775	8	98.361	61	1	0	1	61	33692	33752	3.53e-25	108
FNP80_RS24780	8	100.000	87	0	0	1	87	33923	34009	4.03e-41	161
FNP80_RS24785	8	94.271	1920	110	0	1	1920	34025	35944	0.0	2937
FNP80_RS24790	8	87.634	186	23	0	1	186	36049	36234	2.07e-57	217
S100892_RS00660	2	97.234	687	19	0	1	687	82876	83562	0.0	1164
S100892_RS00660	47	99.196	373	3	0	38	410	373	1	0.0	673
S100892_RS00660	23	98.195	277	5	0	411	687	1	277	2.06e-137	484
S100892_RS00660	44	96.970	264	8	0	424	687	1000	737	3.50e-125	444
S100892_RS09830	2	76.324	680	153	7	1	676	82882	83557	4.64e-99	357
S100892_RS09830	47	78.919	370	74	4	37	404	368	1	2.92e-66	248
S100892_RS09830	31	80.272	294	48	9	391	680	2026	1739	1.06e-55	213
ATN07_RS29040	5	82.804	913	155	2	1	912	72486	73397	0.0	815
ATN07_RS30025	18	82.667	150	26	0	1	150	4555	4704	2.38e-32	134
AXF54_RS14480	31	99.663	297	1	0	1	297	2326	2030	3.12e-155	544
AXF54_RS14480	31	98.328	299	3	1	344	642	2034	1738	4.07e-149	523
AXF54_RS14510	2	93.201	353	23	1	1	352	82882	83234	1.03e-147	518
AXF54_RS14510	47	92.547	322	23	1	32	352	373	52	1.75e-130	460
AXF54_RS14510	31	89.583	336	35	0	1	336	2365	2030	1.78e-120	427
AXF54_RS14510	53	100.000	29	0	0	2	30	76	104	3.48e-08	54.7
AXF54_RS14515	2	82.440	672	116	2	1	671	82882	83552	5.44e-168	586
AXF54_RS14515	23	83.333	276	46	0	406	681	2	277	1.74e-68	255
AXF54_RS14515	44	83.650	263	43	0	412	674	1006	744	2.92e-66	248
AXF54_RS15175	31	100.000	74	0	0	8	81	2438	2365	6.20e-34	137
FTV95_RS25085	8	96.368	468	17	0	1	468	33181	33648	0.0	771
FTV95_RS25090	8	96.226	106	3	1	1	105	33923	34028	2.36e-44	172
FTV95_RS25095	8	93.802	1920	118	1	1	1919	34025	35944	0.0	2885
FTV95_RS25100	8	87.634	186	23	0	1	186	36049	36234	2.07e-57	217
FTV92_RS25360	8	92.988	1041	73	0	1	1041	34904	35944	0.0	1519
FTV92_RS25365	8	95.622	868	35	3	1	865	34025	34892	0.0	1389
FTV92_RS25370	8	99.057	106	0	1	1	105	33923	34028	2.34e-49	189
FTV92_RS25375	8	99.383	324	2	0	1	324	33325	33648	6.96e-169	588
FTV92_RS27765	8	87.634	186	23	0	1	186	36049	36234	2.07e-57	217
FTV92_RS27770	8	93.750	1920	119	1	1	1919	34025	35944	0.0	2880
FTV92_RS27775	8	96.552	87	3	0	1	87	33923	34009	4.06e-36	145
FTV92_RS27780	8	96.368	468	17	0	1	468	33181	33648	0.0	771
F9800_RS00345	5	82.804	913	155	2	1	912	72486	73397	0.0	815
F9800_RS01330	18	82.667	150	26	0	1	150	4555	4704	2.38e-32	134
ACIB15232_RS11805	36	80.464	1034	172	25	1797	2815	1344	326	0.0	763
ACIB15232_RS11810	52	97.015	67	2	0	7	73	91	25	9.60e-27	113
ACIB15232_RS11810	6	97.015	67	2	0	7	73	156144	156078	9.60e-27	113
ACIB15232_RS11820	41	76.771	1313	243	47	252	1519	1362	67	0.0	678
EfmAA708_RS15485	53	100.000	47	0	0	530	576	1	47	5.67e-18	87.9
EfmAA708_RS15485	2	100.000	47	0	0	530	576	82808	82854	5.67e-18	87.9
EfmAA708_RS15490	2	98.399	687	11	0	1	687	82876	83562	0.0	1208
EfmAA708_RS15490	47	99.732	373	1	0	38	410	373	1	0.0	684
EfmAA708_RS15490	23	99.639	277	1	0	411	687	1	277	4.40e-144	507
EfmAA708_RS15490	44	98.106	264	5	0	424	687	1000	737	3.47e-130	460
EfmAA708_RS15490	53	97.222	36	1	0	1	36	69	104	4.11e-10	62.1
EfmAA708_RS15535	2	98.544	687	10	0	1	687	82876	83562	0.0	1214
EfmAA708_RS15535	47	99.732	373	1	0	38	410	373	1	0.0	684
EfmAA708_RS15535	23	99.278	277	2	0	411	687	1	277	2.05e-142	501
EfmAA708_RS15535	44	98.485	264	4	0	424	687	1000	737	7.46e-132	466
EfmAA708_RS15535	53	97.222	36	1	0	1	36	69	104	4.11e-10	62.1
EfmAA708_RS15600	2	100.000	76	0	0	1	76	82883	82808	5.23e-34	141
EfmAA708_RS15600	53	100.000	74	0	0	3	76	74	1	6.77e-33	137
EfmAA708_RS15605	2	98.399	687	11	0	1	687	82876	83562	0.0	1208
EfmAA708_RS15605	47	99.732	373	1	0	38	410	373	1	0.0	684
EfmAA708_RS15605	23	99.639	277	1	0	411	687	1	277	4.40e-144	507
EfmAA708_RS15605	44	98.106	264	5	0	424	687	1000	737	3.47e-130	460
EfmAA708_RS15605	53	97.222	36	1	0	1	36	69	104	4.11e-10	62.1
EfmAA708_RS15875	2	98.836	687	8	0	1	687	82876	83562	0.0	1225
EfmAA708_RS15875	47	99.732	373	1	0	38	410	373	1	0.0	684
EfmAA708_RS15875	23	98.556	277	4	0	411	687	1	277	4.43e-139	490
EfmAA708_RS15875	44	99.242	264	2	0	424	687	1000	737	3.45e-135	477
EfmAA708_RS15875	53	97.222	36	1	0	1	36	69	104	4.11e-10	62.1
EfmAA708_RS15910	2	98.836	687	8	0	1	687	82876	83562	0.0	1225
EfmAA708_RS15910	47	99.732	373	1	0	38	410	373	1	0.0	684
EfmAA708_RS15910	23	98.556	277	4	0	411	687	1	277	4.43e-139	490
EfmAA708_RS15910	44	99.242	264	2	0	424	687	1000	737	3.45e-135	477
EfmAA708_RS15910	53	97.222	36	1	0	1	36	69	104	4.11e-10	62.1
EfmAA708_RS16135	2	98.399	687	11	0	1	687	82876	83562	0.0	1208
EfmAA708_RS16135	47	99.732	373	1	0	38	410	373	1	0.0	684
EfmAA708_RS16135	23	99.639	277	1	0	411	687	1	277	4.40e-144	507
EfmAA708_RS16135	44	98.106	264	5	0	424	687	1000	737	3.47e-130	460
EfmAA708_RS16135	53	97.222	36	1	0	1	36	69	104	4.11e-10	62.1
EfmAA708_RS16150	53	100.000	58	0	0	1	58	58	1	1.44e-24	108
EfmAA708_RS16150	2	100.000	58	0	0	1	58	82865	82808	1.44e-24	108
EfmAA708_RS16155	2	98.399	687	11	0	1	687	82876	83562	0.0	1208
EfmAA708_RS16155	47	99.732	373	1	0	38	410	373	1	0.0	684
EfmAA708_RS16155	23	99.639	277	1	0	411	687	1	277	4.40e-144	507
EfmAA708_RS16155	44	98.106	264	5	0	424	687	1000	737	3.47e-130	460
EfmAA708_RS16155	53	97.222	36	1	0	1	36	69	104	4.11e-10	62.1
EfmAA708_RS16180	21	99.312	1163	8	0	1	1163	21773	22935	0.0	2104
EfmAA708_RS16185	21	100.000	35	0	0	350	384	21698	21732	1.74e-11	65.8
EfmAA708_RS16205	2	98.399	687	11	0	1	687	82876	83562	0.0	1208
EfmAA708_RS16205	47	99.732	373	1	0	38	410	373	1	0.0	684
EfmAA708_RS16205	23	99.639	277	1	0	411	687	1	277	4.40e-144	507
EfmAA708_RS16205	44	98.106	264	5	0	424	687	1000	737	3.47e-130	460
EfmAA708_RS16205	53	97.222	36	1	0	1	36	69	104	4.11e-10	62.1
EfmAA708_RS16230	39	100.000	554	0	0	356	909	812	259	0.0	1024
EfmAA708_RS16235	39	100.000	229	0	0	1	229	262	34	1.57e-119	424
EfmAA708_RS16250	39	100.000	252	0	0	1	252	2431	2180	2.60e-132	466
EfmAA708_RS16255	39	100.000	795	0	0	1	795	2087	1293	0.0	1469
EfmAA708_RS16260	38	100.000	101	0	0	12	112	2626	2526	9.10e-49	187
EfmAA708_RS16265	38	98.810	84	1	0	1	84	2505	2422	8.34e-38	150
EfmAA708_RS16275	38	99.729	738	2	0	1	738	2297	1560	0.0	1352
EfmAA708_RS16280	40	96.412	864	31	0	1	864	340	1203	0.0	1424
EfmAA708_RS16285	40	97.802	273	6	0	1	273	66	338	6.08e-134	472
EfmAA708_RS16290	51	100.000	135	0	0	33	167	135	1	2.41e-67	250
EfmAA708_RS16290	38	100.000	32	0	0	1	32	32	1	4.36e-10	60.2
EfmAA708_RS16290	44	100.000	31	0	0	1	31	32	2	1.57e-09	58.4
EfmAA708_RS16295	38	98.062	258	5	0	1	258	388	131	2.69e-127	449
EfmAA708_RS16300	2	98.399	687	11	0	1	687	82876	83562	0.0	1208
EfmAA708_RS16300	47	99.732	373	1	0	38	410	373	1	0.0	684
EfmAA708_RS16300	23	99.639	277	1	0	411	687	1	277	4.40e-144	507
EfmAA708_RS16300	44	98.106	264	5	0	424	687	1000	737	3.47e-130	460
EfmAA708_RS16300	53	97.222	36	1	0	1	36	69	104	4.11e-10	62.1
EfmAA708_RS16330	2	98.399	687	11	0	1	687	82876	83562	0.0	1208
EfmAA708_RS16330	47	99.732	373	1	0	38	410	373	1	0.0	684
EfmAA708_RS16330	23	99.639	277	1	0	411	687	1	277	4.40e-144	507
EfmAA708_RS16330	44	98.106	264	5	0	424	687	1000	737	3.47e-130	460
EfmAA708_RS16330	53	97.222	36	1	0	1	36	69	104	4.11e-10	62.1
CGZ46_RS14325	22	88.889	594	66	0	3	596	23079	23672	0.0	732
CGZ46_RS14360	31	99.107	336	3	0	1	336	2365	2030	1.50e-173	604
CGZ46_RS14360	31	97.993	299	4	1	383	681	2034	1738	2.01e-147	518
CGZ46_RS14430	2	97.962	687	14	0	1	687	82876	83562	0.0	1192
CGZ46_RS14430	47	99.732	373	1	0	38	410	373	1	0.0	684
CGZ46_RS14430	23	99.278	277	2	0	411	687	1	277	2.05e-142	501
CGZ46_RS14430	44	97.727	264	6	0	424	687	1000	737	1.62e-128	455
CGZ46_RS14435	17	99.630	540	2	0	1	540	13960	14499	0.0	987
CGZ46_RS14470	8	100.000	120	0	0	1	120	22096	22215	2.71e-59	222
CGZ46_RS14475	8	100.000	315	0	0	1	315	22238	22552	3.14e-167	582
CGZ46_RS14480	8	100.000	387	0	0	1	387	22568	22954	0.0	715
CGZ46_RS14485	8	100.000	1386	0	0	1	1386	22983	24368	0.0	2560
CGZ46_RS14490	8	100.000	153	0	0	1	153	24371	24523	1.61e-77	283
CGZ46_RS14495	8	99.917	1206	1	0	1	1206	24546	25751	0.0	2222
CGZ46_RS14500	8	100.000	222	0	0	1	222	25794	26015	1.08e-115	411
CGZ46_RS14505	8	100.000	498	0	0	1	498	26132	26629	0.0	920
CGZ46_RS14510	8	100.000	507	0	0	1	507	26604	27110	0.0	937
CGZ46_RS14515	8	99.837	2448	4	0	1	2448	27094	29541	0.0	4499
CGZ46_RS14520	8	92.132	2186	156	7	1	2178	29544	31721	0.0	3070
CGZ46_RS14525	8	99.401	1002	6	0	1	1002	31718	32719	0.0	1818
CGZ46_RS14530	8	99.786	933	2	0	1	933	32716	33648	0.0	1712
CGZ46_RS14535	8	100.000	87	0	0	1	87	33923	34009	4.03e-41	161
CGZ46_RS14540	8	96.458	1920	68	0	1	1920	34025	35944	0.0	3169
CGZ46_RS14590	24	95.342	365	12	5	579	940	16371	16733	1.77e-164	575
CGZ46_RS14605	38	100.000	101	0	0	12	112	2626	2526	9.10e-49	187
CGZ46_RS14610	38	100.000	84	0	0	1	84	2505	2422	1.79e-39	156
CGZ46_RS14615	38	99.593	738	3	0	1	738	2297	1560	0.0	1347
CGZ46_RS14620	38	98.485	132	2	0	1	132	1555	1424	1.39e-62	233
CGZ46_RS14630	24	92.784	291	21	0	1	291	13850	14140	6.80e-119	422
CGZ46_RS14665	24	88.889	288	32	0	1	288	10058	10345	6.77e-99	355
CGZ46_RS14670	24	93.635	597	38	0	1	597	9445	10041	0.0	893
CGZ46_RS14785	17	97.100	1345	37	2	1	1344	13156	14499	0.0	2266
CGZ46_RS14790	17	93.462	780	45	3	1	780	12383	13156	0.0	1153
CGZ46_RS14795	17	98.732	552	7	0	1	552	11688	12239	0.0	981
CGZ46_RS14800	17	100.000	174	0	0	1	174	11491	11664	3.96e-89	322
CGZ46_RS14805	17	100.000	186	0	0	1	186	11303	11488	9.11e-96	344
CGZ46_RS14810	17	99.005	201	2	0	1	201	11007	10807	9.86e-101	361
CGZ46_RS14815	17	100.000	231	0	0	1	231	10475	10705	1.12e-120	427
CGZ46_RS14820	17	98.586	495	7	0	1	495	10420	9926	0.0	876
CGZ46_RS14825	17	99.338	453	3	0	1	453	9860	9408	0.0	821
CGZ46_RS14830	17	96.053	152	6	0	1	152	9394	9243	5.89e-67	248
CGZ46_RS14835	17	95.262	591	28	0	1	591	9230	8640	0.0	937
CGZ46_RS14835	23	84.615	559	69	10	19	573	1679	1134	3.72e-154	540
CGZ46_RS14895	24	90.468	598	55	2	1	597	9445	10041	0.0	787
CGZ46_RS14900	24	96.831	284	9	0	1	284	10058	10341	4.92e-135	475
CGZ46_RS14915	24	98.194	1329	24	0	1	1329	11574	12902	0.0	2322
CGZ46_RS14920	24	98.006	351	7	0	1	351	12899	13249	1.62e-175	610
CGZ46_RS14945	24	92.615	1625	118	2	1	1624	16956	18579	0.0	2335
CGZ46_RS14965	29	93.464	306	20	0	1	306	941	636	6.92e-129	455
CGZ46_RS14970	9	93.404	1971	120	10	627	2593	104091	102127	0.0	2911
CGZ46_RS14970	34	90.671	2058	175	17	626	2673	4979	2929	0.0	2721
CGZ46_RS14970	29	96.800	625	20	0	1	625	625	1	0.0	1044
CGZ46_RS14980	17	95.264	2238	95	3	1664	3891	40118	37882	0.0	3535
CGZ46_RS14980	23	95.240	2227	106	0	1665	3891	23828	21602	0.0	3526
CGZ46_RS14980	9	94.873	2204	113	0	1603	3806	99906	97703	0.0	3445
CGZ46_RS14980	9	89.937	795	78	2	1	794	101541	100748	0.0	1024
CGZ46_RS14980	34	92.075	795	61	2	1	794	1529	736	0.0	1118
CGZ46_RS14985	23	95.506	356	13	1	1	353	21540	21185	3.58e-162	566
CGZ46_RS14985	17	95.238	357	14	1	1	354	37821	37465	4.63e-161	562
CGZ46_RS15000	17	99.278	831	6	0	1	831	37249	36419	0.0	1502
CGZ46_RS15005	17	96.667	180	6	0	1	180	36388	36209	1.93e-82	300
CGZ46_RS15010	17	99.359	312	2	0	1	312	36149	35838	3.13e-162	566
CGZ46_RS15015	17	98.582	1128	16	0	1	1128	35830	34703	0.0	1995
CGZ46_RS15020	17	98.534	1569	5	1	1	1551	34184	32616	0.0	2754
CGZ46_RS15025	17	100.000	534	0	0	1	534	32446	31913	0.0	987
CGZ46_RS15030	17	99.961	2553	1	0	1	2553	31869	29317	0.0	4710
CGZ46_RS15035	17	99.850	2004	2	1	1	2004	29327	27325	0.0	3683
CGZ46_RS15040	17	100.000	381	0	0	1	381	27318	26938	0.0	704
CGZ46_RS15045	17	99.922	2556	2	0	1	2556	26809	24254	0.0	4710
CGZ46_RS15050	17	99.471	189	1	0	1	189	24251	24063	9.27e-96	344
CGZ46_RS15055	17	100.000	1152	0	0	1	1152	24044	22893	0.0	2128
CGZ46_RS15060	17	100.000	990	0	0	1	990	22803	21814	0.0	1829
CGZ46_RS15065	17	100.000	234	0	0	1	234	21750	21517	2.44e-122	433
CGZ46_RS15070	17	100.000	327	0	0	1	327	21516	21190	6.98e-174	604
CGZ46_RS15075	17	100.000	639	0	0	1	639	21098	20460	0.0	1181
CGZ46_RS15080	17	100.000	942	0	0	1	942	20453	19512	0.0	1740
CGZ46_RS15085	17	98.582	282	4	0	1	282	19140	18859	2.89e-142	499
CGZ46_RS15090	17	100.000	393	0	0	1	393	18866	18474	0.0	726
CGZ46_RS15095	17	99.272	2061	15	0	1	2061	18481	16421	0.0	3723
CGZ46_RS15100	17	98.794	1659	2	1	1	1641	16344	14686	0.0	2937
FOA09_RS13905	2	98.399	687	11	0	1	687	82876	83562	0.0	1208
FOA09_RS13905	47	99.732	373	1	0	38	410	373	1	0.0	684
FOA09_RS13905	23	99.639	277	1	0	411	687	1	277	4.40e-144	507
FOA09_RS13905	44	98.106	264	5	0	424	687	1000	737	3.47e-130	460
FOA09_RS13905	53	97.222	36	1	0	1	36	69	104	4.11e-10	62.1
FOA09_RS13910	40	99.524	210	1	0	1	210	1644	1853	2.21e-107	383
FOA09_RS13915	40	95.726	117	5	0	1	117	1087	1203	2.67e-49	189
FOA09_RS13945	40	99.057	318	3	0	1	318	1644	1961	6.87e-164	571
FOA09_RS13960	40	98.488	463	7	0	45	507	741	1203	0.0	817
FOA09_RS13965	35	81.947	986	163	10	25	998	3071	2089	0.0	821
FOA09_RS13975	40	97.897	428	9	0	1	428	340	767	0.0	741
FOA09_RS13980	40	97.436	273	7	0	1	273	66	338	2.83e-132	466
FOA09_RS13985	51	99.259	135	1	0	33	167	135	1	1.12e-65	244
FOA09_RS13985	38	100.000	32	0	0	1	32	32	1	4.36e-10	60.2
FOA09_RS13985	44	100.000	31	0	0	1	31	32	2	1.57e-09	58.4
FOA09_RS13990	38	98.105	897	17	0	1	897	1027	131	0.0	1563
FOA09_RS13995	44	98.462	260	4	0	2	261	411	152	4.53e-130	459
FOA09_RS13995	38	95.019	261	13	0	1	261	1390	1130	1.29e-115	411
FOA09_RS14000	38	97.727	132	3	0	1	132	1555	1424	6.46e-61	228
FOA09_RS14005	38	99.864	738	1	0	1	738	2297	1560	0.0	1358
FOA09_RS14010	38	98.810	84	1	0	1	84	2505	2422	8.34e-38	150
FOA09_RS14015	51	100.000	135	0	0	33	167	135	1	2.71e-67	250
FOA09_RS14015	38	100.000	73	0	0	168	240	2626	2554	7.91e-33	135
FOA09_RS14015	38	100.000	31	0	0	1	31	32	2	1.76e-09	58.4
FOA09_RS14015	44	100.000	32	0	0	1	32	32	1	4.90e-10	60.2
FOA09_RS14020	44	97.932	532	11	0	1614	2145	683	152	0.0	922
FOA09_RS14020	38	98.077	260	5	0	1886	2145	1389	1130	1.85e-127	453
FOA09_RS14030	2	98.253	687	12	0	1	687	82876	83562	0.0	1203
FOA09_RS14030	47	99.464	373	2	0	38	410	373	1	0.0	678
FOA09_RS14030	23	99.639	277	1	0	411	687	1	277	4.40e-144	507
FOA09_RS14030	44	98.106	264	5	0	424	687	1000	737	3.47e-130	460
FOA09_RS14030	53	97.222	36	1	0	1	36	69	104	4.11e-10	62.1
FOA09_RS14130	2	98.399	687	11	0	1	687	82876	83562	0.0	1208
FOA09_RS14130	47	99.732	373	1	0	38	410	373	1	0.0	684
FOA09_RS14130	23	99.639	277	1	0	411	687	1	277	4.40e-144	507
FOA09_RS14130	44	98.106	264	5	0	424	687	1000	737	3.47e-130	460
FOA09_RS14130	53	97.222	36	1	0	1	36	69	104	4.11e-10	62.1
FOA09_RS14175	17	77.328	1310	270	24	17	1311	13172	14469	0.0	749
FOA09_RS14195	23	95.297	489	23	0	1	489	4353	3865	0.0	776
FOA09_RS14200	23	100.000	729	0	0	1	729	5087	4359	0.0	1347
FOA09_RS14205	23	99.415	171	1	0	1	171	5495	5665	8.40e-86	311
FOA09_RS14210	23	97.654	2259	53	0	1	2259	7925	5667	0.0	3879
FOA09_RS14215	23	96.634	2347	77	2	1	2346	10257	7912	0.0	3895
FOA09_RS14220	23	84.167	240	27	6	1	237	10614	10383	8.61e-59	222
FOA09_RS14225	23	99.318	2493	17	0	1	2493	13117	10625	0.0	4510
FOA09_RS14230	23	100.000	459	0	0	1	459	13680	13222	0.0	848
FOA09_RS14235	23	99.793	483	1	0	1	483	14257	13775	0.0	887
FOA09_RS14240	23	100.000	393	0	0	1	393	14681	14289	0.0	726
FOA09_RS14245	23	99.638	276	1	0	1	276	14953	14678	6.06e-144	505
FOA09_RS14250	23	99.227	1035	8	0	1	1035	15977	14943	0.0	1868
FOA09_RS14255	23	100.000	315	0	0	1	315	16284	15970	3.14e-167	582
FOA09_RS14260	23	98.645	369	5	0	1	369	16652	16284	0.0	654
FOA09_RS14265	23	98.867	618	7	0	1	618	17301	16684	0.0	1103
FOA09_RS14270	23	98.899	1272	14	0	1	1272	18575	17304	0.0	2272
FOA09_RS14275	23	99.652	861	3	0	1	861	19461	18601	0.0	1574
FOA09_RS14280	23	98.066	879	17	0	1	879	20359	19481	0.0	1530
FOA09_RS14285	23	99.617	261	1	0	1	261	20630	20370	1.25e-135	477
FOA09_RS14290	23	99.740	385	1	0	1	385	21162	20778	0.0	706
FOA09_RS14295	23	98.319	357	3	1	1	354	21540	21184	2.10e-179	623
FOA09_RS14295	17	96.629	356	9	1	1	353	37821	37466	7.64e-169	588
FOA09_RS14300	17	95.755	2238	84	3	1664	3891	40118	37882	0.0	3596
FOA09_RS14300	23	95.734	2227	95	0	1665	3891	23828	21602	0.0	3587
FOA09_RS14300	9	94.691	2204	117	0	1603	3806	99906	97703	0.0	3422
FOA09_RS14300	9	91.069	795	69	2	1	794	101541	100748	0.0	1074
FOA09_RS14300	34	91.572	795	65	2	1	794	1529	736	0.0	1096
FOA09_RS14305	34	100.000	336	0	0	1	336	2171	1836	7.13e-179	621
FOA09_RS14310	34	96.774	93	2	1	1	93	2491	2400	7.34e-39	154
FOA09_RS14315	34	86.170	94	8	4	96	186	2601	2510	2.82e-21	97.1
FOA09_RS14320	9	93.259	1973	118	14	627	2592	104091	102127	0.0	2892
FOA09_RS14320	34	89.942	2058	190	17	626	2673	4979	2929	0.0	2638
FOA09_RS14320	29	96.800	625	20	0	1	625	625	1	0.0	1044
FOA09_RS14325	29	96.809	282	9	0	25	306	917	636	6.88e-134	472
FOA09_RS14345	24	77.128	1539	308	38	102	1618	17063	18579	0.0	852
FOA09_RS14355	24	90.256	390	31	7	552	937	16347	16733	8.43e-143	503
FOA09_RS14370	24	98.282	291	5	0	1	291	13850	14140	1.41e-145	510
FOA09_RS14375	24	99.099	111	1	0	1	111	13500	13610	1.16e-52	200
FOA09_RS14390	2	98.399	687	11	0	1	687	82876	83562	0.0	1208
FOA09_RS14390	47	99.732	373	1	0	38	410	373	1	0.0	684
FOA09_RS14390	23	99.639	277	1	0	411	687	1	277	4.40e-144	507
FOA09_RS14390	44	98.106	264	5	0	424	687	1000	737	3.47e-130	460
FOA09_RS14390	53	97.222	36	1	0	1	36	69	104	4.11e-10	62.1
FOA09_RS14395	24	95.134	596	29	0	1	596	9445	10040	0.0	941
FOA09_RS14410	2	98.399	687	11	0	1	687	82876	83562	0.0	1208
FOA09_RS14410	47	99.732	373	1	0	38	410	373	1	0.0	684
FOA09_RS14410	23	99.639	277	1	0	411	687	1	277	4.40e-144	507
FOA09_RS14410	44	98.106	264	5	0	424	687	1000	737	3.47e-130	460
FOA09_RS14410	53	97.222	36	1	0	1	36	69	104	4.11e-10	62.1
LG33_RS15455	39	99.819	554	1	0	83	636	812	259	0.0	1018
LG33_RS15460	39	100.000	262	0	0	1	262	262	1	1.58e-137	484
LG33_RS15460	39	100.000	241	0	0	263	503	2460	2220	7.46e-126	446
LG33_RS15460	39	100.000	40	0	0	492	531	2219	2180	4.05e-14	75.0
LG33_RS15465	39	100.000	795	0	0	1	795	2087	1293	0.0	1469
LG33_RS15470	39	100.000	189	0	0	1	189	997	1185	1.99e-97	350
LG33_RS15475	39	98.558	208	2	1	1	207	1017	810	5.13e-102	366
BE933_RS27210	38	99.057	106	1	0	1	106	1555	1450	6.96e-50	191
BE933_RS00980	38	99.729	738	2	0	1	738	2297	1560	0.0	1352
BE933_RS00985	38	97.222	72	2	0	25	96	2493	2422	2.16e-29	122
B4U48_RS14395	2	98.399	687	11	0	1	687	82876	83562	0.0	1208
B4U48_RS14395	47	99.732	373	1	0	38	410	373	1	0.0	684
B4U48_RS14395	23	99.639	277	1	0	411	687	1	277	4.40e-144	507
B4U48_RS14395	44	98.106	264	5	0	424	687	1000	737	3.47e-130	460
B4U48_RS14395	53	97.222	36	1	0	1	36	69	104	4.11e-10	62.1
B4U48_RS17035	23	100.000	57	0	0	1	57	278	334	2.93e-24	106
B4U48_RS17035	44	100.000	54	0	0	1	54	736	683	1.36e-22	100
B4U48_RS17035	2	100.000	54	0	0	1	54	83563	83616	1.36e-22	100
B4U48_RS14870	2	98.399	687	11	0	1	687	82876	83562	0.0	1208
B4U48_RS14870	47	99.732	373	1	0	38	410	373	1	0.0	684
B4U48_RS14870	23	99.639	277	1	0	411	687	1	277	4.40e-144	507
B4U48_RS14870	44	98.106	264	5	0	424	687	1000	737	3.47e-130	460
B4U48_RS14870	53	97.222	36	1	0	1	36	69	104	4.11e-10	62.1
B4U48_RS14885	2	98.253	687	12	0	1	687	82876	83562	0.0	1203
B4U48_RS14885	47	99.732	373	1	0	38	410	373	1	0.0	684
B4U48_RS14885	23	99.278	277	2	0	411	687	1	277	2.05e-142	501
B4U48_RS14885	44	97.727	264	6	0	424	687	1000	737	1.62e-128	455
B4U48_RS14885	53	97.222	36	1	0	1	36	69	104	4.11e-10	62.1
B4U48_RS14925	2	98.399	687	11	0	1	687	82876	83562	0.0	1208
B4U48_RS14925	47	99.732	373	1	0	38	410	373	1	0.0	684
B4U48_RS14925	23	99.639	277	1	0	411	687	1	277	4.40e-144	507
B4U48_RS14925	44	98.106	264	5	0	424	687	1000	737	3.47e-130	460
B4U48_RS14925	53	97.222	36	1	0	1	36	69	104	4.11e-10	62.1
B4U48_RS14940	31	86.922	757	99	0	423	1179	6131	5375	0.0	850
B4U48_RS15210	2	98.399	687	11	0	1	687	82876	83562	0.0	1208
B4U48_RS15210	47	99.732	373	1	0	38	410	373	1	0.0	684
B4U48_RS15210	23	99.639	277	1	0	411	687	1	277	4.40e-144	507
B4U48_RS15210	44	98.106	264	5	0	424	687	1000	737	3.47e-130	460
B4U48_RS15210	53	97.222	36	1	0	1	36	69	104	4.11e-10	62.1
B4U48_RS15280	2	98.399	687	11	0	1	687	82876	83562	0.0	1208
B4U48_RS15280	47	99.732	373	1	0	38	410	373	1	0.0	684
B4U48_RS15280	23	99.639	277	1	0	411	687	1	277	4.40e-144	507
B4U48_RS15280	44	98.106	264	5	0	424	687	1000	737	3.47e-130	460
B4U48_RS15280	53	97.222	36	1	0	1	36	69	104	4.11e-10	62.1
B4U48_RS15285	21	99.677	928	3	0	2	929	22008	22935	0.0	1698
B4U48_RS15310	2	98.238	681	12	0	1	681	82882	83562	0.0	1192
B4U48_RS15310	47	99.464	373	2	0	32	404	373	1	0.0	678
B4U48_RS15310	23	99.639	277	1	0	405	681	1	277	4.36e-144	507
B4U48_RS15310	44	98.106	264	5	0	418	681	1000	737	3.44e-130	460
B4U48_RS15310	53	100.000	29	0	0	2	30	76	104	6.82e-08	54.7
B4U48_RS15375	2	98.399	687	11	0	1	687	82876	83562	0.0	1208
B4U48_RS15375	47	99.732	373	1	0	38	410	373	1	0.0	684
B4U48_RS15375	23	99.639	277	1	0	411	687	1	277	4.40e-144	507
B4U48_RS15375	44	98.106	264	5	0	424	687	1000	737	3.47e-130	460
B4U48_RS15375	53	97.222	36	1	0	1	36	69	104	4.11e-10	62.1
B4U48_RS15665	2	98.399	687	11	0	1	687	82876	83562	0.0	1208
B4U48_RS15665	47	99.732	373	1	0	38	410	373	1	0.0	684
B4U48_RS15665	23	99.639	277	1	0	411	687	1	277	4.40e-144	507
B4U48_RS15665	44	98.106	264	5	0	424	687	1000	737	3.47e-130	460
B4U48_RS15665	53	97.222	36	1	0	1	36	69	104	4.11e-10	62.1
B4U48_RS15670	38	97.222	144	4	0	1	144	274	131	7.10e-66	244
B4U48_RS15675	51	100.000	135	0	0	33	167	135	1	2.41e-67	250
B4U48_RS15675	38	100.000	32	0	0	1	32	32	1	4.36e-10	60.2
B4U48_RS15675	44	100.000	31	0	0	1	31	32	2	1.57e-09	58.4
B4U48_RS15680	40	97.802	273	6	0	1	273	66	338	6.08e-134	472
B4U48_RS15685	40	96.412	864	31	0	1	864	340	1203	0.0	1424
B4U48_RS17045	38	99.225	129	1	0	1	129	1615	1487	1.50e-62	233
B4U48_RS15690	38	99.729	738	2	0	1	738	2297	1560	0.0	1352
B4U48_RS15695	38	98.810	84	1	0	1	84	2505	2422	8.34e-38	150
B4U48_RS15700	38	100.000	101	0	0	12	112	2626	2526	9.10e-49	187
B4U48_RS15705	39	100.000	795	0	0	1	795	2087	1293	0.0	1469
B4U48_RS15710	39	100.000	252	0	0	1	252	2431	2180	2.60e-132	466
B4U48_RS15725	39	100.000	229	0	0	1	229	262	34	1.57e-119	424
B4U48_RS15730	39	100.000	554	0	0	338	891	812	259	0.0	1024
B4U48_RS15735	2	98.399	687	11	0	1	687	82876	83562	0.0	1208
B4U48_RS15735	47	99.732	373	1	0	38	410	373	1	0.0	684
B4U48_RS15735	23	99.639	277	1	0	411	687	1	277	4.40e-144	507
B4U48_RS15735	44	98.106	264	5	0	424	687	1000	737	3.47e-130	460
B4U48_RS15735	53	97.222	36	1	0	1	36	69	104	4.11e-10	62.1
B4U48_RS15765	2	98.256	688	11	1	1	688	82876	83562	0.0	1203
B4U48_RS15765	47	99.465	374	1	1	38	411	373	1	0.0	678
B4U48_RS15765	23	99.639	277	1	0	412	688	1	277	4.40e-144	507
B4U48_RS15765	44	98.106	264	5	0	425	688	1000	737	3.48e-130	460
B4U48_RS15765	53	97.222	36	1	0	1	36	69	104	4.12e-10	62.1
B4U48_RS15850	2	98.399	687	11	0	1	687	82876	83562	0.0	1208
B4U48_RS15850	47	99.732	373	1	0	38	410	373	1	0.0	684
B4U48_RS15850	23	99.639	277	1	0	411	687	1	277	4.40e-144	507
B4U48_RS15850	44	98.106	264	5	0	424	687	1000	737	3.47e-130	460
B4U48_RS15850	53	97.222	36	1	0	1	36	69	104	4.11e-10	62.1
B4U48_RS15890	2	98.544	687	10	0	1	687	82876	83562	0.0	1214
B4U48_RS15890	47	99.732	373	1	0	38	410	373	1	0.0	684
B4U48_RS15890	23	99.278	277	2	0	411	687	1	277	2.05e-142	501
B4U48_RS15890	44	98.485	264	4	0	424	687	1000	737	7.46e-132	466
B4U48_RS15890	53	97.222	36	1	0	1	36	69	104	4.11e-10	62.1
B4U48_RS15960	2	100.000	76	0	0	1	76	82883	82808	5.23e-34	141
B4U48_RS15960	53	100.000	74	0	0	3	76	74	1	6.77e-33	137
B4U48_RS15965	2	98.399	687	11	0	1	687	82876	83562	0.0	1208
B4U48_RS15965	47	99.732	373	1	0	38	410	373	1	0.0	684
B4U48_RS15965	23	99.639	277	1	0	411	687	1	277	4.40e-144	507
B4U48_RS15965	44	98.106	264	5	0	424	687	1000	737	3.47e-130	460
B4U48_RS15965	53	97.222	36	1	0	1	36	69	104	4.11e-10	62.1
B4U48_RS17055	53	100.000	37	0	0	96	132	1	37	4.14e-13	69.4
B4U48_RS17055	2	100.000	37	0	0	96	132	82808	82844	4.14e-13	69.4
B4U48_RS15980	2	98.399	687	11	0	1	687	82876	83562	0.0	1208
B4U48_RS15980	47	99.732	373	1	0	38	410	373	1	0.0	684
B4U48_RS15980	23	99.639	277	1	0	411	687	1	277	4.40e-144	507
B4U48_RS15980	44	98.106	264	5	0	424	687	1000	737	3.47e-130	460
B4U48_RS15980	53	97.222	36	1	0	1	36	69	104	4.11e-10	62.1
B4U48_RS17060	53	100.000	37	0	0	96	132	1	37	4.14e-13	69.4
B4U48_RS17060	2	100.000	37	0	0	96	132	82808	82844	4.14e-13	69.4
B4U48_RS16130	2	98.399	687	11	0	1	687	82876	83562	0.0	1208
B4U48_RS16130	47	99.732	373	1	0	38	410	373	1	0.0	684
B4U48_RS16130	23	99.639	277	1	0	411	687	1	277	4.40e-144	507
B4U48_RS16130	44	98.106	264	5	0	424	687	1000	737	3.47e-130	460
B4U48_RS16130	53	97.222	36	1	0	1	36	69	104	4.11e-10	62.1
B4U48_RS16420	31	86.790	757	99	1	423	1178	6131	5375	0.0	843
GH756_RS15395	2	82.440	672	116	2	1	671	82882	83552	5.44e-168	586
GH756_RS15395	23	83.333	276	46	0	406	681	2	277	1.74e-68	255
GH756_RS15395	44	83.650	263	43	0	412	674	1006	744	2.92e-66	248
GH773_RS08830	39	100.000	190	0	0	477	666	996	1185	2.11e-97	351
GH773_RS08835	39	100.000	795	0	0	1	795	2087	1293	0.0	1469
GH773_RS08840	39	100.000	281	0	0	263	543	2460	2180	4.43e-148	520
GH773_RS08840	39	100.000	262	0	0	1	262	262	1	1.62e-137	484
GH773_RS08845	39	100.000	494	0	0	128	621	752	259	0.0	913
GH774_RS09330	39	100.000	494	0	0	104	597	752	259	0.0	913
GH774_RS09335	39	100.000	281	0	0	263	543	2460	2180	4.43e-148	520
GH774_RS09335	39	100.000	262	0	0	1	262	262	1	1.62e-137	484
GH774_RS09340	39	100.000	795	0	0	1	795	2087	1293	0.0	1469
GH774_RS09345	39	100.000	190	0	0	477	666	996	1185	2.11e-97	351
GIJ09_RS11935	8	95.833	1920	80	0	1	1920	34025	35944	0.0	3103
GIJ09_RS11940	8	100.000	87	0	0	1	87	33923	34009	4.03e-41	161
EBQ27_RS00225	5	73.542	480	104	19	482	951	71135	71601	5.67e-40	161
EBL75_RS00225	5	73.542	480	104	19	482	951	71135	71601	5.67e-40	161
EYB36_RS00005	23	97.992	249	5	0	1	249	2461	2213	2.61e-122	433
EYB36_RS00010	23	99.045	419	2	2	1	419	2137	1721	0.0	750
EYB36_RS00015	23	87.716	578	68	3	1	577	1697	1122	0.0	671
EYB36_RS00015	17	82.982	570	76	15	19	573	9212	8649	8.09e-141	496
EYB36_RS00025	23	99.248	266	2	0	2	267	1001	736	9.86e-137	481
EYB36_RS00030	23	100.000	276	0	0	1	276	743	468	1.30e-145	510
EYB36_RS00040	17	98.851	174	2	0	1	174	11491	11664	8.57e-86	311
EYB36_RS00045	17	98.308	591	10	0	1	591	11688	12278	0.0	1037
EYB36_RS00050	17	92.308	780	54	3	1	780	12383	13156	0.0	1103
EYB36_RS00055	17	88.086	1301	155	0	1	1301	13156	14456	0.0	1544
EYB36_RS00080	17	95.082	183	9	0	1	183	7907	7725	4.25e-79	289
EYB36_RS00085	1	83.741	695	109	3	1	693	131507	132199	0.0	654
EYB36_RS00090	17	87.619	1793	191	21	1	1767	6676	4889	0.0	2052
EYB36_RS00090	17	90.043	231	23	0	1249	1479	5680	5450	2.10e-81	300
EYB36_RS00090	17	86.070	201	28	0	1276	1476	5092	4892	2.18e-56	217
EYB36_RS00090	17	85.024	207	30	1	1003	1208	5092	4886	3.64e-54	209
EYB36_RS00095	17	98.738	634	7	1	3	636	4700	4068	0.0	1125
EYB36_RS00100	17	100.000	468	0	0	1	468	4081	3614	0.0	865
EYB36_RS00105	17	99.242	528	4	0	1	528	3611	3084	0.0	953
EYB36_RS00110	17	99.450	2181	12	0	1	2181	3041	861	0.0	3962
EYB36_RS00115	17	99.816	543	1	0	1	543	754	212	0.0	998
EYB36_RS00120	24	89.032	310	34	0	265	574	1	310	1.79e-107	385
EYB36_RS00120	17	100.000	145	0	0	1	145	145	1	1.89e-72	268
EYB36_RS00125	24	94.314	1319	75	0	2	1320	2289	971	0.0	2021
EYB36_RS00205	2	98.399	687	11	0	1	687	82876	83562	0.0	1208
EYB36_RS00205	47	99.732	373	1	0	38	410	373	1	0.0	684
EYB36_RS00205	23	99.639	277	1	0	411	687	1	277	4.40e-144	507
EYB36_RS00205	44	98.106	264	5	0	424	687	1000	737	3.47e-130	460
EYB36_RS00205	53	97.222	36	1	0	1	36	69	104	4.11e-10	62.1
EYB36_RS00280	2	98.399	687	11	0	1	687	82876	83562	0.0	1208
EYB36_RS00280	47	99.732	373	1	0	38	410	373	1	0.0	684
EYB36_RS00280	23	99.639	277	1	0	411	687	1	277	4.40e-144	507
EYB36_RS00280	44	98.106	264	5	0	424	687	1000	737	3.47e-130	460
EYB36_RS00280	53	97.222	36	1	0	1	36	69	104	4.11e-10	62.1
EYB36_RS00285	24	90.134	598	57	2	1	597	9445	10041	0.0	776
EYB36_RS00290	24	92.014	288	23	0	1	288	10058	10345	6.63e-114	405
EYB36_RS00295	24	96.444	225	8	0	1	225	10339	10563	5.16e-104	372
EYB36_RS00300	24	97.980	198	4	0	1	198	10624	10821	9.93e-96	344
EYB36_RS00305	24	97.030	303	9	0	1	303	10845	11147	1.44e-145	510
EYB36_RS00320	38	99.242	132	1	0	1	132	1555	1424	2.98e-64	239
EYB36_RS00325	38	99.593	738	3	0	1	738	2297	1560	0.0	1347
EYB36_RS00330	38	98.810	84	1	0	1	84	2505	2422	8.34e-38	150
EYB36_RS00335	38	100.000	101	0	0	12	112	2626	2526	9.10e-49	187
EYB36_RS00340	24	99.624	1329	5	0	1	1329	11574	12902	0.0	2427
EYB36_RS00345	24	98.291	351	6	0	1	351	12899	13249	3.48e-177	616
EYB36_RS00350	24	100.000	111	0	0	1	111	13500	13610	2.49e-54	206
EYB36_RS00355	24	97.966	295	5	1	1	294	13850	14144	1.41e-145	510
EYB36_RS00370	24	94.934	454	17	6	552	1002	16347	16797	0.0	706
EYB36_RS00375	24	97.390	1609	42	0	1	1609	16956	18564	0.0	2739
EYB36_RS00400	23	98.990	1188	12	0	1	1188	9099	7912	0.0	2128
EYB36_RS00405	23	98.052	2259	44	0	1	2259	7925	5667	0.0	3928
EYB36_RS00410	23	100.000	171	0	0	1	171	5495	5665	1.81e-87	316
EYB36_RS00415	23	100.000	729	0	0	1	729	5087	4359	0.0	1347
EYB36_RS00420	23	99.387	489	3	0	1	489	4353	3865	0.0	887
EYB36_RS00425	23	98.502	267	4	0	1	267	3273	3007	5.93e-134	472
EYB36_RS00430	23	99.800	501	1	0	1	501	2974	2474	0.0	920
EYB36_RS00445	38	99.242	132	1	0	1	132	1555	1424	2.98e-64	239
EYB36_RS00450	38	99.593	738	3	0	1	738	2297	1560	0.0	1347
EYB36_RS00455	38	100.000	84	0	0	1	84	2505	2422	1.79e-39	156
EYB36_RS00460	38	99.048	105	0	1	12	115	2626	2522	9.39e-49	187
EYB36_RS00465	39	100.000	795	0	0	1	795	2087	1293	0.0	1469
EYB36_RS00470	39	100.000	253	0	0	229	481	2432	2180	1.44e-132	468
EYB36_RS00470	39	100.000	229	0	0	1	229	262	34	3.15e-119	424
EYB36_RS00475	39	100.000	554	0	0	356	909	812	259	0.0	1024
EYB36_RS00530	2	98.399	687	11	0	1	687	82876	83562	0.0	1208
EYB36_RS00530	47	99.732	373	1	0	38	410	373	1	0.0	684
EYB36_RS00530	23	99.639	277	1	0	411	687	1	277	4.40e-144	507
EYB36_RS00530	44	98.106	264	5	0	424	687	1000	737	3.47e-130	460
EYB36_RS00530	53	97.222	36	1	0	1	36	69	104	4.11e-10	62.1
EYB36_RS00570	23	96.255	267	10	0	1	267	1002	736	6.02e-124	438
EYB36_RS00575	23	93.478	276	18	0	1	276	743	468	1.36e-115	411
EYB36_RS00745	17	77.328	1310	270	24	17	1311	13172	14469	0.0	749
EYB36_RS00765	23	94.274	489	28	0	1	489	4353	3865	0.0	749
EYB36_RS00770	23	98.396	561	9	0	199	759	4919	4359	0.0	987
EYB36_RS00775	23	97.469	2252	54	3	1	2252	7925	5677	0.0	3840
EYB36_RS00780	23	97.060	2347	67	2	1	2346	10257	7912	0.0	3951
EYB36_RS00785	23	84.167	240	27	6	1	237	10614	10383	8.61e-59	222
EYB36_RS00790	23	99.438	2493	14	0	1	2493	13117	10625	0.0	4527
EYB36_RS00795	23	100.000	459	0	0	1	459	13680	13222	0.0	848
EYB36_RS00800	23	99.793	483	1	0	1	483	14257	13775	0.0	887
EYB36_RS00805	23	100.000	393	0	0	1	393	14681	14289	0.0	726
EYB36_RS00810	23	99.638	276	1	0	1	276	14953	14678	6.06e-144	505
EYB36_RS00815	23	98.454	1035	16	0	1	1035	15977	14943	0.0	1823
EYB36_RS00820	23	99.365	315	2	0	1	315	16284	15970	6.80e-164	571
EYB36_RS00825	23	98.645	369	5	0	1	369	16652	16284	0.0	654
EYB36_RS00830	23	98.058	618	12	0	1	618	17301	16684	0.0	1075
EYB36_RS00835	23	100.000	137	0	0	11	147	17440	17304	1.21e-68	254
EYB36_RS00845	23	99.119	1135	10	0	1	1135	18575	17441	0.0	2041
EYB36_RS00850	23	99.099	444	4	0	346	789	19044	18601	0.0	798
EYB36_RS00850	23	98.492	398	3	3	1	397	19461	19066	0.0	699
EYB36_RS00855	23	98.066	879	17	0	1	879	20359	19481	0.0	1530
EYB36_RS00860	23	99.617	261	1	0	1	261	20630	20370	1.25e-135	477
EYB36_RS00865	23	98.701	385	5	0	1	385	21162	20778	0.0	684
EYB36_RS00870	23	98.319	357	3	1	1	354	21540	21184	2.10e-179	623
EYB36_RS00870	17	96.629	356	9	1	1	353	37821	37466	7.64e-169	588
EYB36_RS00875	9	90.130	3850	352	20	1	3833	101541	97703	0.0	4979
EYB36_RS00875	17	95.210	2401	100	6	1530	3918	40279	37882	0.0	3783
EYB36_RS00875	23	95.063	2390	114	3	1531	3918	23989	21602	0.0	3757
EYB36_RS00875	34	93.137	1530	103	2	1	1529	1529	1	0.0	2242
EYB36_RS00880	34	83.283	329	48	7	1	324	2171	1845	4.72e-81	296
EYB36_RS00885	34	95.699	93	3	1	1	93	2491	2400	3.42e-37	148
EYB36_RS00890	34	86.170	94	8	4	96	186	2601	2510	2.82e-21	97.1
EYB36_RS00895	9	93.212	1974	118	15	627	2593	104091	102127	0.0	2889
EYB36_RS00895	34	89.602	2058	197	17	626	2673	4979	2929	0.0	2599
EYB36_RS00895	29	95.840	625	26	0	1	625	625	1	0.0	1011
EYB36_RS00900	29	95.556	270	12	0	1	270	905	636	2.83e-122	433
EYB36_RS00925	24	96.716	944	30	1	1	943	15790	16733	0.0	1570
EYB36_RS00930	24	99.720	357	1	0	1	357	15175	15531	0.0	654
EYB36_RS00935	24	99.489	783	4	0	1	783	14400	15182	0.0	1424
EYB36_RS00940	24	97.980	297	6	0	1	297	13850	14146	3.03e-147	516
CJ14980A_RS09240	39	100.000	190	0	0	96	285	996	1185	8.66e-98	351
CJ14980A_RS08930	39	100.000	795	0	0	1	795	2087	1293	0.0	1469
BLD43_RS10190	39	100.000	190	0	0	96	285	996	1185	8.66e-98	351
BLD43_RS09850	39	100.000	795	0	0	1	795	2087	1293	0.0	1469
BLD39_RS09110	39	100.000	494	0	0	104	597	752	259	0.0	913
BLD39_RS09115	39	100.000	281	0	0	263	543	2460	2180	4.43e-148	520
BLD39_RS09115	39	100.000	262	0	0	1	262	262	1	1.62e-137	484
BLD39_RS09120	39	100.000	795	0	0	1	795	2087	1293	0.0	1469
BLD39_RS09125	39	100.000	190	0	0	477	666	996	1185	2.11e-97	351
GJD99_RS14805	2	82.440	672	116	2	1	671	82882	83552	5.44e-168	586
GJD99_RS14805	23	83.333	276	46	0	406	681	2	277	1.74e-68	255
GJD99_RS14805	44	83.650	263	43	0	412	674	1006	744	2.92e-66	248
GJD99_RS14810	2	93.201	353	23	1	1	352	82882	83234	1.03e-147	518
GJD99_RS14810	47	92.547	322	23	1	32	352	373	52	1.75e-130	460
GJD99_RS14810	31	89.583	336	35	0	1	336	2365	2030	1.78e-120	427
GJD99_RS14810	53	100.000	29	0	0	2	30	76	104	3.48e-08	54.7
GJD99_RS14835	31	99.663	297	1	0	1	297	2326	2030	3.12e-155	544
GJD99_RS14835	31	98.328	299	3	1	344	642	2034	1738	4.07e-149	523
GJ652_RS00035	2	99.709	687	2	0	1	687	82876	83562	0.0	1258
GJ652_RS00035	47	99.464	373	2	0	38	410	373	1	0.0	678
GJ652_RS00035	44	100.000	277	0	0	411	687	1013	737	9.45e-146	512
GJ652_RS00035	23	96.377	276	10	0	412	687	2	277	1.62e-128	455
GJ652_RS00035	53	97.222	36	1	0	1	36	69	104	4.11e-10	62.1
GJ652_RS00045	21	91.925	161	13	0	66	226	12581	12421	7.78e-60	226
GJ652_RS00090	2	98.253	687	12	0	1	687	82876	83562	0.0	1203
GJ652_RS00090	47	99.464	373	2	0	38	410	373	1	0.0	678
GJ652_RS00090	23	99.639	277	1	0	411	687	1	277	4.40e-144	507
GJ652_RS00090	44	98.106	264	5	0	424	687	1000	737	3.47e-130	460
GJ652_RS00090	53	97.222	36	1	0	1	36	69	104	4.11e-10	62.1
GJ652_RS00120	2	98.399	687	11	0	1	687	82876	83562	0.0	1208
GJ652_RS00120	47	99.732	373	1	0	38	410	373	1	0.0	684
GJ652_RS00120	23	99.639	277	1	0	411	687	1	277	4.40e-144	507
GJ652_RS00120	44	98.106	264	5	0	424	687	1000	737	3.47e-130	460
GJ652_RS00120	53	97.222	36	1	0	1	36	69	104	4.11e-10	62.1
GJ652_RS00165	22	83.788	586	95	0	8	593	23084	23669	3.84e-159	556
GJ652_RS00215	42	75.746	503	116	4	752	1251	640	141	5.44e-66	248
GJ652_RS00360	42	75.746	503	116	4	752	1251	640	141	5.44e-66	248
GJ652_RS00365	2	98.399	687	11	0	1	687	82876	83562	0.0	1208
GJ652_RS00365	47	99.732	373	1	0	38	410	373	1	0.0	684
GJ652_RS00365	23	98.917	277	3	0	411	687	1	277	9.52e-141	496
GJ652_RS00365	44	98.106	264	5	0	424	687	1000	737	3.47e-130	460
GJ652_RS00365	53	97.222	36	1	0	1	36	69	104	4.11e-10	62.1
GJ652_RS00385	21	91.925	161	13	0	66	226	12581	12421	7.78e-60	226
GJ652_RS00400	2	98.253	687	12	0	1	687	82876	83562	0.0	1203
GJ652_RS00400	47	99.464	373	2	0	38	410	373	1	0.0	678
GJ652_RS00400	23	98.917	277	3	0	411	687	1	277	9.52e-141	496
GJ652_RS00400	44	98.106	264	5	0	424	687	1000	737	3.47e-130	460
GJ652_RS00400	53	97.222	36	1	0	1	36	69	104	4.11e-10	62.1
GJ652_RS00485	31	98.810	336	4	0	1	336	2365	2030	6.99e-172	599
GJ652_RS00485	31	97.993	299	4	1	383	681	2034	1738	2.01e-147	518
GJ652_RS00515	2	92.669	682	48	2	1	681	82882	83562	0.0	981
GJ652_RS00515	23	98.917	277	3	0	405	681	1	277	9.43e-141	496
GJ652_RS00515	47	90.591	372	33	2	34	404	371	1	1.22e-139	492
GJ652_RS00515	44	98.106	264	5	0	418	681	1000	737	3.44e-130	460
GJ652_RS00525	27	93.956	182	0	1	1	182	11337	11507	7.12e-72	265
GJ652_RS00530	27	99.715	351	1	0	1	351	11518	11868	0.0	643
GJ652_RS00535	27	99.715	351	1	0	1	351	12024	12374	0.0	643
GJ652_RS00535	21	99.000	100	1	0	351	450	21579	21678	7.02e-46	180
GJ652_RS00545	27	98.969	97	1	0	60	156	12581	12677	1.04e-44	174
GJ652_RS00550	27	99.757	1237	3	0	1	1237	12696	13932	0.0	2268
GJ652_RS00555	35	100.000	582	0	0	76	657	1	582	0.0	1075
GJ652_RS00560	35	99.927	1377	1	0	1	1377	582	1958	0.0	2538
GJ652_RS00565	21	90.337	1097	106	0	1	1097	20634	19538	0.0	1439
GJ652_RS00625	35	98.824	85	1	0	1	85	3241	3157	4.47e-37	152
GJ652_RS00695	35	95.763	1062	44	1	228	1289	3156	2096	0.0	1711
GJ652_RS00730	2	97.962	687	14	0	1	687	82876	83562	0.0	1192
GJ652_RS00730	47	98.928	373	4	0	38	410	373	1	0.0	667
GJ652_RS00730	23	99.639	277	1	0	411	687	1	277	4.40e-144	507
GJ652_RS00730	44	98.106	264	5	0	424	687	1000	737	3.47e-130	460
GJ652_RS00730	53	97.222	36	1	0	1	36	69	104	4.11e-10	62.1
GJ652_RS00795	31	86.790	757	100	0	423	1179	6131	5375	0.0	845
GJ652_RS00915	21	99.484	1163	6	0	1	1163	21773	22935	0.0	2115
GJ652_RS00930	21	99.495	396	2	0	1	396	23878	23483	0.0	721
GJ652_RS00935	21	99.764	849	2	0	1	849	24739	23891	0.0	1557
GJ652_RS00940	21	100.000	828	0	0	1	828	25581	24754	0.0	1530
GJ652_RS00945	21	99.764	846	2	0	1	846	26438	25593	0.0	1552
GJ652_RS00950	21	99.573	1170	5	0	1	1170	26692	27861	0.0	2134
GJ652_RS00960	21	100.000	39	0	0	1282	1320	28224	28186	3.71e-13	73.1
GJ652_RS00965	35	100.000	566	0	0	1	566	3513	4078	0.0	1046
GJ652_RS00970	35	98.824	85	1	0	1	85	3241	3157	4.47e-37	152
GJ652_RS00975	9	80.039	1538	296	10	33	1566	82096	83626	0.0	1129
GJ652_RS01010	2	98.108	687	13	0	1	687	82876	83562	0.0	1197
GJ652_RS01010	47	99.732	373	1	0	38	410	373	1	0.0	684
GJ652_RS01010	23	99.639	277	1	0	411	687	1	277	4.40e-144	507
GJ652_RS01010	44	98.106	264	5	0	424	687	1000	737	3.47e-130	460
GJ652_RS01045	2	98.399	687	11	0	1	687	82876	83562	0.0	1208
GJ652_RS01045	47	99.732	373	1	0	38	410	373	1	0.0	684
GJ652_RS01045	23	99.639	277	1	0	411	687	1	277	4.40e-144	507
GJ652_RS01045	44	98.106	264	5	0	424	687	1000	737	3.47e-130	460
GJ652_RS01045	53	97.222	36	1	0	1	36	69	104	4.11e-10	62.1
GJ652_RS01130	2	98.399	687	11	0	1	687	82876	83562	0.0	1208
GJ652_RS01130	47	99.732	373	1	0	38	410	373	1	0.0	684
GJ652_RS01130	23	98.917	277	3	0	411	687	1	277	9.52e-141	496
GJ652_RS01130	44	98.106	264	5	0	424	687	1000	737	3.47e-130	460
GJ652_RS01130	53	97.222	36	1	0	1	36	69	104	4.11e-10	62.1
GJ652_RS01180	31	86.658	757	101	0	423	1179	6131	5375	0.0	839
GJ652_RS01185	8	96.458	1920	68	0	1	1920	34025	35944	0.0	3169
GJ652_RS01190	8	100.000	87	0	0	1	87	33923	34009	4.03e-41	161
GJ652_RS01195	8	99.786	933	2	0	1	933	32716	33648	0.0	1712
GJ652_RS01200	8	99.501	1002	5	0	1	1002	31718	32719	0.0	1823
GJ652_RS01205	8	92.132	2186	156	7	1	2178	29544	31721	0.0	3070
GJ652_RS01210	8	99.918	2448	2	0	1	2448	27094	29541	0.0	4510
GJ652_RS01215	8	100.000	507	0	0	1	507	26604	27110	0.0	937
GJ652_RS01220	8	100.000	498	0	0	1	498	26132	26629	0.0	920
GJ652_RS01225	8	100.000	201	0	0	25	225	25815	26015	5.16e-104	372
GJ652_RS01235	8	99.917	1206	1	0	1	1206	24546	25751	0.0	2222
GJ652_RS01240	8	99.346	153	0	1	1	152	24371	24523	2.68e-75	276
GJ652_RS01245	8	100.000	1386	0	0	1	1386	22983	24368	0.0	2560
GJ652_RS01250	8	100.000	387	0	0	1	387	22568	22954	0.0	715
GJ652_RS01255	8	100.000	315	0	0	1	315	22238	22552	3.14e-167	582
GJ652_RS01260	8	100.000	120	0	0	1	120	22096	22215	2.71e-59	222
GJ652_RS01265	31	92.602	757	56	0	423	1179	6131	5375	0.0	1088
GJ652_RS01265	31	98.507	134	1	1	226	358	6261	6128	3.99e-62	235
GJ652_RS01265	27	84.560	829	112	13	1	821	10627	9807	0.0	808
GJ652_RS01265	21	100.000	65	0	0	1	65	21464	21400	1.16e-27	121
GJ652_RS01350	2	98.253	687	12	0	1	687	82876	83562	0.0	1203
GJ652_RS01350	47	99.732	373	1	0	38	410	373	1	0.0	684
GJ652_RS01350	23	99.639	277	1	0	411	687	1	277	4.40e-144	507
GJ652_RS01350	44	98.106	264	5	0	424	687	1000	737	3.47e-130	460
GJ652_RS01395	2	98.253	687	12	0	1	687	82876	83562	0.0	1203
GJ652_RS01395	47	99.464	373	2	0	38	410	373	1	0.0	678
GJ652_RS01395	23	98.917	277	3	0	411	687	1	277	9.52e-141	496
GJ652_RS01395	44	98.106	264	5	0	424	687	1000	737	3.47e-130	460
GJ652_RS01395	53	97.222	36	1	0	1	36	69	104	4.11e-10	62.1
GJ652_RS01430	2	97.962	687	14	0	1	687	82876	83562	0.0	1192
GJ652_RS01430	47	99.732	373	1	0	38	410	373	1	0.0	684
GJ652_RS01430	23	98.556	277	4	0	411	687	1	277	4.43e-139	490
GJ652_RS01430	44	96.970	264	8	0	424	687	1000	737	3.50e-125	444
GJ652_RS01430	53	97.222	36	1	0	1	36	69	104	4.11e-10	62.1
GJ652_RS01455	27	98.405	1191	19	0	1	1191	10627	9437	0.0	2095
GJ652_RS01455	31	98.507	134	1	1	226	358	6261	6128	4.03e-62	235
GJ652_RS01455	21	100.000	65	0	0	1	65	21464	21400	1.18e-27	121
GJ652_RS16415	2	98.399	687	11	0	1	687	82876	83562	0.0	1208
GJ652_RS16415	47	99.732	373	1	0	38	410	373	1	0.0	684
GJ652_RS16415	23	99.639	277	1	0	411	687	1	277	4.40e-144	507
GJ652_RS16415	44	98.106	264	5	0	424	687	1000	737	3.47e-130	460
GJ652_RS16415	53	97.222	36	1	0	1	36	69	104	4.11e-10	62.1
GJ652_RS16475	2	98.399	687	11	0	1	687	82876	83562	0.0	1208
GJ652_RS16475	47	99.732	373	1	0	38	410	373	1	0.0	684
GJ652_RS16475	23	99.639	277	1	0	411	687	1	277	4.40e-144	507
GJ652_RS16475	44	98.106	264	5	0	424	687	1000	737	3.47e-130	460
GJ652_RS16475	53	97.222	36	1	0	1	36	69	104	4.11e-10	62.1
GJ652_RS16500	2	98.238	681	12	0	1	681	82882	83562	0.0	1192
GJ652_RS16500	47	99.464	373	2	0	32	404	373	1	0.0	678
GJ652_RS16500	23	99.639	277	1	0	405	681	1	277	4.36e-144	507
GJ652_RS16500	44	98.106	264	5	0	418	681	1000	737	3.44e-130	460
GJ652_RS16500	53	100.000	29	0	0	2	30	76	104	6.82e-08	54.7
GJ652_RS16520	21	91.925	161	13	0	66	226	12581	12421	7.78e-60	226
GJ652_RS16545	44	99.060	532	5	0	1614	2145	683	152	0.0	955
GJ652_RS16545	38	94.231	260	15	0	1886	2145	1389	1130	8.81e-111	398
GJ652_RS16550	51	100.000	135	0	0	33	167	135	1	2.71e-67	250
GJ652_RS16550	38	100.000	73	0	0	168	240	2626	2554	7.91e-33	135
GJ652_RS16550	38	100.000	31	0	0	1	31	32	2	1.76e-09	58.4
GJ652_RS16550	44	100.000	32	0	0	1	32	32	1	4.90e-10	60.2
GJ652_RS16555	38	98.824	85	0	1	1	85	2505	2422	8.47e-38	150
GJ652_RS16560	38	99.593	738	3	0	1	738	2297	1560	0.0	1347
GJ652_RS16600	2	98.399	687	11	0	1	687	82876	83562	0.0	1208
GJ652_RS16600	47	99.732	373	1	0	38	410	373	1	0.0	684
GJ652_RS16600	23	99.639	277	1	0	411	687	1	277	4.40e-144	507
GJ652_RS16600	44	98.106	264	5	0	424	687	1000	737	3.47e-130	460
GJ652_RS16600	53	97.222	36	1	0	1	36	69	104	4.11e-10	62.1
XM37_RS13495	42	75.746	503	116	4	752	1251	640	141	5.44e-66	248
XM37_RS13600	31	86.658	757	101	0	423	1179	6131	5375	0.0	839
XM37_RS13620	3	76.746	1217	277	6	28	1241	324012	322799	0.0	675
XM37_RS13680	27	91.549	213	18	0	7	219	9649	9437	1.12e-80	294
XM37_RS13680	31	85.380	171	23	2	1	170	5581	5412	4.22e-45	176
XM37_RS13695	2	96.145	441	14	1	218	658	83125	83562	0.0	717
XM37_RS13695	2	99.569	232	1	0	1	232	82876	83107	4.36e-119	424
XM37_RS13695	23	98.571	280	1	1	379	658	1	277	1.18e-139	492
XM37_RS13695	44	97.004	267	5	1	392	658	1000	737	9.30e-126	446
XM37_RS13695	47	99.487	195	1	0	38	232	373	179	1.61e-98	355
XM37_RS13695	47	98.710	155	2	0	224	378	155	1	1.29e-74	276
XM37_RS13695	53	97.222	36	1	0	1	36	69	104	3.94e-10	62.1
XM37_RS13705	31	99.604	757	3	0	423	1179	6131	5375	0.0	1382
XM37_RS13705	31	99.254	134	0	1	226	358	6261	6128	8.57e-64	241
XM37_RS13705	27	84.922	829	109	13	1	821	10627	9807	0.0	824
XM37_RS13705	21	100.000	65	0	0	1	65	21464	21400	1.16e-27	121
XM37_RS13750	22	82.339	821	141	4	1	819	20706	21524	0.0	710
XM37_RS13755	22	80.615	650	120	6	37	683	20514	19868	2.66e-141	497
XM37_RS13760	22	81.921	1510	259	14	1	1503	19850	18348	0.0	1264
XM37_RS13770	21	99.484	1163	6	0	1	1163	21773	22935	0.0	2115
XM37_RS13830	21	99.398	1163	7	0	1	1163	21773	22935	0.0	2109
XM37_RS13840	21	99.691	1293	4	0	1	1293	20634	19342	0.0	2366
XM37_RS13845	21	100.000	261	0	0	1	261	21168	20908	2.69e-137	483
XM37_RS13850	31	99.604	757	3	0	423	1179	6131	5375	0.0	1382
XM37_RS13850	31	99.254	134	0	1	226	358	6261	6128	8.57e-64	241
XM37_RS13850	27	84.922	829	109	13	1	821	10627	9807	0.0	824
XM37_RS13850	21	100.000	65	0	0	1	65	21464	21400	1.16e-27	121
XM37_RS13855	23	98.305	177	3	0	1	177	101	277	8.74e-86	311
XM37_RS13855	44	97.740	177	4	0	1	177	913	737	4.07e-84	305
XM37_RS13855	2	97.740	177	4	0	1	177	83386	83562	4.07e-84	305
XM37_RS13880	2	97.082	377	11	0	5	381	83186	83562	0.0	636
XM37_RS13880	23	99.278	277	2	0	105	381	1	277	1.11e-142	501
XM37_RS13880	44	97.727	264	6	0	118	381	1000	737	8.75e-129	455
XM37_RS13880	47	100.000	100	0	0	5	104	100	1	1.27e-47	185
XM37_RS13885	31	99.702	336	1	0	1	336	2365	2030	6.94e-177	616
XM37_RS13885	31	98.328	299	3	1	383	681	2034	1738	4.33e-149	523
XM37_RS13910	21	91.925	161	13	0	66	226	12581	12421	7.78e-60	226
XM37_RS13930	2	98.385	681	11	0	1	681	82882	83562	0.0	1197
XM37_RS13930	47	99.732	373	1	0	32	404	373	1	0.0	684
XM37_RS13930	23	99.639	277	1	0	405	681	1	277	4.36e-144	507
XM37_RS13930	44	98.106	264	5	0	418	681	1000	737	3.44e-130	460
XM37_RS13930	53	100.000	29	0	0	2	30	76	104	6.82e-08	54.7
XM37_RS13935	21	100.000	39	0	0	1282	1320	28224	28186	3.71e-13	73.1
XM37_RS13940	35	100.000	566	0	0	1	566	3513	4078	0.0	1046
XM37_RS16210	35	98.824	85	1	0	1	85	3241	3157	1.78e-37	152
XM37_RS14015	35	99.855	1377	2	0	1	1377	582	1958	0.0	2532
XM37_RS14020	35	100.000	582	0	0	76	657	1	582	0.0	1075
XM37_RS14025	27	99.596	1237	5	0	1	1237	12696	13932	0.0	2257
XM37_RS16445	27	98.969	97	1	0	60	156	12581	12677	1.04e-44	174
XM37_RS14040	31	87.629	194	24	0	23	216	5568	5375	4.06e-60	226
XM37_RS14045	31	98.811	757	9	0	423	1179	6131	5375	0.0	1349
XM37_RS14045	31	99.254	134	0	1	226	358	6261	6128	8.57e-64	241
XM37_RS14045	27	84.922	829	109	13	1	821	10627	9807	0.0	824
XM37_RS14045	21	100.000	65	0	0	1	65	21464	21400	1.16e-27	121
XM37_RS14070	31	86.658	757	101	0	423	1179	6131	5375	0.0	839
XM37_RS14155	2	90.308	681	66	0	1	681	82882	83562	0.0	893
XM37_RS14155	31	97.917	336	7	0	1	336	2365	2030	7.04e-167	582
XM37_RS14155	23	99.639	277	1	0	405	681	1	277	4.36e-144	507
XM37_RS14155	44	98.106	264	5	0	418	681	1000	737	3.44e-130	460
XM37_RS14155	47	87.123	365	47	0	40	404	365	1	2.72e-116	414
XM37_RS14250	2	98.253	687	12	0	1	687	82876	83562	0.0	1203
XM37_RS14250	47	99.464	373	2	0	38	410	373	1	0.0	678
XM37_RS14250	23	99.639	277	1	0	411	687	1	277	4.40e-144	507
XM37_RS14250	44	98.106	264	5	0	424	687	1000	737	3.47e-130	460
XM37_RS14250	53	97.222	36	1	0	1	36	69	104	4.11e-10	62.1
XM37_RS14275	2	98.399	687	11	0	1	687	82876	83562	0.0	1208
XM37_RS14275	47	99.732	373	1	0	38	410	373	1	0.0	684
XM37_RS14275	23	99.639	277	1	0	411	687	1	277	4.40e-144	507
XM37_RS14275	44	98.106	264	5	0	424	687	1000	737	3.47e-130	460
XM37_RS14275	53	97.222	36	1	0	1	36	69	104	4.11e-10	62.1
XM37_RS14285	2	97.962	687	14	0	1	687	82876	83562	0.0	1192
XM37_RS14285	47	98.928	373	4	0	38	410	373	1	0.0	667
XM37_RS14285	23	99.639	277	1	0	411	687	1	277	4.40e-144	507
XM37_RS14285	44	98.106	264	5	0	424	687	1000	737	3.47e-130	460
XM37_RS14285	53	97.222	36	1	0	1	36	69	104	4.11e-10	62.1
XM37_RS14640	2	98.108	687	13	0	1	687	82876	83562	0.0	1197
XM37_RS14640	47	99.464	373	2	0	38	410	373	1	0.0	678
XM37_RS14640	23	99.278	277	2	0	411	687	1	277	2.05e-142	501
XM37_RS14640	44	97.727	264	6	0	424	687	1000	737	1.62e-128	455
XM37_RS14640	53	97.222	36	1	0	1	36	69	104	4.11e-10	62.1
XM37_RS14645	38	100.000	84	0	0	1	84	2505	2422	1.79e-39	156
XM37_RS14650	38	99.729	738	2	0	1	738	2297	1560	0.0	1352
XM37_RS16465	38	97.727	132	3	0	1	132	1555	1424	6.46e-61	228
XM37_RS16305	44	98.462	260	4	0	2	261	411	152	4.53e-130	459
XM37_RS16305	38	95.019	261	13	0	1	261	1390	1130	1.29e-115	411
XM37_RS14675	39	100.000	554	0	0	360	913	812	259	0.0	1024
XM37_RS14680	39	100.000	281	0	0	263	543	2460	2180	4.43e-148	520
XM37_RS14680	39	100.000	262	0	0	1	262	262	1	1.62e-137	484
XM37_RS14685	39	100.000	795	0	0	1	795	2087	1293	0.0	1469
XM37_RS16310	39	100.000	189	0	0	1	189	997	1185	1.99e-97	350
XM37_RS14690	39	100.000	208	0	0	1	208	1017	810	1.52e-107	385
XM37_RS14690	2	97.222	36	1	0	457	492	83620	83585	2.91e-10	62.1
XM37_RS14690	44	100.000	32	0	0	461	492	683	714	1.05e-09	60.2
XM37_RS14690	23	100.000	32	0	0	461	492	331	300	1.05e-09	60.2
XM37_RS14695	2	98.399	687	11	0	1	687	82876	83562	0.0	1208
XM37_RS14695	47	99.732	373	1	0	38	410	373	1	0.0	684
XM37_RS14695	23	99.639	277	1	0	411	687	1	277	4.40e-144	507
XM37_RS14695	44	98.106	264	5	0	424	687	1000	737	3.47e-130	460
XM37_RS14695	53	97.222	36	1	0	1	36	69	104	4.11e-10	62.1
XM37_RS14745	2	98.399	687	11	0	1	687	82876	83562	0.0	1208
XM37_RS14745	47	99.732	373	1	0	38	410	373	1	0.0	684
XM37_RS14745	23	99.639	277	1	0	411	687	1	277	4.40e-144	507
XM37_RS14745	44	98.106	264	5	0	424	687	1000	737	3.47e-130	460
XM37_RS14745	53	97.222	36	1	0	1	36	69	104	4.11e-10	62.1
XM37_RS14795	2	98.399	687	11	0	1	687	82876	83562	0.0	1208
XM37_RS14795	47	99.732	373	1	0	38	410	373	1	0.0	684
XM37_RS14795	23	99.639	277	1	0	411	687	1	277	4.40e-144	507
XM37_RS14795	44	98.106	264	5	0	424	687	1000	737	3.47e-130	460
XM37_RS14795	53	97.222	36	1	0	1	36	69	104	4.11e-10	62.1
XM37_RS14805	22	83.618	586	96	0	8	593	23084	23669	1.79e-157	551
XM37_RS15085	42	75.746	503	116	4	752	1251	640	141	5.44e-66	248
CEQ83_RS26495	46	90.244	82	8	0	1	82	430	349	4.94e-25	108
CEQ83_RS26500	46	90.411	73	7	0	1	73	519	447	9.67e-22	97.1
CEQ83_RS26505	19	91.667	72	6	0	1	72	811	882	7.34e-23	100
CEQ83_RS26505	2	95.238	63	3	0	10	72	356483	356421	7.34e-23	100
CEQ83_RS26520	46	93.151	73	5	0	1	73	598	526	4.47e-25	108
CEQ83_RS26520	19	93.151	73	5	0	1	73	247	319	4.47e-25	108
CEQ83_RS26530	36	87.310	2955	316	45	3	2939	3127	214	0.0	3325
CEQ83_RS26535	41	90.956	1559	128	12	5	1552	1622	66	0.0	2085
CEQ83_RS26840	19	98.611	72	1	0	1	72	148	219	3.19e-31	128
CEQ83_RS26840	6	98.611	72	1	0	1	72	154606	154535	3.19e-31	128
CEQ83_RS26840	6	98.611	72	1	0	1	72	155372	155301	3.19e-31	128
CEQ83_RS26845	6	97.297	74	2	0	1	74	154793	154720	1.19e-30	126
CEQ83_RS26845	6	97.297	74	2	0	1	74	155460	155387	1.19e-30	126
CEQ83_RS26855	19	94.366	71	4	0	6	76	335	405	1.24e-25	110
CEQ83_RS26865	52	98.630	73	1	0	1	73	97	25	9.53e-32	130
CEQ83_RS26865	6	98.630	73	1	0	1	73	156150	156078	9.53e-32	130
CEQ83_RS26870	6	100.000	74	0	0	1	74	156237	156164	5.80e-34	137
CEQ83_RS26870	1	100.000	74	0	0	1	74	413775	413702	5.80e-34	137
LLH_RS12875	31	99.107	336	3	0	1	336	2365	2030	1.50e-173	604
LLH_RS12875	31	98.662	299	2	1	383	681	2034	1738	9.30e-151	529
LLH_RS12890	31	99.107	336	3	0	1	336	2365	2030	1.50e-173	604
LLH_RS12890	31	98.328	299	3	1	383	681	2034	1738	4.33e-149	523
LLH_RS12900	31	86.102	295	39	1	387	681	2030	1738	7.88e-87	316
LLH_RS12915	31	86.441	295	38	1	387	681	2030	1738	1.69e-88	322
LLH_RS12955	31	98.512	336	5	0	1	336	2365	2030	3.25e-170	593
LLH_RS12955	31	98.328	299	3	1	383	681	2034	1738	4.33e-149	523
LLH_RS13005	6	91.549	71	6	0	4	74	155162	155092	2.59e-22	99.0
LLH_RS13005	6	91.549	71	6	0	4	74	155727	155657	2.59e-22	99.0
LLH_RS13010	31	98.512	336	5	0	1	336	2365	2030	3.25e-170	593
LLH_RS13010	31	97.993	299	4	1	383	681	2034	1738	2.01e-147	518
LLH_RS13130	31	99.107	336	3	0	1	336	2365	2030	1.50e-173	604
LLH_RS13130	31	98.328	299	3	1	383	681	2034	1738	4.33e-149	523
LLH_RS13150	31	87.119	295	36	1	387	681	2030	1738	7.83e-92	333
LLH_RS13240	31	86.102	295	39	1	387	681	2030	1738	7.88e-87	316
LLH_RS13250	31	99.107	336	3	0	1	336	2365	2030	1.50e-173	604
LLH_RS13250	31	98.328	299	3	1	383	681	2034	1738	4.33e-149	523
LLH_RS13265	31	99.107	336	3	0	1	336	2365	2030	1.50e-173	604
LLH_RS13265	31	98.662	299	2	1	383	681	2034	1738	9.30e-151	529
LLH_RS13380	31	86.102	295	39	1	387	681	2030	1738	7.88e-87	316
LLH_RS13815	31	85.473	296	40	3	4	298	2323	2030	1.51e-83	305
EfmE745_RS13625	42	75.746	503	116	4	752	1251	640	141	5.44e-66	248
EfmE745_RS13735	31	86.658	757	101	0	423	1179	6131	5375	0.0	839
EfmE745_RS13750	3	76.746	1217	277	6	28	1241	324012	322799	0.0	675
EfmE745_RS13795	27	91.549	213	18	0	7	219	9649	9437	1.12e-80	294
EfmE745_RS13795	31	85.380	171	23	2	1	170	5581	5412	4.22e-45	176
EfmE745_RS13810	2	96.145	441	14	1	218	658	83125	83562	0.0	717
EfmE745_RS13810	2	99.569	232	1	0	1	232	82876	83107	4.36e-119	424
EfmE745_RS13810	23	98.571	280	1	1	379	658	1	277	1.18e-139	492
EfmE745_RS13810	44	97.004	267	5	1	392	658	1000	737	9.30e-126	446
EfmE745_RS13810	47	99.487	195	1	0	38	232	373	179	1.61e-98	355
EfmE745_RS13810	47	98.710	155	2	0	224	378	155	1	1.29e-74	276
EfmE745_RS13810	53	97.222	36	1	0	1	36	69	104	3.94e-10	62.1
EfmE745_RS13870	22	82.339	821	141	4	1	819	20706	21524	0.0	710
EfmE745_RS13875	22	80.615	650	120	6	37	683	20514	19868	2.66e-141	497
EfmE745_RS13880	22	81.921	1510	259	14	1	1503	19850	18348	0.0	1264
EfmE745_RS13885	42	75.746	503	116	4	752	1251	640	141	5.44e-66	248
EfmE745_RS13895	21	99.552	1115	5	0	1	1115	21821	22935	0.0	2032
EfmE745_RS13950	21	99.462	1115	6	0	1	1115	21821	22935	0.0	2026
EfmE745_RS14000	21	99.312	1163	8	0	1	1163	21773	22935	0.0	2104
EfmE745_RS14020	21	99.536	1293	6	0	1	1293	20634	19342	0.0	2355
EfmE745_RS14045	21	100.000	261	0	0	1	261	21168	20908	2.69e-137	483
EfmE745_RS14050	31	86.658	757	101	0	423	1179	6131	5375	0.0	839
EfmE745_RS14055	21	100.000	39	0	0	1282	1320	28224	28186	3.71e-13	73.1
EfmE745_RS14060	35	100.000	566	0	0	1	566	3513	4078	0.0	1046
EfmE745_RS14065	35	98.824	85	1	0	1	85	3241	3157	4.47e-37	152
EfmE745_RS14070	9	80.039	1538	296	10	33	1566	82096	83626	0.0	1129
EfmE745_RS14125	35	98.824	85	1	0	1	85	3241	3157	4.47e-37	152
EfmE745_RS14200	35	99.927	1377	1	0	1	1377	582	1958	0.0	2538
EfmE745_RS14205	35	100.000	582	0	0	76	657	1	582	0.0	1075
EfmE745_RS14210	27	99.677	1237	4	0	1	1237	12696	13932	0.0	2263
EfmE745_RS16805	27	98.969	97	1	0	60	156	12581	12677	1.04e-44	174
EfmE745_RS14225	27	99.715	351	1	0	1	351	12024	12374	0.0	643
EfmE745_RS14225	21	100.000	100	0	0	353	452	21579	21678	1.52e-47	185
EfmE745_RS16810	27	99.715	351	1	0	1	351	11518	11868	0.0	643
EfmE745_RS16815	27	93.956	182	0	1	1	182	11337	11507	7.12e-72	265
EfmE745_RS14245	31	87.629	194	24	0	23	216	5568	5375	4.06e-60	226
EfmE745_RS14330	31	86.658	757	101	0	423	1179	6131	5375	0.0	839
EfmE745_RS14335	43	99.502	602	3	0	1	602	97	698	0.0	1096
EfmE745_RS14340	31	86.658	757	101	0	423	1179	6131	5375	0.0	839
EfmE745_RS14350	43	98.854	960	11	0	1	960	97	1056	0.0	1712
EfmE745_RS14365	35	95.884	1069	43	1	228	1296	3156	2089	0.0	1729
EfmE745_RS14385	2	98.399	687	11	0	1	687	82876	83562	0.0	1208
EfmE745_RS14385	47	99.464	373	2	0	38	410	373	1	0.0	678
EfmE745_RS14385	23	99.278	277	2	0	411	687	1	277	2.05e-142	501
EfmE745_RS14385	44	98.485	264	4	0	424	687	1000	737	7.46e-132	466
EfmE745_RS14385	53	97.222	36	1	0	1	36	69	104	4.11e-10	62.1
EfmE745_RS14430	2	97.962	687	14	0	1	687	82876	83562	0.0	1192
EfmE745_RS14430	47	99.196	373	3	0	38	410	373	1	0.0	673
EfmE745_RS14430	23	99.639	277	1	0	411	687	1	277	4.40e-144	507
EfmE745_RS14430	44	98.106	264	5	0	424	687	1000	737	3.47e-130	460
EfmE745_RS14435	2	100.000	35	0	0	794	828	83619	83585	3.86e-11	65.8
EfmE745_RS14435	44	100.000	33	0	0	796	828	682	714	4.99e-10	62.1
EfmE745_RS14435	23	100.000	32	0	0	797	828	331	300	1.79e-09	60.2
EfmE745_RS14495	44	100.000	32	0	0	575	606	683	714	1.30e-09	60.2
EfmE745_RS14495	23	100.000	32	0	0	575	606	331	300	1.30e-09	60.2
EfmE745_RS14495	2	100.000	32	0	0	575	606	83616	83585	1.30e-09	60.2
EfmE745_RS14500	2	89.721	681	69	1	1	680	82882	83562	0.0	869
EfmE745_RS14500	31	99.405	336	2	0	1	336	2365	2030	3.22e-175	610
EfmE745_RS14500	23	99.639	277	1	0	404	680	1	277	4.35e-144	507
EfmE745_RS14500	44	98.106	264	5	0	417	680	1000	737	3.44e-130	460
EfmE745_RS14500	47	86.027	365	50	1	40	403	365	1	4.57e-109	390
EfmE745_RS14530	2	98.091	681	13	0	1	681	82882	83562	0.0	1186
EfmE745_RS14530	47	99.196	373	3	0	32	404	373	1	0.0	673
EfmE745_RS14530	23	99.639	277	1	0	405	681	1	277	4.36e-144	507
EfmE745_RS14530	44	98.106	264	5	0	418	681	1000	737	3.44e-130	460
EfmE745_RS14530	53	100.000	29	0	0	2	30	76	104	6.82e-08	54.7
EfmE745_RS14545	35	95.841	1058	43	1	228	1285	3156	2100	0.0	1709
EfmE745_RS14670	2	97.944	681	12	1	1	679	82882	83562	0.0	1179
EfmE745_RS14670	47	99.464	373	2	0	32	404	373	1	0.0	678
EfmE745_RS14670	23	98.917	277	1	1	405	679	1	277	3.38e-140	494
EfmE745_RS14670	44	97.348	264	5	1	418	679	1000	737	2.67e-126	448
EfmE745_RS14670	53	100.000	29	0	0	2	30	76	104	6.80e-08	54.7
EfmE745_RS14695	2	100.000	59	0	0	1	59	82865	82807	9.22e-25	110
EfmE745_RS14695	53	100.000	58	0	0	1	58	58	1	3.31e-24	108
EfmE745_RS14700	2	98.544	687	10	0	1	687	82876	83562	0.0	1214
EfmE745_RS14700	47	99.732	373	1	0	38	410	373	1	0.0	684
EfmE745_RS14700	23	99.278	277	2	0	411	687	1	277	2.05e-142	501
EfmE745_RS14700	44	98.485	264	4	0	424	687	1000	737	7.46e-132	466
EfmE745_RS14700	53	97.222	36	1	0	1	36	69	104	4.11e-10	62.1
EfmE745_RS14730	2	98.399	687	11	0	1	687	82876	83562	0.0	1208
EfmE745_RS14730	47	99.732	373	1	0	38	410	373	1	0.0	684
EfmE745_RS14730	23	99.639	277	1	0	411	687	1	277	4.40e-144	507
EfmE745_RS14730	44	98.106	264	5	0	424	687	1000	737	3.47e-130	460
EfmE745_RS14730	53	97.222	36	1	0	1	36	69	104	4.11e-10	62.1
EfmE745_RS14735	53	100.000	37	0	0	261	297	1	37	1.02e-12	69.4
EfmE745_RS14735	2	100.000	37	0	0	261	297	82808	82844	1.02e-12	69.4
EfmE745_RS14760	2	98.544	687	10	0	1	687	82876	83562	0.0	1214
EfmE745_RS14760	47	99.732	373	1	0	38	410	373	1	0.0	684
EfmE745_RS14760	23	99.278	277	2	0	411	687	1	277	2.05e-142	501
EfmE745_RS14760	44	98.485	264	4	0	424	687	1000	737	7.46e-132	466
EfmE745_RS14760	53	97.222	36	1	0	1	36	69	104	4.11e-10	62.1
EfmE745_RS14795	2	98.544	687	10	0	1	687	82876	83562	0.0	1214
EfmE745_RS14795	47	99.732	373	1	0	38	410	373	1	0.0	684
EfmE745_RS14795	23	99.278	277	2	0	411	687	1	277	2.05e-142	501
EfmE745_RS14795	44	98.485	264	4	0	424	687	1000	737	7.46e-132	466
EfmE745_RS14795	53	97.222	36	1	0	1	36	69	104	4.11e-10	62.1
EfmE745_RS14800	53	100.000	39	0	0	574	612	1	39	1.69e-13	73.1
EfmE745_RS14800	2	100.000	39	0	0	574	612	82808	82846	1.69e-13	73.1
EfmE745_RS14815	2	98.544	687	10	0	1	687	82876	83562	0.0	1214
EfmE745_RS14815	47	99.732	373	1	0	38	410	373	1	0.0	684
EfmE745_RS14815	23	99.278	277	2	0	411	687	1	277	2.05e-142	501
EfmE745_RS14815	44	98.485	264	4	0	424	687	1000	737	7.46e-132	466
EfmE745_RS14815	53	97.222	36	1	0	1	36	69	104	4.11e-10	62.1
EfmE745_RS14845	21	91.925	161	13	0	66	226	12581	12421	7.78e-60	226
EfmE745_RS14910	22	83.821	513	83	0	12	524	23157	23669	1.33e-138	488
EfmE745_RS14920	2	97.968	689	11	3	1	688	82876	83562	0.0	1192
EfmE745_RS14920	47	99.732	373	1	0	38	410	373	1	0.0	684
EfmE745_RS14920	23	98.566	279	1	3	411	688	1	277	4.44e-139	490
EfmE745_RS14920	44	96.992	266	5	3	424	688	1000	737	3.50e-125	444
EfmE745_RS14920	53	97.222	36	1	0	1	36	69	104	4.12e-10	62.1
EfmE745_RS14955	22	83.788	586	95	0	8	593	23084	23669	3.84e-159	556
EfmE745_RS14995	2	96.012	677	12	9	1	664	82876	83550	0.0	1086
EfmE745_RS14995	47	97.581	372	1	5	35	400	373	4	0.0	630
EfmE745_RS14995	23	98.113	265	2	2	403	664	1	265	1.21e-129	459
EfmE745_RS14995	44	96.825	252	5	2	416	664	1000	749	2.05e-117	418
EfmE745_RS15030	42	75.547	503	117	4	752	1251	640	141	2.53e-64	243
BO233_RS15310	42	75.746	503	116	4	752	1251	640	141	5.44e-66	248
BO233_RS15415	2	98.108	687	13	0	1	687	82876	83562	0.0	1197
BO233_RS15415	47	99.732	373	1	0	38	410	373	1	0.0	684
BO233_RS15415	23	99.639	277	1	0	411	687	1	277	4.40e-144	507
BO233_RS15415	44	98.106	264	5	0	424	687	1000	737	3.47e-130	460
BO233_RS15520	21	91.951	410	33	0	14	423	27452	27861	7.18e-165	575
BO233_RS15560	21	99.484	1163	6	0	1	1163	21773	22935	0.0	2115
BO233_RS15580	21	99.691	1293	4	0	1	1293	20634	19342	0.0	2366
BO233_RS15585	21	100.000	261	0	0	1	261	21168	20908	2.69e-137	483
BO233_RS15590	31	86.658	757	101	0	423	1179	6131	5375	0.0	839
BO233_RS15595	21	99.573	1170	5	0	1	1170	26692	27861	0.0	2134
BO233_RS15600	21	100.000	39	0	0	1282	1320	28224	28186	3.71e-13	73.1
BO233_RS15605	35	100.000	566	0	0	1	566	3513	4078	0.0	1046
BO233_RS16985	35	98.824	85	1	0	1	85	3241	3157	1.78e-37	152
BO233_RS15705	35	99.927	1377	1	0	1	1377	582	1958	0.0	2538
BO233_RS15710	35	100.000	582	0	0	76	657	1	582	0.0	1075
BO233_RS15715	27	99.677	1237	4	0	1	1237	12696	13932	0.0	2263
BO233_RS17155	27	98.969	97	1	0	60	156	12581	12677	1.04e-44	174
BO233_RS15735	27	99.715	351	1	0	1	351	12024	12374	0.0	643
BO233_RS15735	21	100.000	100	0	0	353	452	21579	21678	1.52e-47	185
BO233_RS17160	27	99.715	351	1	0	1	351	11518	11868	0.0	643
BO233_RS17165	27	93.956	182	0	1	1	182	11337	11507	7.12e-72	265
BO233_RS15755	31	87.629	194	24	0	23	216	5568	5375	4.06e-60	226
BO233_RS15795	31	99.405	336	2	0	1	336	2365	2030	3.23e-175	610
BO233_RS15795	31	98.328	299	3	1	383	681	2034	1738	4.33e-149	523
BO233_RS15800	22	90.685	569	53	0	14	582	23102	23670	0.0	758
BO233_RS15850	31	98.813	337	3	1	1	337	2365	2030	7.00e-172	599
BO233_RS15850	31	87.333	300	34	3	384	682	2034	1738	4.68e-94	340
BO233_RS15870	21	93.243	74	5	0	554	627	20868	20795	1.65e-24	110
BO233_RS15915	21	99.484	1163	6	0	1	1163	21773	22935	0.0	2115
BO233_RS15990	35	95.978	1069	42	1	228	1296	3156	2089	0.0	1735
BO233_RS16045	2	98.253	687	12	0	1	687	82876	83562	0.0	1203
BO233_RS16045	47	99.732	373	1	0	38	410	373	1	0.0	684
BO233_RS16045	23	99.278	277	2	0	411	687	1	277	2.05e-142	501
BO233_RS16045	44	97.727	264	6	0	424	687	1000	737	1.62e-128	455
BO233_RS16045	53	97.222	36	1	0	1	36	69	104	4.11e-10	62.1
BO233_RS16050	40	94.757	267	14	0	84	350	423	689	4.30e-117	416
BO233_RS16050	53	100.000	47	0	0	350	396	1	47	3.83e-18	87.9
BO233_RS16050	2	100.000	47	0	0	350	396	82808	82854	3.83e-18	87.9
BO233_RS16055	40	84.588	279	31	11	1	273	66	338	3.08e-72	267
BO233_RS16060	51	97.037	135	4	0	27	161	135	1	1.10e-60	228
BO233_RS16065	38	96.321	897	33	0	1	897	1027	131	0.0	1474
BO233_RS16080	39	100.000	208	0	0	1	208	1017	810	1.42e-107	385
BO233_RS16085	39	100.000	189	0	0	1	189	997	1185	1.99e-97	350
BO233_RS16090	39	100.000	795	0	0	1	795	2087	1293	0.0	1469
BO233_RS16095	39	100.000	281	0	0	263	543	2460	2180	4.43e-148	520
BO233_RS16095	39	100.000	262	0	0	1	262	262	1	1.62e-137	484
BO233_RS16100	39	100.000	554	0	0	356	909	812	259	0.0	1024
BO233_RS16125	44	98.462	260	4	0	2	261	411	152	4.53e-130	459
BO233_RS16125	38	95.019	261	13	0	1	261	1390	1130	1.29e-115	411
BO233_RS17175	38	97.727	132	3	0	1	132	1555	1424	6.46e-61	228
BO233_RS16130	38	99.729	738	2	0	1	738	2297	1560	0.0	1352
BO233_RS16135	38	100.000	84	0	0	1	84	2505	2422	1.79e-39	156
BO233_RS16140	51	100.000	135	0	0	33	167	135	1	3.06e-67	250
BO233_RS16140	38	97.087	103	1	1	168	270	2626	2526	6.82e-44	172
BO233_RS16140	38	100.000	31	0	0	1	31	32	2	1.99e-09	58.4
BO233_RS16140	44	100.000	32	0	0	1	32	32	1	5.54e-10	60.2
BO233_RS16145	44	92.821	390	28	0	1	390	541	152	3.97e-162	566
BO233_RS16145	38	90.000	260	26	0	131	390	1389	1130	3.39e-93	337
BO233_RS16175	21	91.925	161	13	0	66	226	12581	12421	7.78e-60	226
BO233_RS16195	2	98.385	681	11	0	1	681	82882	83562	0.0	1197
BO233_RS16195	47	99.732	373	1	0	32	404	373	1	0.0	684
BO233_RS16195	23	99.639	277	1	0	405	681	1	277	4.36e-144	507
BO233_RS16195	44	98.106	264	5	0	418	681	1000	737	3.44e-130	460
BO233_RS16195	53	100.000	29	0	0	2	30	76	104	6.82e-08	54.7
BO233_RS16300	17	83.574	554	89	2	1	553	12383	12935	2.32e-147	518
BO233_RS16305	17	91.837	147	12	0	1	147	11518	11664	3.43e-54	206
BO233_RS16320	23	98.551	276	4	0	1	276	743	468	6.11e-139	488
BO233_RS16325	23	100.000	267	0	0	1	267	1002	736	1.27e-140	494
BO233_RS16330	23	96.239	585	22	0	1	585	1697	1113	0.0	959
BO233_RS16330	17	84.740	557	70	8	19	563	9212	8659	2.84e-155	544
BO233_RS16335	23	99.281	417	3	0	1	417	2137	1721	0.0	754
BO233_RS16340	23	98.167	491	9	0	1	491	2974	2484	0.0	857
BO233_RS16345	23	98.876	267	3	0	1	267	3273	3007	1.28e-135	477
BO233_RS16355	23	98.773	489	6	0	1	489	4353	3865	0.0	870
BO233_RS16360	23	98.396	561	9	0	199	759	4919	4359	0.0	987
BO233_RS16370	23	97.425	2252	55	3	1	2252	7925	5677	0.0	3834
BO233_RS16375	23	97.627	590	14	0	11	600	8501	7912	0.0	1013
BO233_RS16380	2	98.399	687	11	0	1	687	82876	83562	0.0	1208
BO233_RS16380	47	99.732	373	1	0	38	410	373	1	0.0	684
BO233_RS16380	23	99.639	277	1	0	411	687	1	277	4.40e-144	507
BO233_RS16380	44	98.106	264	5	0	424	687	1000	737	3.47e-130	460
BO233_RS16380	53	97.222	36	1	0	1	36	69	104	4.11e-10	62.1
BO233_RS16455	2	96.804	438	14	0	218	655	83125	83562	0.0	732
BO233_RS16455	2	99.569	232	1	0	1	232	82876	83107	4.34e-119	424
BO233_RS16455	23	99.639	277	1	0	379	655	1	277	4.19e-144	507
BO233_RS16455	44	98.106	264	5	0	392	655	1000	737	3.31e-130	460
BO233_RS16455	47	99.487	195	1	0	38	232	373	179	1.60e-98	355
BO233_RS16455	47	98.710	155	2	0	224	378	155	1	1.28e-74	276
BO233_RS16455	53	97.222	36	1	0	1	36	69	104	3.92e-10	62.1
BO233_RS16460	2	100.000	35	0	0	794	828	83619	83585	3.86e-11	65.8
BO233_RS16460	44	100.000	33	0	0	796	828	682	714	4.99e-10	62.1
BO233_RS16460	23	100.000	32	0	0	797	828	331	300	1.79e-09	60.2
BO233_RS16505	31	99.405	336	2	0	1	336	2365	2030	3.23e-175	610
BO233_RS16505	31	98.328	299	3	1	383	681	2034	1738	4.33e-149	523
BO233_RS16560	2	98.253	687	12	0	1	687	82876	83562	0.0	1203
BO233_RS16560	47	99.732	373	1	0	38	410	373	1	0.0	684
BO233_RS16560	23	99.639	277	1	0	411	687	1	277	4.40e-144	507
BO233_RS16560	44	98.106	264	5	0	424	687	1000	737	3.47e-130	460
BO233_RS16565	44	100.000	51	0	0	1	51	733	683	3.64e-20	95.3
BO233_RS16565	23	100.000	51	0	0	1	51	281	331	3.64e-20	95.3
BO233_RS16565	2	100.000	51	0	0	1	51	83566	83616	3.64e-20	95.3
BO233_RS16635	2	98.253	687	12	0	1	687	82876	83562	0.0	1203
BO233_RS16635	47	99.732	373	1	0	38	410	373	1	0.0	684
BO233_RS16635	23	99.639	277	1	0	411	687	1	277	4.40e-144	507
BO233_RS16635	44	98.106	264	5	0	424	687	1000	737	3.47e-130	460
BO233_RS16705	21	91.925	161	13	0	66	226	12581	12421	7.78e-60	226
BO233_RS16715	2	98.253	687	12	0	1	687	82876	83562	0.0	1203
BO233_RS16715	47	99.732	373	1	0	38	410	373	1	0.0	684
BO233_RS16715	23	99.639	277	1	0	411	687	1	277	4.40e-144	507
BO233_RS16715	44	98.106	264	5	0	424	687	1000	737	3.47e-130	460
BZG32_RS16190	23	100.000	393	0	0	1	393	14681	14289	0.0	726
BZG32_RS16195	23	99.638	276	1	0	1	276	14953	14678	6.06e-144	505
BZG32_RS16200	23	99.034	1035	10	0	1	1035	15977	14943	0.0	1857
BZG32_RS16205	23	99.365	315	2	0	1	315	16284	15970	6.80e-164	571
BZG32_RS16210	23	98.645	369	5	0	1	369	16652	16284	0.0	654
BZG32_RS16215	23	98.867	618	7	0	1	618	17301	16684	0.0	1103
BZG32_RS16220	23	99.135	1272	11	0	1	1272	18575	17304	0.0	2289
BZG32_RS16225	23	98.955	861	9	0	1	861	19461	18601	0.0	1541
BZG32_RS16230	23	97.952	879	18	0	1	879	20359	19481	0.0	1524
BZG32_RS16235	23	99.617	261	1	0	1	261	20630	20370	1.25e-135	477
BZG32_RS16240	23	100.000	385	0	0	1	385	21162	20778	0.0	712
BZG32_RS16245	23	98.319	357	3	1	1	354	21540	21184	2.10e-179	623
BZG32_RS16245	17	96.629	356	9	1	1	353	37821	37466	7.64e-169	588
BZG32_RS16250	17	96.157	2238	75	3	1664	3891	40118	37882	0.0	3646
BZG32_RS16250	23	95.599	2227	98	0	1665	3891	23828	21602	0.0	3570
BZG32_RS16250	9	94.828	2204	114	0	1603	3806	99906	97703	0.0	3439
BZG32_RS16250	9	91.069	795	69	2	1	794	101541	100748	0.0	1074
BZG32_RS16250	34	91.572	795	65	2	1	794	1529	736	0.0	1096
BZG32_RS16255	34	100.000	336	0	0	1	336	2171	1836	7.13e-179	621
BZG32_RS16260	34	96.774	93	2	1	1	93	2491	2400	7.34e-39	154
BZG32_RS16270	9	92.369	1507	100	14	1	1500	103625	102127	0.0	2132
BZG32_RS16270	34	88.232	1589	174	13	1	1581	4512	2929	0.0	1886
BZG32_RS16275	2	98.399	687	11	0	1	687	82876	83562	0.0	1208
BZG32_RS16275	47	99.732	373	1	0	38	410	373	1	0.0	684
BZG32_RS16275	23	99.639	277	1	0	411	687	1	277	4.40e-144	507
BZG32_RS16275	44	98.106	264	5	0	424	687	1000	737	3.47e-130	460
BZG32_RS16275	53	97.222	36	1	0	1	36	69	104	4.11e-10	62.1
BZG32_RS16280	29	96.373	579	21	0	1	579	625	47	0.0	953
BZG32_RS16285	29	97.163	282	8	0	25	306	917	636	1.48e-135	477
BZG32_RS16305	24	76.933	1539	311	38	102	1618	17063	18579	0.0	835
BZG32_RS16315	24	92.877	365	21	5	579	940	16371	16733	1.81e-149	525
BZG32_RS16335	24	87.324	284	36	0	1	284	13850	14133	5.37e-90	326
BZG32_RS16345	24	98.198	111	2	0	1	111	13500	13610	5.38e-51	195
BZG32_RS16355	24	97.721	351	8	0	1	351	12899	13249	7.52e-174	604
BZG32_RS16360	24	98.947	1329	14	0	1	1329	11574	12902	0.0	2377
BZG32_RS16365	24	100.000	303	0	0	1	303	10845	11147	1.41e-160	560
BZG32_RS16370	24	100.000	249	0	0	1	249	10585	10833	1.20e-130	460
BZG32_RS16375	24	100.000	225	0	0	1	225	10339	10563	2.35e-117	416
BZG32_RS16380	24	100.000	288	0	0	1	288	10058	10345	2.91e-152	532
BZG32_RS16385	24	100.000	597	0	0	1	597	9445	10041	0.0	1103
BZG32_RS16430	2	98.399	687	11	0	1	687	82876	83562	0.0	1208
BZG32_RS16430	47	99.732	373	1	0	38	410	373	1	0.0	684
BZG32_RS16430	23	99.639	277	1	0	411	687	1	277	4.40e-144	507
BZG32_RS16430	44	98.106	264	5	0	424	687	1000	737	3.47e-130	460
BZG32_RS16430	53	97.222	36	1	0	1	36	69	104	4.11e-10	62.1
BZG32_RS16470	2	98.399	687	11	0	1	687	82876	83562	0.0	1208
BZG32_RS16470	47	99.732	373	1	0	38	410	373	1	0.0	684
BZG32_RS16470	23	99.639	277	1	0	411	687	1	277	4.40e-144	507
BZG32_RS16470	44	98.106	264	5	0	424	687	1000	737	3.47e-130	460
BZG32_RS16470	53	97.222	36	1	0	1	36	69	104	4.11e-10	62.1
BZG32_RS16485	2	98.399	687	11	0	1	687	82876	83562	0.0	1208
BZG32_RS16485	47	99.732	373	1	0	38	410	373	1	0.0	684
BZG32_RS16485	23	99.639	277	1	0	411	687	1	277	4.40e-144	507
BZG32_RS16485	44	98.106	264	5	0	424	687	1000	737	3.47e-130	460
BZG32_RS16485	53	97.222	36	1	0	1	36	69	104	4.11e-10	62.1
BZG32_RS16515	2	98.399	687	11	0	1	687	82876	83562	0.0	1208
BZG32_RS16515	47	99.732	373	1	0	38	410	373	1	0.0	684
BZG32_RS16515	23	99.639	277	1	0	411	687	1	277	4.40e-144	507
BZG32_RS16515	44	98.106	264	5	0	424	687	1000	737	3.47e-130	460
BZG32_RS16515	53	97.222	36	1	0	1	36	69	104	4.11e-10	62.1
BZG32_RS16520	53	100.000	37	0	0	483	519	1	37	1.84e-12	69.4
BZG32_RS16520	2	100.000	37	0	0	483	519	82808	82844	1.84e-12	69.4
BZG32_RS16550	17	77.117	1311	271	26	2	1296	13172	14469	0.0	732
BZG32_RS16575	23	93.865	489	30	0	1	489	4353	3865	0.0	737
BZG32_RS16600	23	90.782	998	88	4	1	996	7925	6930	0.0	1330
BZG32_RS16600	23	84.129	775	119	3	1419	2192	6460	5689	0.0	747
BZG32_RS16605	23	97.231	2347	63	2	1	2346	10257	7912	0.0	3973
BZG32_RS16610	23	84.583	240	26	6	1	237	10614	10383	1.85e-60	228
BZG32_RS16615	23	99.358	2493	16	0	1	2493	13117	10625	0.0	4516
BZG32_RS16620	23	99.564	459	2	0	1	459	13680	13222	0.0	837
BZG32_RS16660	23	98.621	580	8	0	30	609	17263	16684	0.0	1027
BZG32_RS16665	23	99.187	369	3	0	1	369	16652	16284	0.0	665
BZG32_RS16670	23	100.000	315	0	0	1	315	16284	15970	3.14e-167	582
BZG32_RS16675	23	99.227	1035	8	0	1	1035	15977	14943	0.0	1868
BZG32_RS16680	23	99.638	276	1	0	1	276	14953	14678	6.06e-144	505
BZG32_RS16685	23	100.000	393	0	0	1	393	14681	14289	0.0	726
BZG32_RS16690	23	99.793	483	1	0	1	483	14257	13775	0.0	887
BZG32_RS16695	23	99.782	459	1	0	1	459	13680	13222	0.0	843
BZG32_RS16700	23	99.479	2493	13	0	1	2493	13117	10625	0.0	4532
BZG32_RS16705	23	99.420	345	2	0	1	345	10614	10270	1.58e-180	627
BZG32_RS16710	23	98.764	2346	29	0	1	2346	10257	7912	0.0	4172
BZG32_RS16715	23	97.469	2252	54	3	1	2252	7925	5677	0.0	3840
BZG32_RS16720	23	98.396	561	9	0	199	759	4919	4359	0.0	987
BZG32_RS16725	23	98.773	489	6	0	1	489	4353	3865	0.0	870
BZG32_RS16735	23	98.876	267	3	0	1	267	3273	3007	1.28e-135	477
BZG32_RS16740	23	98.167	491	9	0	1	491	2974	2484	0.0	857
BZG32_RS16745	23	99.281	417	3	0	1	417	2137	1721	0.0	754
BZG32_RS16750	23	96.239	585	22	0	1	585	1697	1113	0.0	959
BZG32_RS16750	17	84.740	557	70	8	19	563	9212	8659	2.84e-155	544
BZG32_RS16755	23	100.000	267	0	0	1	267	1002	736	1.27e-140	494
BZG32_RS16760	23	98.551	276	4	0	1	276	743	468	6.11e-139	488
BZG32_RS16775	17	91.837	147	12	0	1	147	11518	11664	3.43e-54	206
BZG32_RS16780	17	83.574	554	89	2	1	553	12383	12935	2.32e-147	518
BZG32_RS16875	2	98.238	681	12	0	1	681	82882	83562	0.0	1192
BZG32_RS16875	47	99.464	373	2	0	32	404	373	1	0.0	678
BZG32_RS16875	23	99.639	277	1	0	405	681	1	277	4.36e-144	507
BZG32_RS16875	44	98.106	264	5	0	418	681	1000	737	3.44e-130	460
BZG32_RS16875	53	100.000	29	0	0	2	30	76	104	6.82e-08	54.7
BZG32_RS16895	21	91.925	161	13	0	66	226	12581	12421	7.78e-60	226
BZG32_RS16925	44	92.821	390	28	0	1	390	541	152	3.97e-162	566
BZG32_RS16925	38	90.000	260	26	0	131	390	1389	1130	3.39e-93	337
BZG32_RS16930	51	100.000	135	0	0	33	167	135	1	3.06e-67	250
BZG32_RS16930	38	97.087	103	1	1	168	270	2626	2526	6.82e-44	172
BZG32_RS16930	38	100.000	31	0	0	1	31	32	2	1.99e-09	58.4
BZG32_RS16930	44	100.000	32	0	0	1	32	32	1	5.54e-10	60.2
BZG32_RS16935	38	100.000	84	0	0	1	84	2505	2422	1.79e-39	156
BZG32_RS16940	38	99.729	738	2	0	1	738	2297	1560	0.0	1352
BZG32_RS17430	38	97.727	132	3	0	1	132	1555	1424	6.46e-61	228
BZG32_RS16945	44	98.462	260	4	0	2	261	411	152	4.53e-130	459
BZG32_RS16945	38	95.019	261	13	0	1	261	1390	1130	1.29e-115	411
BZG32_RS16970	39	100.000	554	0	0	356	909	812	259	0.0	1024
BZG32_RS16975	39	100.000	281	0	0	263	543	2460	2180	4.43e-148	520
BZG32_RS16975	39	100.000	262	0	0	1	262	262	1	1.62e-137	484
BZG32_RS16980	39	100.000	795	0	0	1	795	2087	1293	0.0	1469
BZG32_RS16985	39	100.000	189	0	0	1	189	997	1185	1.99e-97	350
BZG32_RS16990	39	100.000	208	0	0	1	208	1017	810	1.42e-107	385
BZG32_RS16995	38	96.321	897	33	0	1	897	1027	131	0.0	1474
BZG32_RS17000	51	97.037	135	4	0	27	161	135	1	1.10e-60	228
BZG32_RS17005	40	83.333	258	31	11	1	252	66	317	1.45e-60	228
BZG32_RS17010	2	98.253	687	12	0	1	687	82876	83562	0.0	1203
BZG32_RS17010	47	99.464	373	2	0	38	410	373	1	0.0	678
BZG32_RS17010	23	99.639	277	1	0	411	687	1	277	4.40e-144	507
BZG32_RS17010	44	98.106	264	5	0	424	687	1000	737	3.47e-130	460
BZG32_RS17010	53	97.222	36	1	0	1	36	69	104	4.11e-10	62.1
BZG32_RS17025	24	96.716	944	30	1	1	943	15790	16733	0.0	1570
BZG32_RS17030	24	99.720	357	1	0	1	357	15175	15531	0.0	654
BZG32_RS17035	24	99.489	783	4	0	1	783	14400	15182	0.0	1424
BZG32_RS17040	24	97.980	297	6	0	1	297	13850	14146	3.03e-147	516
BZG32_RS17060	2	98.220	618	11	0	1	618	82876	83493	0.0	1081
BZG32_RS17060	47	99.464	373	2	0	38	410	373	1	0.0	678
BZG32_RS17060	23	100.000	208	0	0	411	618	1	208	2.04e-107	385
BZG32_RS17060	44	97.949	195	4	0	424	618	1000	806	1.61e-93	339
BZG32_RS17060	53	97.222	36	1	0	1	36	69	104	3.91e-10	62.1
YBT1520_RS30450	6	95.946	74	3	0	1	74	155960	155887	5.54e-29	121
YBT1520_RS30450	1	89.189	74	8	0	1	74	30609	30536	1.21e-20	93.5
BTK_RS33765	6	95.946	74	3	0	1	74	155960	155887	5.54e-29	121
BTK_RS33765	1	89.189	74	8	0	1	74	30609	30536	1.21e-20	93.5
DF16_RS31850	6	95.946	74	3	0	1	74	155960	155887	5.54e-29	121
DF16_RS31850	1	89.189	74	8	0	1	74	30609	30536	1.21e-20	93.5
BMT03_RS13330	2	97.380	687	12	3	1	681	82876	83562	0.0	1164
BMT03_RS13330	47	99.727	366	1	0	38	403	373	8	0.0	671
BMT03_RS13330	23	98.556	277	4	0	405	681	1	277	4.39e-139	490
BMT03_RS13330	44	97.407	270	7	0	412	681	1006	737	3.44e-130	460
BMT03_RS13330	53	97.222	36	1	0	1	36	69	104	4.08e-10	62.1
BMT03_RS13375	2	98.390	497	8	0	1	497	82876	83372	0.0	874
BMT03_RS13375	47	99.464	373	2	0	38	410	373	1	0.0	678
BMT03_RS13375	23	100.000	87	0	0	411	497	1	87	2.82e-40	161
BMT03_RS13375	44	98.649	74	1	0	424	497	1000	927	2.21e-31	132
BMT03_RS13375	53	97.222	36	1	0	1	36	69	104	2.95e-10	62.1
BMT03_RS13400	44	98.947	95	1	0	1	95	831	737	7.49e-44	171
BMT03_RS13400	2	98.947	95	1	0	1	95	83468	83562	7.49e-44	171
BMT03_RS13400	23	98.925	93	1	0	3	95	185	277	9.69e-43	167
BMT03_RS13405	2	96.311	244	9	0	1	244	83224	83467	7.19e-113	401
BMT03_RS13405	23	98.352	182	3	0	63	244	1	182	2.07e-88	320
BMT03_RS13405	44	96.571	175	6	0	70	244	1006	832	1.62e-79	291
BMT03_RS13405	47	100.000	62	0	0	1	62	62	1	1.05e-26	115
BMT03_RS13430	44	99.060	532	5	0	1614	2145	683	152	0.0	955
BMT03_RS13430	38	94.231	260	15	0	1886	2145	1389	1130	8.81e-111	398
BMT03_RS13435	38	97.770	897	20	0	1	897	1027	131	0.0	1546
BMT03_RS13440	51	97.037	135	4	0	33	167	135	1	1.13e-60	228
BMT03_RS13440	38	100.000	32	0	0	1	32	32	1	4.36e-10	60.2
BMT03_RS13440	44	100.000	31	0	0	1	31	32	2	1.57e-09	58.4
BMT03_RS13445	40	83.154	279	35	11	1	273	66	338	1.44e-65	244
BMT03_RS13450	40	96.159	781	30	0	84	864	423	1203	0.0	1277
BMT03_RS13475	2	99.512	410	2	0	1	410	82876	83285	0.0	747
BMT03_RS13475	2	97.070	273	8	0	515	787	83290	83562	3.99e-130	460
BMT03_RS13475	47	99.732	373	1	0	38	410	373	1	0.0	684
BMT03_RS13475	23	99.635	274	1	0	514	787	4	277	2.35e-142	501
BMT03_RS13475	44	98.106	264	5	0	524	787	1000	737	3.99e-130	460
BMT03_RS13495	22	90.686	612	57	0	4	615	23059	23670	0.0	815
BMT03_RS13570	2	99.697	330	1	0	1	330	82876	83205	1.73e-173	604
BMT03_RS13570	2	95.238	357	11	1	431	781	83206	83562	3.80e-160	560
BMT03_RS13570	47	99.659	293	1	0	38	330	373	81	6.40e-153	536
BMT03_RS13570	47	98.630	73	1	0	431	503	80	8	1.27e-30	130
BMT03_RS13570	23	98.195	277	5	0	505	781	1	277	2.35e-137	484
BMT03_RS13570	44	97.778	270	6	0	512	781	1006	737	8.52e-132	466
BMT03_RS13570	53	97.222	36	1	0	1	36	69	104	4.70e-10	62.1
BMT03_RS13655	31	96.875	64	2	0	7	70	2730	2667	3.60e-24	108
BMT03_RS13660	31	96.679	271	9	0	3	273	2671	2941	7.92e-128	451
BMT03_RS13670	31	94.488	127	7	0	10	136	2750	2876	2.41e-51	196
BMT03_RS13670	44	100.000	35	0	0	134	168	680	714	7.08e-12	65.8
BMT03_RS13670	2	100.000	33	0	0	136	168	83617	83585	9.16e-11	62.1
BMT03_RS13670	23	100.000	32	0	0	137	168	331	300	3.29e-10	60.2
BMT03_RS13675	2	99.467	375	2	0	1	375	82876	83250	0.0	682
BMT03_RS13675	2	96.795	312	10	0	476	787	83251	83562	1.81e-148	521
BMT03_RS13675	47	99.704	338	1	0	38	375	373	36	6.23e-178	619
BMT03_RS13675	47	100.000	35	0	0	476	510	35	1	3.66e-11	65.8
BMT03_RS13675	23	99.639	277	1	0	511	787	1	277	5.06e-144	507
BMT03_RS13675	44	98.106	264	5	0	524	787	1000	737	3.99e-130	460
BMT03_RS13690	8	78.983	1946	386	22	1	1935	34010	35943	0.0	1306
BMT03_RS13695	8	84.524	168	26	0	1	168	36067	36234	1.89e-42	167
BMT03_RS13700	2	97.361	341	9	0	339	679	83222	83562	2.52e-166	580
BMT03_RS13700	23	98.556	277	4	0	403	679	1	277	4.38e-139	490
BMT03_RS13700	44	97.778	270	6	0	410	679	1006	737	7.37e-132	466
BMT03_RS13700	47	100.000	64	0	0	339	402	64	1	2.38e-27	119
BJD88_RS16230	31	99.405	336	2	0	1	336	2365	2030	3.23e-175	610
BJD88_RS16230	31	97.993	299	4	1	383	681	2034	1738	2.01e-147	518
BJD88_RS16305	31	99.405	336	2	0	1	336	2365	2030	3.23e-175	610
BJD88_RS16305	31	98.328	299	3	1	383	681	2034	1738	4.33e-149	523
BJD88_RS16310	31	100.000	42	0	0	430	471	2438	2397	2.76e-15	78.7
lsr_RS10025	2	97.063	681	15	2	1	676	82882	83562	0.0	1142
lsr_RS10025	47	97.855	373	4	1	32	400	373	1	0.0	641
lsr_RS10025	23	98.195	277	5	0	400	676	1	277	2.03e-137	484
lsr_RS10025	44	97.348	264	7	0	413	676	1000	737	7.39e-127	449
lsr_RS10025	53	100.000	29	0	0	2	30	76	104	6.77e-08	54.7
lsr_RS09125	3	73.316	1143	269	33	280	1404	109188	108064	3.45e-108	388
XI92_RS31140	6	95.946	74	3	0	1	74	155960	155887	5.54e-29	121
XI92_RS31140	1	89.189	74	8	0	1	74	30609	30536	1.21e-20	93.5
A3L20_RS29495	6	93.243	74	5	0	1	74	155960	155887	1.20e-25	110
A3L20_RS29975	17	100.000	28	0	0	457	484	17974	17947	4.48e-07	52.8
AXW78_RS27290	6	95.946	74	3	0	1	74	155960	155887	5.54e-29	121
AXW78_RS27290	1	89.189	74	8	0	1	74	30609	30536	1.21e-20	93.5
AXW78_RS27675	18	82.468	154	26	1	1	153	4555	4708	2.38e-32	134
AXW78_RS28175	18	80.110	181	32	3	1	179	4555	4733	8.56e-32	132
AXW78_RS34120	13	86.111	108	14	1	37	143	24423	24530	6.23e-27	115
A6P53_RS12985	2	98.544	687	10	0	1	687	82876	83562	0.0	1214
A6P53_RS12985	47	99.732	373	1	0	38	410	373	1	0.0	684
A6P53_RS12985	23	99.278	277	2	0	411	687	1	277	2.05e-142	501
A6P53_RS12985	44	98.485	264	4	0	424	687	1000	737	7.46e-132	466
A6P53_RS12985	53	97.222	36	1	0	1	36	69	104	4.11e-10	62.1
A6P53_RS12990	8	85.521	739	99	3	1	732	30984	31721	0.0	765
A6P53_RS12995	8	99.501	1002	5	0	1	1002	31718	32719	0.0	1823
A6P53_RS13000	8	99.786	933	2	0	1	933	32716	33648	0.0	1712
A6P53_RS13545	8	100.000	87	0	0	1	87	33923	34009	4.03e-41	161
A6P53_RS13005	8	96.458	1920	68	0	1	1920	34025	35944	0.0	3169
A6P53_RS13020	2	98.399	687	11	0	1	687	82876	83562	0.0	1208
A6P53_RS13020	47	99.732	373	1	0	38	410	373	1	0.0	684
A6P53_RS13020	23	99.639	277	1	0	411	687	1	277	4.40e-144	507
A6P53_RS13020	44	98.106	264	5	0	424	687	1000	737	3.47e-130	460
A6P53_RS13020	53	97.222	36	1	0	1	36	69	104	4.11e-10	62.1
A6P53_RS13700	38	99.057	106	1	0	1	106	1555	1450	6.96e-50	191
A6P53_RS13025	38	99.864	738	1	0	1	738	2297	1560	0.0	1358
A6P53_RS13030	38	100.000	84	0	0	1	84	2505	2422	1.79e-39	156
A6P53_RS13555	38	100.000	101	0	0	18	118	2626	2526	9.69e-49	187
A6P53_RS13105	42	75.723	519	118	6	752	1267	640	127	1.18e-67	254
BCM43_RS27650	6	95.946	74	3	0	1	74	155960	155887	5.54e-29	121
BCM43_RS27650	1	89.189	74	8	0	1	74	30609	30536	1.21e-20	93.5
BCM43_RS30205	5	82.913	913	154	2	1	912	72486	73397	0.0	821
BCM43_RS30210	5	79.130	805	163	4	1	801	71660	72463	2.35e-157	551
BHF65_RS08665	3	73.689	1087	254	28	334	1404	109134	108064	7.42e-110	394
BHF65_RS09355	2	96.244	213	4	1	1	209	82882	83094	2.88e-96	346
BHF65_RS09355	47	96.154	182	3	1	32	209	373	192	1.06e-80	294
BHF65_RS10380	8	100.000	87	0	0	1	87	33923	34009	4.03e-41	161
BHF65_RS09950	8	95.431	1926	82	2	1	1926	34025	35944	0.0	3064
BTW26_RS10360	8	92.142	1158	91	0	1	1158	34787	35944	0.0	1635
BTW26_RS10370	38	100.000	84	0	0	1	84	2505	2422	1.79e-39	156
BTW26_RS10375	38	99.322	738	5	0	1	738	2297	1560	0.0	1336
BTW26_RS10705	31	99.107	336	3	0	1	336	2365	2030	1.50e-173	604
BTW26_RS10705	31	97.993	299	4	1	383	681	2034	1738	2.01e-147	518
BTW26_RS10740	2	97.817	687	15	0	1	687	82876	83562	0.0	1186
BTW26_RS10740	47	99.196	373	3	0	38	410	373	1	0.0	673
BTW26_RS10740	23	99.278	277	2	0	411	687	1	277	2.05e-142	501
BTW26_RS10740	44	97.727	264	6	0	424	687	1000	737	1.62e-128	455
BCR16_RS21910	41	79.501	1322	224	37	246	1541	1368	68	0.0	896
BCR16_RS21925	36	80.642	1028	175	19	1760	2771	1345	326	0.0	774
BCR16_RS21925	36	75.862	1044	220	31	377	1401	2718	1688	2.45e-142	503
B5V46_RS19130	41	79.836	1339	192	45	194	1471	1385	64	0.0	905
B5V46_RS19135	6	92.857	56	4	0	8	63	154786	154731	2.76e-17	82.4
B5V46_RS19135	6	92.857	56	4	0	8	63	155453	155398	2.76e-17	82.4
B5V46_RS19145	36	80.138	1017	173	21	1757	2754	1345	339	0.0	732
B5V46_RS19145	36	73.448	757	164	33	398	1135	2718	1980	3.50e-66	250
GAG93_RS00065	8	89.222	167	18	0	2	168	36068	36234	3.09e-55	209
GAG93_RS00070	8	93.854	1920	118	0	1	1920	34025	35944	0.0	2892
GAG93_RS00075	8	96.552	87	3	0	1	87	33923	34009	4.06e-36	145
GAG93_RS00080	8	96.368	468	17	0	1	468	33181	33648	0.0	771
DNL43_RS11675	31	99.405	336	1	1	1	335	2365	2030	1.16e-174	608
DNL43_RS11675	31	98.328	299	3	1	382	680	2034	1738	4.32e-149	523
KvSKV_RS14295	41	80.287	1324	195	42	201	1467	1378	64	0.0	939
KvSKV_RS14305	6	94.643	56	3	0	8	63	154786	154731	5.92e-19	87.9
KvSKV_RS14305	6	94.643	56	3	0	8	63	155453	155398	5.92e-19	87.9
KvSKV_RS14310	36	79.028	1173	199	31	1582	2732	1486	339	0.0	760
KvSKV_RS14310	36	75.199	754	157	29	401	1139	2718	1980	4.34e-90	329
BES08_RS21710	36	79.397	1029	177	26	1691	2699	1346	333	0.0	693
BES08_RS21710	36	73.794	1057	226	43	408	1442	2719	1692	2.51e-102	370
BES08_RS21725	41	80.821	1340	201	39	193	1493	1385	63	0.0	1000
BES08_RS23770	41	80.821	1340	201	39	193	1493	1385	63	0.0	1000
BES08_RS23785	36	79.397	1029	177	26	1691	2699	1346	333	0.0	693
BES08_RS23785	36	73.794	1057	226	43	408	1442	2719	1692	2.51e-102	370
HMPREF0669_RS08910	41	75.337	1334	249	64	251	1535	1368	66	4.52e-162	568
HMPREF0669_RS08925	36	83.122	551	89	4	2253	2802	879	332	3.18e-141	499
HMPREF0669_RS08925	36	83.011	465	64	11	1644	2105	1488	1036	1.98e-113	407
HMPREF0669_RS08925	36	73.418	1185	239	66	4	1150	3123	1977	2.01e-103	374
B0D73_RS00020	39	100.000	795	0	0	1	795	2087	1293	0.0	1469
B0D73_RS09760	39	98.693	153	1	1	1	153	1034	1185	1.26e-73	270
JU62_RS15295	2	98.399	687	11	0	1	687	82876	83562	0.0	1208
JU62_RS15295	47	99.732	373	1	0	38	410	373	1	0.0	684
JU62_RS15295	23	99.639	277	1	0	411	687	1	277	4.40e-144	507
JU62_RS15295	44	98.106	264	5	0	424	687	1000	737	3.47e-130	460
JU62_RS15295	53	97.222	36	1	0	1	36	69	104	4.11e-10	62.1
JU62_RS15300	2	100.000	39	0	0	238	276	82806	82844	7.29e-14	73.1
JU62_RS15300	53	100.000	37	0	0	240	276	1	37	9.43e-13	69.4
JU62_RS15340	2	98.399	687	11	0	1	687	82876	83562	0.0	1208
JU62_RS15340	47	99.732	373	1	0	38	410	373	1	0.0	684
JU62_RS15340	23	99.639	277	1	0	411	687	1	277	4.40e-144	507
JU62_RS15340	44	98.106	264	5	0	424	687	1000	737	3.47e-130	460
JU62_RS15340	53	97.222	36	1	0	1	36	69	104	4.11e-10	62.1
ABY78_RS15235	31	100.000	74	0	0	431	504	2438	2365	4.83e-33	137
ABY78_RS15240	31	99.702	336	1	0	1	336	2365	2030	6.94e-177	616
ABY78_RS15240	31	98.328	299	3	1	383	681	2034	1738	4.33e-149	523
ABY78_RS15245	31	98.039	51	1	0	1	51	1734	1684	3.86e-18	89.8
ABY78_RS15320	2	82.589	672	115	2	1	671	82882	83552	1.17e-169	592
ABY78_RS15320	23	83.696	276	45	0	406	681	2	277	3.75e-70	261
ABY78_RS15320	44	84.030	263	42	0	412	674	1006	744	6.27e-68	254
AZI11_RS14260	6	97.297	74	2	0	1	74	155960	155887	1.19e-30	126
RMET_RS18800	41	79.198	1322	234	31	242	1540	1368	65	0.0	880
RMET_RS18815	36	80.078	1029	179	21	1760	2771	1345	326	0.0	741
RMET_RS18815	36	75.908	1046	216	34	377	1401	2718	1688	2.45e-142	503
RMET_RS20310	41	79.198	1322	234	31	242	1540	1368	65	0.0	880
RMET_RS20325	36	80.175	1029	178	21	1760	2771	1345	326	0.0	747
RMET_RS20325	36	75.908	1046	216	34	377	1401	2718	1688	2.45e-142	503
CHA6605_RS30025	8	97.059	34	0	1	1124	1156	127796	127829	4.04e-08	56.5
GPK32_RS01270	31	99.405	336	2	0	1	336	2365	2030	3.23e-175	610
GPK32_RS01270	31	98.328	299	3	1	383	681	2034	1738	4.33e-149	523
B2J90_RS28865	6	95.946	74	3	0	1	74	155960	155887	5.54e-29	121
GE376_RS29365	18	80.769	182	29	5	1	179	4555	4733	1.84e-33	137
GE376_RS29915	6	94.595	74	4	0	1	74	155960	155887	2.58e-27	115
GE376_RS29915	1	87.838	74	9	0	1	74	30609	30536	5.62e-19	87.9
GE376_RS31085	5	79.404	806	159	6	1	801	71660	72463	1.08e-160	562
GE376_RS31090	5	83.151	914	150	4	1	912	72486	73397	0.0	832
S100424_RS10305	31	99.107	336	3	0	1	336	2365	2030	1.50e-173	604
S100424_RS10305	31	96.990	299	7	1	383	681	2034	1738	2.03e-142	501
S100313_RS10350	31	99.107	336	3	0	1	336	2365	2030	1.50e-173	604
S100313_RS10350	31	96.990	299	7	1	383	681	2034	1738	2.03e-142	501
DGEO_RS00045	41	78.149	1318	243	38	227	1512	1369	65	0.0	797
DGEO_RS00050	36	81.579	1178	181	30	1624	2778	1489	325	0.0	941
DGEO_RS00050	36	84.348	115	18	0	171	285	2937	2823	4.82e-25	113
BTI247_RS30975	6	95.946	74	3	0	1	74	155960	155887	5.54e-29	121
BTG_RS32805	6	98.649	74	1	0	1	74	155960	155887	2.56e-32	132
ABE85_RS26640	41	79.195	1317	242	26	240	1537	1368	65	0.0	885
ABE85_RS26655	36	79.412	1020	181	22	1767	2767	1342	333	0.0	693
BSR25_RS12535	31	95.122	123	4	1	1	123	1858	1738	2.19e-50	193
BSR25_RS12585	31	90.746	335	31	0	1	335	2365	2031	2.68e-126	448
BSR25_RS12585	31	91.549	284	22	1	397	680	2020	1739	4.58e-109	390
BSR25_RS12810	31	99.405	336	2	0	1	336	2365	2030	3.23e-175	610
BSR25_RS12810	31	97.993	299	4	1	383	681	2034	1738	2.01e-147	518
BSR25_RS12845	31	99.405	336	2	0	1	336	2365	2030	3.23e-175	610
BSR25_RS12845	31	98.328	299	3	1	383	681	2034	1738	4.33e-149	523
BSR25_RS12865	31	97.895	285	4	1	106	390	2020	1738	6.83e-140	492
S101189_RS10360	31	99.107	336	3	0	1	336	2365	2030	1.50e-173	604
S101189_RS10360	31	96.990	299	7	1	383	681	2034	1738	2.03e-142	501
AM408_RS26690	38	99.057	106	1	0	1	106	1555	1450	6.96e-50	191
AM408_RS25805	38	99.729	738	2	0	1	738	2297	1560	0.0	1352
AM408_RS25810	38	97.222	72	2	0	25	96	2493	2422	2.16e-29	122
S100194_RS00135	5	70.815	675	180	15	16	680	15506	14839	4.84e-33	139
S100194_RS00165	2	76.618	680	151	7	1	676	82882	83557	2.15e-102	368
S100194_RS00165	47	79.730	370	71	3	37	404	368	1	2.90e-71	265
S100194_RS00165	31	79.932	294	49	9	391	680	2026	1739	4.95e-54	207
BA204_RS29435	5	79.529	806	158	6	1	801	71660	72463	2.33e-162	568
BT246_RS30330	42	76.134	595	134	7	667	1257	731	141	3.20e-83	305
BT246_RS33775	6	95.946	74	3	0	1	74	155960	155887	5.54e-29	121
BT246_RS33825	42	77.885	416	92	0	842	1257	556	141	2.52e-69	259
BT246_RS34810	6	94.595	74	4	0	1	74	155960	155887	2.58e-27	115
CE141_RS25560	8	99.383	324	2	0	1	324	33325	33648	6.96e-169	588
CE141_RS25565	8	100.000	87	0	0	1	87	33923	34009	4.03e-41	161
CE141_RS25570	8	94.271	1920	110	0	1	1920	34025	35944	0.0	2937
RSSE_RS23345	41	79.501	1322	224	37	246	1541	1368	68	0.0	896
RSSE_RS23360	36	80.642	1028	175	19	1760	2771	1345	326	0.0	774
RSSE_RS23360	36	75.862	1044	220	31	377	1401	2718	1688	2.45e-142	503
F6P96_RS22530	8	83.333	336	39	13	1	323	34577	34908	1.70e-80	294
F6P96_RS22535	8	91.266	229	20	0	1	229	35318	35546	4.08e-86	313
F6P96_RS22540	8	94.762	210	11	0	1	210	35717	35926	1.36e-90	327
F6P96_RS22545	8	89.222	167	18	0	2	168	36068	36234	3.09e-55	209
F4W66_RS24615	36	71.776	411	82	29	2255	2649	751	359	1.02e-16	86.1
B6S01_RS18300	36	80.329	1032	172	24	1694	2707	1346	328	0.0	752
B6S01_RS18300	36	75.122	820	163	35	404	1204	2727	1930	4.24e-95	346
B6S01_RS18310	6	88.889	63	7	0	1	63	154793	154731	3.56e-16	78.7
B6S01_RS18310	6	88.889	63	7	0	1	63	155460	155398	3.56e-16	78.7
B6S01_RS18315	41	81.170	1333	207	29	195	1493	1385	63	0.0	1031
F6P93_RS23245	8	96.552	87	3	0	1	87	33923	34009	4.06e-36	145
F6P93_RS23250	8	85.303	1912	144	93	1	1810	34025	35901	0.0	1847
F6P93_RS23255	8	90.152	132	12	1	1	131	36103	36234	1.09e-43	171
F6P93_RS24355	8	89.222	167	18	0	2	168	36068	36234	3.09e-55	209
F6P93_RS24360	8	93.854	1920	118	0	1	1920	34025	35944	0.0	2892
F6P93_RS24365	8	96.552	87	3	0	1	87	33923	34009	4.06e-36	145
F6P93_RS24370	8	96.368	468	17	0	1	468	33181	33648	0.0	771
SULPSESMR1_RS20295	36	80.334	1017	171	21	1729	2726	1345	339	0.0	743
SULPSESMR1_RS20295	36	73.529	850	177	41	400	1225	2718	1893	4.42e-75	279
SULPSESMR1_RS20300	52	90.411	73	7	0	1	73	97	25	9.67e-22	97.1
SULPSESMR1_RS20300	6	90.411	73	7	0	1	73	156150	156078	9.67e-22	97.1
SULPSESMR1_RS20305	6	92.857	56	4	0	8	63	154786	154731	2.76e-17	82.4
SULPSESMR1_RS20305	6	92.857	56	4	0	8	63	155453	155398	2.76e-17	82.4
SULPSESMR1_RS20310	41	79.573	1312	205	36	212	1467	1368	64	0.0	880
CMR01_RS15395	21	74.150	1323	307	31	37	1341	18686	17381	1.46e-146	516
CNX66_RS14000	42	75.746	503	116	4	752	1251	640	141	5.44e-66	248
CNX66_RS14160	42	75.746	503	116	4	752	1251	640	141	5.44e-66	248
CNX66_RS14270	31	86.658	757	101	0	423	1179	6131	5375	0.0	839
CNX66_RS14285	3	76.746	1217	277	6	28	1241	324012	322799	0.0	675
CNX66_RS14325	27	91.549	213	18	0	7	219	9649	9437	1.12e-80	294
CNX66_RS14325	31	85.380	171	23	2	1	170	5581	5412	4.22e-45	176
CNX66_RS14340	2	96.145	441	14	1	218	658	83125	83562	0.0	717
CNX66_RS14340	2	99.569	232	1	0	1	232	82876	83107	4.36e-119	424
CNX66_RS14340	23	98.571	280	1	1	379	658	1	277	1.18e-139	492
CNX66_RS14340	44	97.004	267	5	1	392	658	1000	737	9.30e-126	446
CNX66_RS14340	47	99.487	195	1	0	38	232	373	179	1.61e-98	355
CNX66_RS14340	47	98.710	155	2	0	224	378	155	1	1.29e-74	276
CNX66_RS14340	53	97.222	36	1	0	1	36	69	104	3.94e-10	62.1
CNX66_RS14390	22	82.339	821	141	4	1	819	20706	21524	0.0	710
CNX66_RS14395	22	80.615	650	120	6	37	683	20514	19868	2.66e-141	497
CNX66_RS14400	22	81.921	1510	259	14	1	1503	19850	18348	0.0	1264
CNX66_RS14410	21	99.484	1163	6	0	1	1163	21773	22935	0.0	2115
CNX66_RS14475	21	99.484	1163	6	0	1	1163	21773	22935	0.0	2115
CNX66_RS14480	21	99.691	1293	4	0	1	1293	20634	19342	0.0	2366
CNX66_RS14485	21	100.000	261	0	0	1	261	21168	20908	2.69e-137	483
CNX66_RS14490	31	86.658	757	101	0	423	1179	6131	5375	0.0	839
CNX66_RS14500	21	99.495	396	2	0	1	396	23878	23483	0.0	721
CNX66_RS14505	21	99.647	849	3	0	1	849	24739	23891	0.0	1552
CNX66_RS14510	21	100.000	828	0	0	1	828	25581	24754	0.0	1530
CNX66_RS14515	21	99.764	846	2	0	1	846	26438	25593	0.0	1552
CNX66_RS14520	21	99.588	486	2	0	1	486	26692	27177	0.0	887
CNX66_RS14555	21	99.425	696	3	1	1	696	27167	27861	0.0	1262
CNX66_RS14560	2	98.399	687	11	0	1	687	82876	83562	0.0	1208
CNX66_RS14560	47	99.732	373	1	0	38	410	373	1	0.0	684
CNX66_RS14560	23	98.917	277	3	0	411	687	1	277	9.52e-141	496
CNX66_RS14560	44	98.106	264	5	0	424	687	1000	737	3.47e-130	460
CNX66_RS14560	53	97.222	36	1	0	1	36	69	104	4.11e-10	62.1
CNX66_RS14590	23	98.305	177	3	0	1	177	101	277	8.74e-86	311
CNX66_RS14590	44	97.740	177	4	0	1	177	913	737	4.07e-84	305
CNX66_RS14590	2	97.740	177	4	0	1	177	83386	83562	4.07e-84	305
CNX66_RS14610	31	99.702	336	1	0	1	336	2365	2030	6.94e-177	616
CNX66_RS14610	31	98.328	299	3	1	383	681	2034	1738	4.33e-149	523
CNX66_RS14615	2	97.082	377	11	0	5	381	83186	83562	0.0	636
CNX66_RS14615	23	99.278	277	2	0	105	381	1	277	1.11e-142	501
CNX66_RS14615	44	97.727	264	6	0	118	381	1000	737	8.75e-129	455
CNX66_RS14615	47	100.000	100	0	0	5	104	100	1	1.27e-47	185
CNX66_RS15865	31	100.000	74	0	0	2	75	2438	2365	5.60e-34	137
CNX66_RS14625	31	99.702	336	1	0	1	336	2365	2030	6.94e-177	616
CNX66_RS14625	31	98.328	299	3	1	383	681	2034	1738	4.33e-149	523
CNX66_RS14650	21	91.925	161	13	0	66	226	12581	12421	7.76e-60	226
CNX66_RS14670	2	98.238	681	12	0	1	681	82882	83562	0.0	1192
CNX66_RS14670	47	99.464	373	2	0	32	404	373	1	0.0	678
CNX66_RS14670	23	99.639	277	1	0	405	681	1	277	4.36e-144	507
CNX66_RS14670	44	98.106	264	5	0	418	681	1000	737	3.44e-130	460
CNX66_RS14670	53	100.000	29	0	0	2	30	76	104	6.82e-08	54.7
CNX66_RS14675	21	100.000	39	0	0	1282	1320	28224	28186	3.71e-13	73.1
CNX66_RS14680	35	100.000	566	0	0	1	566	3513	4078	0.0	1046
CNX66_RS14690	35	98.824	85	1	0	1	85	3241	3157	4.47e-37	152
CNX66_RS14695	9	80.039	1538	296	10	33	1566	82096	83626	0.0	1129
CNX66_RS14820	35	98.824	85	1	0	1	85	3241	3157	4.47e-37	152
CNX66_RS14880	21	89.243	1097	118	0	1	1097	20634	19538	0.0	1373
CNX66_RS14885	35	99.927	1377	1	0	1	1377	582	1958	0.0	2538
CNX66_RS14890	35	100.000	582	0	0	76	657	1	582	0.0	1075
CNX66_RS14895	27	99.677	1237	4	0	1	1237	12696	13932	0.0	2263
CNX66_RS14900	27	98.969	97	1	0	60	156	12581	12677	1.04e-44	174
CNX66_RS14910	27	99.715	351	1	0	1	351	12024	12374	0.0	643
CNX66_RS14910	21	99.000	100	1	0	351	450	21579	21678	7.02e-46	180
CNX66_RS14915	27	99.715	351	1	0	1	351	11518	11868	0.0	643
CNX66_RS14920	27	93.956	182	0	1	1	182	11337	11507	7.12e-72	265
CNX66_RS14930	2	98.108	687	13	0	1	687	82876	83562	0.0	1197
CNX66_RS14930	47	99.464	373	2	0	38	410	373	1	0.0	678
CNX66_RS14930	23	99.639	277	1	0	411	687	1	277	4.40e-144	507
CNX66_RS14930	44	98.106	264	5	0	424	687	1000	737	3.47e-130	460
CNX66_RS15050	42	75.746	503	116	4	752	1251	640	141	5.44e-66	248
CNX66_RS15235	42	75.746	503	116	4	752	1251	640	141	5.44e-66	248
CNX66_RS15330	22	83.788	586	95	0	8	593	23084	23669	3.84e-159	556
CNX66_RS15870	44	97.260	73	2	0	3	75	809	737	4.36e-30	124
CNX66_RS15870	23	97.260	73	2	0	3	75	205	277	4.36e-30	124
CNX66_RS15870	2	97.260	73	2	0	3	75	83490	83562	4.36e-30	124
CNX66_RS15365	2	98.405	627	10	0	1	627	82876	83502	0.0	1103
CNX66_RS15365	47	99.732	373	1	0	38	410	373	1	0.0	684
CNX66_RS15365	23	100.000	216	0	0	411	626	1	216	7.61e-112	399
CNX66_RS15365	44	97.585	207	5	0	424	630	1000	794	1.67e-98	355
CNX66_RS15365	53	97.222	36	1	0	1	36	69	104	4.08e-10	62.1
CNX66_RS15405	2	98.399	687	11	0	1	687	82876	83562	0.0	1208
CNX66_RS15405	47	99.732	373	1	0	38	410	373	1	0.0	684
CNX66_RS15405	23	99.639	277	1	0	411	687	1	277	4.40e-144	507
CNX66_RS15405	44	98.106	264	5	0	424	687	1000	737	3.47e-130	460
CNX66_RS15405	53	97.222	36	1	0	1	36	69	104	4.11e-10	62.1
CNX66_RS15435	21	99.536	1293	6	0	1	1293	20634	19342	0.0	2355
CNX66_RS15445	21	99.312	1163	8	0	1	1163	21773	22935	0.0	2104
CNX66_RS15490	31	86.922	757	99	0	423	1179	6131	5375	0.0	850
CNX66_RS15525	2	98.399	687	11	0	1	687	82876	83562	0.0	1208
CNX66_RS15525	47	99.732	373	1	0	38	410	373	1	0.0	684
CNX66_RS15525	23	99.639	277	1	0	411	687	1	277	4.40e-144	507
CNX66_RS15525	44	98.106	264	5	0	424	687	1000	737	3.47e-130	460
CNX66_RS15525	53	97.222	36	1	0	1	36	69	104	4.11e-10	62.1
CNX66_RS15555	2	98.399	687	11	0	1	687	82876	83562	0.0	1208
CNX66_RS15555	47	99.732	373	1	0	38	410	373	1	0.0	684
CNX66_RS15555	23	99.639	277	1	0	411	687	1	277	4.40e-144	507
CNX66_RS15555	44	98.106	264	5	0	424	687	1000	737	3.47e-130	460
CNX66_RS15555	53	97.222	36	1	0	1	36	69	104	4.11e-10	62.1
CNX66_RS15565	2	98.399	687	11	0	1	687	82876	83562	0.0	1208
CNX66_RS15565	47	99.732	373	1	0	38	410	373	1	0.0	684
CNX66_RS15565	23	99.639	277	1	0	411	687	1	277	4.40e-144	507
CNX66_RS15565	44	98.106	264	5	0	424	687	1000	737	3.47e-130	460
CNX66_RS15565	53	97.222	36	1	0	1	36	69	104	4.11e-10	62.1
CNX66_RS15570	23	100.000	31	0	0	1	31	302	332	3.43e-09	58.4
CNX66_RS15570	44	100.000	30	0	0	1	30	712	683	1.24e-08	56.5
CNX66_RS15570	2	100.000	30	0	0	1	30	83587	83616	1.24e-08	56.5
CNX66_RS15605	39	100.000	554	0	0	356	909	812	259	0.0	1024
CNX66_RS15610	39	100.000	229	0	0	1	229	262	34	1.57e-119	424
CNX66_RS15625	39	100.000	252	0	0	1	252	2431	2180	2.60e-132	466
CNX66_RS15630	39	100.000	795	0	0	1	795	2087	1293	0.0	1469
CNX66_RS15635	38	100.000	101	0	0	12	112	2626	2526	9.10e-49	187
CNX66_RS15640	38	98.810	84	1	0	1	84	2505	2422	8.34e-38	150
CNX66_RS15645	38	99.729	738	2	0	1	738	2297	1560	0.0	1352
CNX66_RS15880	38	99.225	129	1	0	1	129	1615	1487	1.50e-62	233
CNX66_RS15650	40	96.412	864	31	0	1	864	340	1203	0.0	1424
CNX66_RS15655	40	97.802	273	6	0	1	273	66	338	6.08e-134	472
CNX66_RS15660	51	100.000	135	0	0	33	167	135	1	2.41e-67	250
CNX66_RS15660	38	100.000	32	0	0	1	32	32	1	4.36e-10	60.2
CNX66_RS15660	44	100.000	31	0	0	1	31	32	2	1.57e-09	58.4
CNX66_RS15665	38	97.984	248	5	0	14	261	378	131	9.87e-122	431
CNX66_RS15670	2	98.399	687	11	0	1	687	82876	83562	0.0	1208
CNX66_RS15670	47	99.732	373	1	0	38	410	373	1	0.0	684
CNX66_RS15670	23	99.639	277	1	0	411	687	1	277	4.40e-144	507
CNX66_RS15670	44	98.106	264	5	0	424	687	1000	737	3.47e-130	460
CNX66_RS15670	53	97.222	36	1	0	1	36	69	104	4.11e-10	62.1
CNX66_RS15680	44	100.000	34	0	0	867	900	681	714	1.51e-10	63.9
CNX66_RS15680	23	97.222	36	1	0	865	900	335	300	5.43e-10	62.1
CNX66_RS15680	2	100.000	33	0	0	868	900	83617	83585	5.43e-10	62.1
CNX66_RS15685	2	98.253	687	12	0	1	687	82876	83562	0.0	1203
CNX66_RS15685	47	99.732	373	1	0	38	410	373	1	0.0	684
CNX66_RS15685	23	99.278	277	2	0	411	687	1	277	2.05e-142	501
CNX66_RS15685	44	97.727	264	6	0	424	687	1000	737	1.62e-128	455
CNX66_RS15685	53	97.222	36	1	0	1	36	69	104	4.11e-10	62.1
CNX66_RS15730	21	100.000	35	0	0	221	255	21698	21732	1.12e-11	65.8
CNX66_RS15735	21	99.398	1163	7	0	1	1163	21773	22935	0.0	2109
CNX66_RS15760	2	98.399	687	11	0	1	687	82876	83562	0.0	1208
CNX66_RS15760	47	99.732	373	1	0	38	410	373	1	0.0	684
CNX66_RS15760	23	99.639	277	1	0	411	687	1	277	4.40e-144	507
CNX66_RS15760	44	98.106	264	5	0	424	687	1000	737	3.47e-130	460
CNX66_RS15760	53	97.222	36	1	0	1	36	69	104	4.11e-10	62.1
CRD58_RS15815	2	82.440	672	116	2	1	671	82882	83552	5.44e-168	586
CRD58_RS15815	23	83.333	276	46	0	406	681	2	277	1.74e-68	255
CRD58_RS15815	44	83.650	263	43	0	412	674	1006	744	2.92e-66	248
CRD58_RS15820	2	93.201	353	23	1	1	352	82882	83234	1.03e-147	518
CRD58_RS15820	47	92.547	322	23	1	32	352	373	52	1.75e-130	460
CRD58_RS15820	31	89.583	336	35	0	1	336	2365	2030	1.78e-120	427
CRD58_RS15820	53	100.000	29	0	0	2	30	76	104	3.48e-08	54.7
CRD58_RS15855	31	99.702	336	1	0	1	336	2365	2030	6.94e-177	616
CRD58_RS15855	31	97.993	299	4	1	383	681	2034	1738	2.01e-147	518
CRD58_RS15905	27	94.949	198	10	0	22	219	9634	9437	1.11e-85	311
CPG34_RS08735	39	100.000	190	0	0	477	666	996	1185	2.11e-97	351
CPG34_RS08740	39	100.000	795	0	0	1	795	2087	1293	0.0	1469
CPG34_RS08745	39	100.000	281	0	0	263	543	2460	2180	4.43e-148	520
CPG34_RS08745	39	100.000	262	0	0	1	262	262	1	1.62e-137	484
CPG34_RS08750	39	100.000	494	0	0	128	621	752	259	0.0	913
CPG33_RS09355	39	100.000	494	0	0	104	597	752	259	0.0	913
CPG33_RS09360	39	100.000	281	0	0	263	543	2460	2180	4.43e-148	520
CPG33_RS09360	39	100.000	262	0	0	1	262	262	1	1.62e-137	484
CPG33_RS09365	39	100.000	795	0	0	1	795	2087	1293	0.0	1469
CPG33_RS09370	39	100.000	190	0	0	477	666	996	1185	2.11e-97	351
CU074_RS28620	38	97.222	72	2	0	25	96	2493	2422	2.16e-29	122
CU074_RS28625	38	99.729	738	2	0	1	738	2297	1560	0.0	1352
CU074_RS29435	38	99.057	106	1	0	1	106	1555	1450	6.96e-50	191
CU076_RS25230	38	97.222	72	2	0	25	96	2493	2422	2.16e-29	122
CU076_RS25235	38	99.729	738	2	0	1	738	2297	1560	0.0	1352
CU076_RS27600	38	99.057	106	1	0	1	106	1555	1450	6.96e-50	191
CU080_RS28130	38	99.057	106	1	0	1	106	1555	1450	6.96e-50	191
CU080_RS25920	38	99.729	738	2	0	1	738	2297	1560	0.0	1352
CU080_RS25925	38	97.222	72	2	0	25	96	2493	2422	2.16e-29	122
CU075_RS28455	38	97.222	72	2	0	25	96	2493	2422	2.16e-29	122
CU075_RS28460	38	99.729	738	2	0	1	738	2297	1560	0.0	1352
CU075_RS29300	38	99.057	106	1	0	1	106	1555	1450	6.96e-50	191
CGZ63_RS29920	6	95.946	74	3	0	1	74	155960	155887	5.54e-29	121
CGZ63_RS29920	1	89.189	74	8	0	1	74	30609	30536	1.21e-20	93.5
CV732_RS15350	2	82.440	672	116	2	1	671	82882	83552	5.44e-168	586
CV732_RS15350	23	83.333	276	46	0	406	681	2	277	1.74e-68	255
CV732_RS15350	44	83.650	263	43	0	412	674	1006	744	2.92e-66	248
CV732_RS15355	2	93.201	353	23	1	1	352	82882	83234	1.03e-147	518
CV732_RS15355	47	92.547	322	23	1	32	352	373	52	1.75e-130	460
CV732_RS15355	31	89.583	336	35	0	1	336	2365	2030	1.78e-120	427
CV732_RS15355	53	100.000	29	0	0	2	30	76	104	3.48e-08	54.7
CV732_RS15390	31	99.702	336	1	0	1	336	2365	2030	6.94e-177	616
CV732_RS15390	31	97.993	299	4	1	383	681	2034	1738	2.01e-147	518
CV732_RS15445	27	94.949	198	10	0	22	219	9634	9437	1.11e-85	311
CG806_RS00035	8	96.458	1920	68	0	1	1920	34025	35944	0.0	3169
CG806_RS00040	8	100.000	87	0	0	1	87	33923	34009	4.03e-41	161
CG806_RS00050	8	99.786	933	2	0	1	933	32716	33648	0.0	1712
CG806_RS00055	8	99.501	1002	5	0	1	1002	31718	32719	0.0	1823
CG806_RS00060	8	92.132	2186	156	7	1	2178	29544	31721	0.0	3070
CG806_RS00065	8	99.918	2448	2	0	1	2448	27094	29541	0.0	4510
CG806_RS00070	8	100.000	507	0	0	1	507	26604	27110	0.0	937
CG806_RS00075	8	100.000	498	0	0	1	498	26132	26629	0.0	920
CG806_RS00080	8	100.000	222	0	0	1	222	25794	26015	1.08e-115	411
CG806_RS00085	8	99.751	1206	3	0	1	1206	24546	25751	0.0	2211
CG806_RS00090	8	100.000	153	0	0	1	153	24371	24523	1.61e-77	283
CG806_RS00095	8	99.911	1128	1	0	1	1128	23241	24368	0.0	2078
CG806_RS00140	23	100.000	435	0	0	1	435	6101	5667	0.0	804
CG806_RS00145	23	98.830	171	2	0	1	171	5495	5665	3.91e-84	305
CG806_RS00150	23	100.000	729	0	0	1	729	5087	4359	0.0	1347
CG806_RS00155	23	94.070	489	28	1	1	488	4353	3865	0.0	741
CG806_RS00180	17	77.328	1310	270	24	17	1311	13172	14469	0.0	749
CG806_RS00290	31	99.405	336	2	0	1	336	2365	2030	3.23e-175	610
CG806_RS00290	31	98.662	299	2	1	383	681	2034	1738	9.30e-151	529
CG806_RS00315	24	93.635	597	38	0	1	597	9445	10041	0.0	893
CG806_RS00320	24	88.889	288	32	0	1	288	10058	10345	6.77e-99	355
CG806_RS00365	24	92.784	291	21	0	1	291	13850	14140	6.80e-119	422
CG806_RS00405	24	95.342	365	12	5	579	940	16371	16733	1.77e-164	575
CG806_RS00415	17	88.170	1344	159	0	1	1344	13156	14499	0.0	1602
CG806_RS00420	17	93.077	780	48	4	1	780	12383	13156	0.0	1136
CG806_RS00425	17	99.094	552	5	0	1	552	11688	12239	0.0	992
CG806_RS00430	17	100.000	174	0	0	1	174	11491	11664	3.96e-89	322
CG806_RS00435	17	99.462	186	1	0	1	186	11303	11488	4.24e-94	339
CG806_RS00450	17	97.015	201	6	0	1	201	11007	10807	4.62e-94	339
CG806_RS00450	17	100.000	31	0	0	79	109	10899	10929	1.45e-09	58.4
CG806_RS00455	17	100.000	231	0	0	1	231	10475	10705	1.12e-120	427
CG806_RS00460	17	97.980	495	10	0	1	495	10420	9926	0.0	859
CG806_RS00465	17	98.234	453	8	0	1	453	9860	9408	0.0	793
CG806_RS00470	17	95.425	153	7	0	1	153	9394	9242	7.61e-66	244
CG806_RS00475	17	83.474	593	82	13	1	579	9230	8640	1.31e-153	538
CG806_RS00475	17	100.000	31	0	0	20	50	9180	9210	4.47e-09	58.4
CG806_RS00475	23	83.184	559	91	3	19	574	1679	1121	1.03e-144	508
CG806_RS00480	17	96.037	328	12	1	4	330	8641	8314	3.37e-152	532
CG806_RS00500	24	94.314	1319	75	0	2	1320	2289	971	0.0	2021
CG806_RS00510	24	94.305	597	34	0	1	597	9445	10041	0.0	915
CG806_RS00570	24	92.615	1625	118	2	1	1624	16956	18579	0.0	2335
CG806_RS00610	29	93.464	306	20	0	1	306	941	636	6.92e-129	455
CG806_RS00615	34	95.892	1071	44	0	1603	2673	3999	2929	0.0	1735
CG806_RS00615	34	96.091	307	12	0	626	932	4979	4673	8.15e-142	501
CG806_RS00615	9	94.955	991	48	2	1603	2593	103115	102127	0.0	1552
CG806_RS00615	9	94.603	315	17	0	627	941	104091	103777	6.35e-138	488
CG806_RS00615	29	93.920	625	38	0	1	625	625	1	0.0	944
CG806_RS00625	9	90.416	3850	338	22	1	3830	101541	97703	0.0	5036
CG806_RS00625	23	96.022	2388	95	0	1528	3915	23989	21602	0.0	3884
CG806_RS00625	17	95.665	2399	93	3	1527	3915	40279	37882	0.0	3843
CG806_RS00625	34	95.363	1531	64	5	1	1526	1529	1	0.0	2427
CG806_RS00630	17	97.721	351	8	0	1	351	37821	37471	7.66e-174	604
CG806_RS00630	23	96.078	357	14	0	1	357	21540	21184	3.59e-167	582
CG806_RS00775	44	99.060	532	5	0	1614	2145	683	152	0.0	955
CG806_RS00775	38	94.231	260	15	0	1886	2145	1389	1130	8.81e-111	398
CG806_RS00780	51	100.000	135	0	0	33	167	135	1	2.71e-67	250
CG806_RS00780	38	100.000	73	0	0	168	240	2626	2554	7.91e-33	135
CG806_RS00780	38	100.000	31	0	0	1	31	32	2	1.76e-09	58.4
CG806_RS00780	44	100.000	32	0	0	1	32	32	1	4.90e-10	60.2
CG806_RS00785	38	100.000	84	0	0	1	84	2505	2422	1.79e-39	156
CG806_RS00790	38	99.729	738	2	0	1	738	2297	1560	0.0	1352
CG806_RS00795	38	97.727	132	3	0	1	132	1555	1424	6.46e-61	228
CG806_RS00800	44	98.462	260	4	0	2	261	411	152	4.53e-130	459
CG806_RS00800	38	95.019	261	13	0	1	261	1390	1130	1.29e-115	411
CG806_RS00805	38	97.882	897	19	0	1	897	1027	131	0.0	1552
CG806_RS00810	51	97.037	135	4	0	33	167	135	1	1.13e-60	228
CG806_RS00810	38	100.000	32	0	0	1	32	32	1	4.36e-10	60.2
CG806_RS00810	44	100.000	31	0	0	1	31	32	2	1.57e-09	58.4
CG806_RS00815	40	83.154	279	35	11	1	273	66	338	1.44e-65	244
CG806_RS00830	24	100.000	111	0	0	1	111	13500	13610	2.49e-54	206
CG806_RS00835	24	98.282	291	5	0	1	291	13850	14140	1.41e-145	510
CG806_RS00850	24	90.256	390	31	7	552	937	16347	16733	8.43e-143	503
CG806_RS00860	24	89.231	195	21	0	63	257	17063	17257	1.41e-65	244
CG806_RS00865	2	97.962	687	14	0	1	687	82876	83562	0.0	1192
CG806_RS00865	47	99.464	373	2	0	38	410	373	1	0.0	678
CG806_RS00865	23	98.917	277	3	0	411	687	1	277	9.52e-141	496
CG806_RS00865	44	97.348	264	7	0	424	687	1000	737	7.52e-127	449
CG806_RS00865	53	97.222	36	1	0	1	36	69	104	4.11e-10	62.1
CSW12_RS30015	6	95.946	74	3	0	1	74	155960	155887	5.54e-29	121
CV733_RS15645	2	82.440	672	116	2	1	671	82882	83552	5.44e-168	586
CV733_RS15645	23	83.333	276	46	0	406	681	2	277	1.74e-68	255
CV733_RS15645	44	83.650	263	43	0	412	674	1006	744	2.92e-66	248
CV733_RS15650	2	93.201	353	23	1	1	352	82882	83234	1.03e-147	518
CV733_RS15650	47	92.547	322	23	1	32	352	373	52	1.75e-130	460
CV733_RS15650	31	89.583	336	35	0	1	336	2365	2030	1.78e-120	427
CV733_RS15650	53	100.000	29	0	0	2	30	76	104	3.48e-08	54.7
CV733_RS15685	31	99.663	297	1	0	1	297	2326	2030	3.12e-155	544
CV733_RS15685	31	98.328	299	3	1	344	642	2034	1738	4.07e-149	523
C0Z06_RS15530	31	99.663	297	1	0	1	297	2326	2030	3.12e-155	544
C0Z06_RS15530	31	98.328	299	3	1	344	642	2034	1738	4.07e-149	523
C0Z06_RS15565	2	93.201	353	23	1	1	352	82882	83234	1.03e-147	518
C0Z06_RS15565	47	92.547	322	23	1	32	352	373	52	1.75e-130	460
C0Z06_RS15565	31	89.583	336	35	0	1	336	2365	2030	1.78e-120	427
C0Z06_RS15565	53	100.000	29	0	0	2	30	76	104	3.48e-08	54.7
C0Z06_RS15570	2	82.440	672	116	2	1	671	82882	83552	5.44e-168	586
C0Z06_RS15570	23	83.333	276	46	0	406	681	2	277	1.74e-68	255
C0Z06_RS15570	44	83.650	263	43	0	412	674	1006	744	2.92e-66	248
C0Z03_RS15635	27	94.949	198	10	0	22	219	9634	9437	1.11e-85	311
C0Z03_RS15690	31	97.619	336	1	3	1	329	2365	2030	5.42e-163	569
C0Z03_RS15690	31	97.993	299	4	1	376	674	2034	1738	1.99e-147	518
C0Z03_RS15725	2	93.201	353	23	1	1	352	82882	83234	1.03e-147	518
C0Z03_RS15725	47	92.547	322	23	1	32	352	373	52	1.75e-130	460
C0Z03_RS15725	31	89.583	336	35	0	1	336	2365	2030	1.78e-120	427
C0Z03_RS15725	53	100.000	29	0	0	2	30	76	104	3.48e-08	54.7
C0Z03_RS15730	2	82.440	672	116	2	1	671	82882	83552	5.44e-168	586
C0Z03_RS15730	23	83.333	276	46	0	406	681	2	277	1.74e-68	255
C0Z03_RS15730	44	83.650	263	43	0	412	674	1006	744	2.92e-66	248
CV736_RS15645	2	82.440	672	116	2	1	671	82882	83552	5.44e-168	586
CV736_RS15645	23	83.333	276	46	0	406	681	2	277	1.74e-68	255
CV736_RS15645	44	83.650	263	43	0	412	674	1006	744	2.92e-66	248
CV736_RS15650	2	93.201	353	23	1	1	352	82882	83234	1.03e-147	518
CV736_RS15650	47	92.547	322	23	1	32	352	373	52	1.75e-130	460
CV736_RS15650	31	89.583	336	35	0	1	336	2365	2030	1.78e-120	427
CV736_RS15650	53	100.000	29	0	0	2	30	76	104	3.48e-08	54.7
CV736_RS15685	31	99.663	297	1	0	1	297	2326	2030	3.12e-155	544
CV736_RS15685	31	98.328	299	3	1	344	642	2034	1738	4.07e-149	523
CV734_RS15645	2	82.440	672	116	2	1	671	82882	83552	5.44e-168	586
CV734_RS15645	23	83.333	276	46	0	406	681	2	277	1.74e-68	255
CV734_RS15645	44	83.650	263	43	0	412	674	1006	744	2.92e-66	248
CV734_RS15650	2	93.201	353	23	1	1	352	82882	83234	1.03e-147	518
CV734_RS15650	47	92.547	322	23	1	32	352	373	52	1.75e-130	460
CV734_RS15650	31	89.583	336	35	0	1	336	2365	2030	1.78e-120	427
CV734_RS15650	53	100.000	29	0	0	2	30	76	104	3.48e-08	54.7
CV734_RS15685	31	99.663	297	1	0	1	297	2326	2030	3.12e-155	544
CV734_RS15685	31	98.328	299	3	1	344	642	2034	1738	4.07e-149	523
CX663_RS14240	35	98.824	85	1	0	1	85	3241	3157	1.78e-37	152
CX663_RS14250	35	100.000	566	0	0	1	566	3513	4078	0.0	1046
CX663_RS14255	21	100.000	39	0	0	1282	1320	28224	28186	3.71e-13	73.1
CX663_RS14260	2	98.385	681	11	0	1	681	82882	83562	0.0	1197
CX663_RS14260	47	99.732	373	1	0	32	404	373	1	0.0	684
CX663_RS14260	23	99.639	277	1	0	405	681	1	277	4.36e-144	507
CX663_RS14260	44	98.106	264	5	0	418	681	1000	737	3.44e-130	460
CX663_RS14260	53	100.000	29	0	0	2	30	76	104	6.82e-08	54.7
CX663_RS14285	21	91.925	161	13	0	66	226	12581	12421	7.78e-60	226
CX663_RS14305	31	93.548	62	4	0	1	62	1732	1671	9.87e-20	93.5
CX663_RS14310	31	99.107	336	3	0	1	336	2365	2030	1.50e-173	604
CX663_RS14310	31	98.328	299	3	1	383	681	2034	1738	4.33e-149	523
CX663_RS14320	2	97.082	377	11	0	5	381	83186	83562	0.0	636
CX663_RS14320	23	99.278	277	2	0	105	381	1	277	1.11e-142	501
CX663_RS14320	44	97.727	264	6	0	118	381	1000	737	8.75e-129	455
CX663_RS14320	47	100.000	100	0	0	5	104	100	1	1.27e-47	185
CX663_RS14355	2	98.399	687	11	0	1	687	82876	83562	0.0	1208
CX663_RS14355	47	99.732	373	1	0	38	410	373	1	0.0	684
CX663_RS14355	23	98.917	277	3	0	411	687	1	277	9.52e-141	496
CX663_RS14355	44	98.106	264	5	0	424	687	1000	737	3.47e-130	460
CX663_RS14355	53	97.222	36	1	0	1	36	69	104	4.11e-10	62.1
CX663_RS14375	2	98.399	687	11	0	1	687	82876	83562	0.0	1208
CX663_RS14375	47	99.732	373	1	0	38	410	373	1	0.0	684
CX663_RS14375	23	98.917	277	3	0	411	687	1	277	9.52e-141	496
CX663_RS14375	44	98.106	264	5	0	424	687	1000	737	3.47e-130	460
CX663_RS14375	53	97.222	36	1	0	1	36	69	104	4.11e-10	62.1
CX663_RS14380	2	97.912	479	10	0	2	480	83084	83562	0.0	830
CX663_RS14380	23	99.639	277	1	0	204	480	1	277	3.04e-144	507
CX663_RS14380	44	98.106	264	5	0	217	480	1000	737	2.40e-130	460
CX663_RS14380	47	100.000	202	0	0	2	203	202	1	3.21e-104	374
CX663_RS14425	42	75.547	503	117	4	752	1251	640	141	2.53e-64	243
CX663_RS14545	2	98.108	687	13	0	1	687	82876	83562	0.0	1197
CX663_RS14545	47	99.732	373	1	0	38	410	373	1	0.0	684
CX663_RS14545	23	99.639	277	1	0	411	687	1	277	4.40e-144	507
CX663_RS14545	44	98.106	264	5	0	424	687	1000	737	3.47e-130	460
CX663_RS14595	35	95.857	1062	43	1	228	1289	3156	2096	0.0	1716
CX663_RS14635	2	98.091	681	13	0	1	681	82882	83562	0.0	1186
CX663_RS14635	47	99.196	373	3	0	32	404	373	1	0.0	673
CX663_RS14635	23	98.917	277	3	0	405	681	1	277	9.43e-141	496
CX663_RS14635	44	98.106	264	5	0	418	681	1000	737	3.44e-130	460
CX663_RS14635	53	100.000	29	0	0	2	30	76	104	6.82e-08	54.7
CX663_RS14660	2	98.399	687	11	0	1	687	82876	83562	0.0	1208
CX663_RS14660	47	99.464	373	2	0	38	410	373	1	0.0	678
CX663_RS14660	23	99.278	277	2	0	411	687	1	277	2.05e-142	501
CX663_RS14660	44	98.485	264	4	0	424	687	1000	737	7.46e-132	466
CX663_RS14660	53	97.222	36	1	0	1	36	69	104	4.11e-10	62.1
CX663_RS14765	2	90.015	681	68	0	1	681	82882	83562	0.0	881
CX663_RS14765	31	98.512	336	5	0	1	336	2365	2030	3.25e-170	593
CX663_RS14765	23	99.639	277	1	0	405	681	1	277	4.36e-144	507
CX663_RS14765	44	98.106	264	5	0	418	681	1000	737	3.44e-130	460
CX663_RS14765	47	86.575	365	49	0	40	404	365	1	5.88e-113	403
CX663_RS14790	31	100.000	74	0	0	298	371	2438	2365	3.50e-33	137
CX663_RS14795	31	99.405	336	2	0	1	336	2365	2030	3.23e-175	610
CX663_RS14795	31	97.993	299	4	1	383	681	2034	1738	2.01e-147	518
CX663_RS14930	2	98.253	687	12	0	1	687	82876	83562	0.0	1203
CX663_RS14930	47	99.464	373	2	0	38	410	373	1	0.0	678
CX663_RS14930	23	99.639	277	1	0	411	687	1	277	4.40e-144	507
CX663_RS14930	44	98.106	264	5	0	424	687	1000	737	3.47e-130	460
CX663_RS14930	53	97.222	36	1	0	1	36	69	104	4.11e-10	62.1
CX663_RS14950	22	89.226	594	64	0	3	596	23079	23672	0.0	743
CX663_RS14970	31	99.107	336	3	0	1	336	2365	2030	1.50e-173	604
CX663_RS14970	31	98.328	299	3	1	383	681	2034	1738	4.33e-149	523
CX663_RS15125	21	99.484	1163	6	0	1	1163	21773	22935	0.0	2115
CX663_RS15135	22	81.921	1510	259	14	1	1503	19850	18348	0.0	1264
CX663_RS15140	22	80.615	650	120	6	37	683	20514	19868	2.66e-141	497
CX663_RS15145	22	82.339	821	141	4	1	819	20706	21524	0.0	710
CX663_RS15190	28	92.825	223	2	2	818	1040	11233	11441	5.67e-85	311
CX663_RS15445	42	75.746	503	116	4	752	1251	640	141	5.44e-66	248
CX663_RS15560	2	98.108	687	13	0	1	687	82876	83562	0.0	1197
CX663_RS15560	47	99.464	373	2	0	38	410	373	1	0.0	678
CX663_RS15560	23	99.639	277	1	0	411	687	1	277	4.40e-144	507
CX663_RS15560	44	98.106	264	5	0	424	687	1000	737	3.47e-130	460
CX663_RS15570	27	93.956	182	0	1	1	182	11337	11507	7.12e-72	265
CX663_RS15575	27	99.715	351	1	0	1	351	11518	11868	0.0	643
CX663_RS15580	27	99.715	351	1	0	1	351	12024	12374	0.0	643
CX663_RS15580	21	99.000	100	1	0	351	450	21579	21678	7.02e-46	180
CX663_RS15590	27	98.969	97	1	0	60	156	12581	12677	1.04e-44	174
CX663_RS15595	27	99.677	1237	4	0	1	1237	12696	13932	0.0	2263
CX663_RS15600	35	100.000	582	0	0	76	657	1	582	0.0	1075
CX663_RS15605	35	99.855	1377	2	0	1	1377	582	1958	0.0	2532
CX663_RS16185	2	98.399	687	11	0	1	687	82876	83562	0.0	1208
CX663_RS16185	47	99.732	373	1	0	38	410	373	1	0.0	684
CX663_RS16185	23	99.639	277	1	0	411	687	1	277	4.40e-144	507
CX663_RS16185	44	98.106	264	5	0	424	687	1000	737	3.47e-130	460
CX663_RS16185	53	97.222	36	1	0	1	36	69	104	4.11e-10	62.1
CX663_RS16190	38	98.062	258	5	0	1	258	388	131	2.69e-127	449
CX663_RS16195	51	100.000	135	0	0	33	167	135	1	2.41e-67	250
CX663_RS16195	38	100.000	32	0	0	1	32	32	1	4.36e-10	60.2
CX663_RS16195	44	100.000	31	0	0	1	31	32	2	1.57e-09	58.4
CX663_RS16200	40	97.802	273	6	0	1	273	66	338	6.08e-134	472
CX663_RS16205	40	96.412	864	31	0	1	864	340	1203	0.0	1424
CX663_RS16670	38	99.225	129	1	0	1	129	1615	1487	1.50e-62	233
CX663_RS16210	38	99.729	738	2	0	1	738	2297	1560	0.0	1352
CX663_RS16215	38	98.810	84	1	0	1	84	2505	2422	8.34e-38	150
CX663_RS16220	38	100.000	101	0	0	12	112	2626	2526	9.10e-49	187
CX663_RS16225	39	100.000	795	0	0	1	795	2087	1293	0.0	1469
CX663_RS16230	39	100.000	252	0	0	1	252	2431	2180	2.60e-132	466
CX663_RS16245	39	100.000	229	0	0	1	229	262	34	1.57e-119	424
CX663_RS16250	39	100.000	554	0	0	356	909	812	259	0.0	1024
CX663_RS16270	2	98.399	687	11	0	1	687	82876	83562	0.0	1208
CX663_RS16270	47	99.732	373	1	0	38	410	373	1	0.0	684
CX663_RS16270	23	99.639	277	1	0	411	687	1	277	4.40e-144	507
CX663_RS16270	44	98.106	264	5	0	424	687	1000	737	3.47e-130	460
CX663_RS16270	53	97.222	36	1	0	1	36	69	104	4.11e-10	62.1
CX663_RS16295	2	98.399	687	11	0	1	687	82876	83562	0.0	1208
CX663_RS16295	47	99.732	373	1	0	38	410	373	1	0.0	684
CX663_RS16295	23	99.639	277	1	0	411	687	1	277	4.40e-144	507
CX663_RS16295	44	98.106	264	5	0	424	687	1000	737	3.47e-130	460
CX663_RS16295	53	97.222	36	1	0	1	36	69	104	4.11e-10	62.1
CX663_RS16325	21	99.398	1163	7	0	1	1163	21773	22935	0.0	2109
CX663_RS16330	21	100.000	35	0	0	221	255	21698	21732	1.12e-11	65.8
CX663_RS16355	53	100.000	37	0	0	279	315	1	37	1.09e-12	69.4
CX663_RS16355	2	100.000	37	0	0	279	315	82808	82844	1.09e-12	69.4
CX663_RS16360	2	98.399	687	11	0	1	687	82876	83562	0.0	1208
CX663_RS16360	47	99.732	373	1	0	38	410	373	1	0.0	684
CX663_RS16360	23	99.639	277	1	0	411	687	1	277	4.40e-144	507
CX663_RS16360	44	98.106	264	5	0	424	687	1000	737	3.47e-130	460
CX663_RS16360	53	97.222	36	1	0	1	36	69	104	4.11e-10	62.1
CX663_RS16405	2	98.544	687	10	0	1	687	82876	83562	0.0	1214
CX663_RS16405	47	99.732	373	1	0	38	410	373	1	0.0	684
CX663_RS16405	23	99.278	277	2	0	411	687	1	277	2.05e-142	501
CX663_RS16405	44	98.485	264	4	0	424	687	1000	737	7.46e-132	466
CX663_RS16405	53	97.222	36	1	0	1	36	69	104	4.11e-10	62.1
CX663_RS16480	2	98.399	687	11	0	1	687	82876	83562	0.0	1208
CX663_RS16480	47	99.732	373	1	0	38	410	373	1	0.0	684
CX663_RS16480	23	99.639	277	1	0	411	687	1	277	4.40e-144	507
CX663_RS16480	44	98.106	264	5	0	424	687	1000	737	3.47e-130	460
CX663_RS16480	53	97.222	36	1	0	1	36	69	104	4.11e-10	62.1
CX663_RS16570	28	93.496	246	2	2	48	293	11233	11464	1.09e-97	353
CO993_RS14790	42	75.746	503	116	4	752	1251	640	141	5.44e-66	248
CO993_RS15090	42	75.746	503	116	4	752	1251	640	141	5.44e-66	248
CO993_RS15205	31	86.658	757	101	0	423	1179	6131	5375	0.0	839
CO993_RS15225	3	76.746	1217	277	6	28	1241	324012	322799	0.0	675
CO993_RS15280	27	91.549	213	18	0	7	219	9649	9437	1.12e-80	294
CO993_RS15280	31	85.380	171	23	2	1	170	5581	5412	4.22e-45	176
CO993_RS15295	2	96.145	441	14	1	218	658	83125	83562	0.0	717
CO993_RS15295	2	99.569	232	1	0	1	232	82876	83107	4.36e-119	424
CO993_RS15295	23	98.571	280	1	1	379	658	1	277	1.18e-139	492
CO993_RS15295	44	97.004	267	5	1	392	658	1000	737	9.30e-126	446
CO993_RS15295	47	99.487	195	1	0	38	232	373	179	1.61e-98	355
CO993_RS15295	47	98.710	155	2	0	224	378	155	1	1.29e-74	276
CO993_RS15295	53	97.222	36	1	0	1	36	69	104	3.94e-10	62.1
CO993_RS15345	22	82.339	821	141	4	1	819	20706	21524	0.0	710
CO993_RS15350	22	80.615	650	120	6	37	683	20514	19868	2.66e-141	497
CO993_RS15355	22	81.921	1510	259	14	1	1503	19850	18348	0.0	1264
CO993_RS15365	21	99.484	1163	6	0	1	1163	21773	22935	0.0	2115
CO993_RS15425	31	99.604	757	3	0	423	1179	6131	5375	0.0	1382
CO993_RS15425	31	99.254	134	0	1	226	358	6261	6128	8.57e-64	241
CO993_RS15425	27	84.922	829	109	13	1	821	10627	9807	0.0	824
CO993_RS15425	21	100.000	65	0	0	1	65	21464	21400	1.16e-27	121
CO993_RS15450	21	99.398	1163	7	0	1	1163	21773	22935	0.0	2109
CO993_RS15455	21	99.691	1293	4	0	1	1293	20634	19342	0.0	2366
CO993_RS15460	21	100.000	261	0	0	1	261	21168	20908	2.69e-137	483
CO993_RS15465	31	86.658	757	101	0	423	1179	6131	5375	0.0	839
CO993_RS15480	21	99.495	396	2	0	1	396	23878	23483	0.0	721
CO993_RS15485	21	99.647	849	3	0	1	849	24739	23891	0.0	1552
CO993_RS15490	21	100.000	828	0	0	1	828	25581	24754	0.0	1530
CO993_RS15495	21	99.645	846	3	0	1	846	26438	25593	0.0	1546
CO993_RS15515	21	99.573	1170	5	0	1	1170	26692	27861	0.0	2134
CO993_RS15520	2	98.253	687	12	0	1	687	82876	83562	0.0	1203
CO993_RS15520	47	99.464	373	2	0	38	410	373	1	0.0	678
CO993_RS15520	23	98.917	277	3	0	411	687	1	277	9.52e-141	496
CO993_RS15520	44	98.106	264	5	0	424	687	1000	737	3.47e-130	460
CO993_RS15520	53	97.222	36	1	0	1	36	69	104	4.11e-10	62.1
CO993_RS15540	31	86.658	757	101	0	423	1179	6131	5375	0.0	839
CO993_RS15545	31	92.683	82	6	0	579	660	5323	5404	2.32e-27	119
CO993_RS15550	23	98.305	177	3	0	1	177	101	277	8.74e-86	311
CO993_RS15550	44	97.740	177	4	0	1	177	913	737	4.07e-84	305
CO993_RS15550	2	97.740	177	4	0	1	177	83386	83562	4.07e-84	305
CO993_RS15570	2	97.082	377	11	0	5	381	83186	83562	0.0	636
CO993_RS15570	23	99.278	277	2	0	105	381	1	277	1.11e-142	501
CO993_RS15570	44	97.727	264	6	0	118	381	1000	737	8.75e-129	455
CO993_RS15570	47	100.000	100	0	0	5	104	100	1	1.27e-47	185
CO993_RS15580	31	99.702	336	1	0	1	336	2365	2030	6.94e-177	616
CO993_RS15580	31	98.328	299	3	1	383	681	2034	1738	4.33e-149	523
CO993_RS15605	21	91.925	161	13	0	66	226	12581	12421	7.78e-60	226
CO993_RS15625	2	98.238	681	12	0	1	681	82882	83562	0.0	1192
CO993_RS15625	47	99.464	373	2	0	32	404	373	1	0.0	678
CO993_RS15625	23	99.639	277	1	0	405	681	1	277	4.36e-144	507
CO993_RS15625	44	98.106	264	5	0	418	681	1000	737	3.44e-130	460
CO993_RS15625	53	100.000	29	0	0	2	30	76	104	6.82e-08	54.7
CO993_RS15650	2	98.238	681	12	0	1	681	82882	83562	0.0	1192
CO993_RS15650	47	99.464	373	2	0	32	404	373	1	0.0	678
CO993_RS15650	23	99.639	277	1	0	405	681	1	277	4.36e-144	507
CO993_RS15650	44	98.106	264	5	0	418	681	1000	737	3.44e-130	460
CO993_RS15650	53	100.000	29	0	0	2	30	76	104	6.82e-08	54.7
CO993_RS15655	21	100.000	39	0	0	844	882	28224	28186	2.46e-13	73.1
CO993_RS15740	2	90.308	681	66	0	1	681	82882	83562	0.0	893
CO993_RS15740	31	97.917	336	7	0	1	336	2365	2030	7.04e-167	582
CO993_RS15740	23	99.639	277	1	0	405	681	1	277	4.36e-144	507
CO993_RS15740	44	98.106	264	5	0	418	681	1000	737	3.44e-130	460
CO993_RS15740	47	87.123	365	47	0	40	404	365	1	2.72e-116	414
CO993_RS15840	2	98.253	687	12	0	1	687	82876	83562	0.0	1203
CO993_RS15840	47	99.464	373	2	0	38	410	373	1	0.0	678
CO993_RS15840	23	99.639	277	1	0	411	687	1	277	4.40e-144	507
CO993_RS15840	44	98.106	264	5	0	424	687	1000	737	3.47e-130	460
CO993_RS15840	53	97.222	36	1	0	1	36	69	104	4.11e-10	62.1
CO993_RS15865	2	98.253	687	12	0	1	687	82876	83562	0.0	1203
CO993_RS15865	47	99.464	373	2	0	38	410	373	1	0.0	678
CO993_RS15865	23	99.639	277	1	0	411	687	1	277	4.40e-144	507
CO993_RS15865	44	98.106	264	5	0	424	687	1000	737	3.47e-130	460
CO993_RS15865	53	97.222	36	1	0	1	36	69	104	4.11e-10	62.1
CO993_RS15875	2	97.962	687	14	0	1	687	82876	83562	0.0	1192
CO993_RS15875	47	98.928	373	4	0	38	410	373	1	0.0	667
CO993_RS15875	23	99.639	277	1	0	411	687	1	277	4.40e-144	507
CO993_RS15875	44	98.106	264	5	0	424	687	1000	737	3.47e-130	460
CO993_RS15875	53	97.222	36	1	0	1	36	69	104	4.11e-10	62.1
LA20249_RS11395	31	97.668	343	1	1	1	343	2365	2030	7.11e-167	582
LA20249_RS11395	31	98.328	299	3	1	390	688	2034	1738	4.37e-149	523
CO999_RS14830	42	75.746	503	116	4	752	1251	640	141	5.44e-66	248
CO999_RS15130	42	75.746	503	116	4	752	1251	640	141	5.44e-66	248
CO999_RS15245	31	86.658	757	101	0	423	1179	6131	5375	0.0	839
CO999_RS15265	3	76.746	1217	277	6	28	1241	324012	322799	0.0	675
CO999_RS15325	27	91.549	213	18	0	7	219	9649	9437	1.12e-80	294
CO999_RS15325	31	85.380	171	23	2	1	170	5581	5412	4.22e-45	176
CO999_RS15340	2	96.145	441	14	1	218	658	83125	83562	0.0	717
CO999_RS15340	2	99.569	232	1	0	1	232	82876	83107	4.36e-119	424
CO999_RS15340	23	98.571	280	1	1	379	658	1	277	1.18e-139	492
CO999_RS15340	44	97.004	267	5	1	392	658	1000	737	9.30e-126	446
CO999_RS15340	47	99.487	195	1	0	38	232	373	179	1.61e-98	355
CO999_RS15340	47	98.710	155	2	0	224	378	155	1	1.29e-74	276
CO999_RS15340	53	97.222	36	1	0	1	36	69	104	3.94e-10	62.1
CO999_RS15395	22	82.339	821	141	4	1	819	20706	21524	0.0	710
CO999_RS15400	22	80.615	650	120	6	37	683	20514	19868	2.66e-141	497
CO999_RS15405	22	81.921	1510	259	14	1	1503	19850	18348	0.0	1264
CO999_RS15415	21	99.484	1163	6	0	1	1163	21773	22935	0.0	2115
CO999_RS15475	31	99.604	757	3	0	423	1179	6131	5375	0.0	1382
CO999_RS15475	31	99.254	134	0	1	226	358	6261	6128	8.57e-64	241
CO999_RS15475	27	84.922	829	109	13	1	821	10627	9807	0.0	824
CO999_RS15475	21	100.000	65	0	0	1	65	21464	21400	1.16e-27	121
CO999_RS15500	21	99.398	1163	7	0	1	1163	21773	22935	0.0	2109
CO999_RS15505	21	99.691	1293	4	0	1	1293	20634	19342	0.0	2366
CO999_RS15510	21	100.000	261	0	0	1	261	21168	20908	2.69e-137	483
CO999_RS15515	31	86.658	757	101	0	423	1179	6131	5375	0.0	839
CO999_RS15530	21	99.495	396	2	0	1	396	23878	23483	0.0	721
CO999_RS15535	21	99.647	849	3	0	1	849	24739	23891	0.0	1552
CO999_RS15540	21	100.000	828	0	0	1	828	25581	24754	0.0	1530
CO999_RS15545	21	99.645	846	3	0	1	846	26438	25593	0.0	1546
CO999_RS15565	21	99.573	1170	5	0	1	1170	26692	27861	0.0	2134
CO999_RS15570	2	98.253	687	12	0	1	687	82876	83562	0.0	1203
CO999_RS15570	47	99.464	373	2	0	38	410	373	1	0.0	678
CO999_RS15570	23	98.917	277	3	0	411	687	1	277	9.52e-141	496
CO999_RS15570	44	98.106	264	5	0	424	687	1000	737	3.47e-130	460
CO999_RS15570	53	97.222	36	1	0	1	36	69	104	4.11e-10	62.1
CO999_RS15590	31	86.658	757	101	0	423	1179	6131	5375	0.0	839
CO999_RS15595	31	92.683	82	6	0	579	660	5323	5404	2.32e-27	119
CO999_RS15600	23	98.305	177	3	0	1	177	101	277	8.74e-86	311
CO999_RS15600	44	97.740	177	4	0	1	177	913	737	4.07e-84	305
CO999_RS15600	2	97.740	177	4	0	1	177	83386	83562	4.07e-84	305
CO999_RS15620	2	97.082	377	11	0	5	381	83186	83562	0.0	636
CO999_RS15620	23	99.278	277	2	0	105	381	1	277	1.11e-142	501
CO999_RS15620	44	97.727	264	6	0	118	381	1000	737	8.75e-129	455
CO999_RS15620	47	100.000	100	0	0	5	104	100	1	1.27e-47	185
CO999_RS15630	31	99.702	336	1	0	1	336	2365	2030	6.94e-177	616
CO999_RS15630	31	98.328	299	3	1	383	681	2034	1738	4.33e-149	523
CO999_RS15655	21	91.925	161	13	0	66	226	12581	12421	7.78e-60	226
CO999_RS15675	2	98.238	681	12	0	1	681	82882	83562	0.0	1192
CO999_RS15675	47	99.464	373	2	0	32	404	373	1	0.0	678
CO999_RS15675	23	99.639	277	1	0	405	681	1	277	4.36e-144	507
CO999_RS15675	44	98.106	264	5	0	418	681	1000	737	3.44e-130	460
CO999_RS15675	53	100.000	29	0	0	2	30	76	104	6.82e-08	54.7
CO999_RS15700	2	98.238	681	12	0	1	681	82882	83562	0.0	1192
CO999_RS15700	47	99.464	373	2	0	32	404	373	1	0.0	678
CO999_RS15700	23	99.639	277	1	0	405	681	1	277	4.36e-144	507
CO999_RS15700	44	98.106	264	5	0	418	681	1000	737	3.44e-130	460
CO999_RS15700	53	100.000	29	0	0	2	30	76	104	6.82e-08	54.7
CO999_RS15705	21	100.000	39	0	0	844	882	28224	28186	2.46e-13	73.1
CO999_RS15790	2	90.308	681	66	0	1	681	82882	83562	0.0	893
CO999_RS15790	31	97.917	336	7	0	1	336	2365	2030	7.04e-167	582
CO999_RS15790	23	99.639	277	1	0	405	681	1	277	4.36e-144	507
CO999_RS15790	44	98.106	264	5	0	418	681	1000	737	3.44e-130	460
CO999_RS15790	47	87.123	365	47	0	40	404	365	1	2.72e-116	414
CO999_RS15890	2	98.253	687	12	0	1	687	82876	83562	0.0	1203
CO999_RS15890	47	99.464	373	2	0	38	410	373	1	0.0	678
CO999_RS15890	23	99.639	277	1	0	411	687	1	277	4.40e-144	507
CO999_RS15890	44	98.106	264	5	0	424	687	1000	737	3.47e-130	460
CO999_RS15890	53	97.222	36	1	0	1	36	69	104	4.11e-10	62.1
CO999_RS15915	2	98.253	687	12	0	1	687	82876	83562	0.0	1203
CO999_RS15915	47	99.464	373	2	0	38	410	373	1	0.0	678
CO999_RS15915	23	99.639	277	1	0	411	687	1	277	4.40e-144	507
CO999_RS15915	44	98.106	264	5	0	424	687	1000	737	3.47e-130	460
CO999_RS15915	53	97.222	36	1	0	1	36	69	104	4.11e-10	62.1
CO999_RS15925	2	97.962	687	14	0	1	687	82876	83562	0.0	1192
CO999_RS15925	47	98.928	373	4	0	38	410	373	1	0.0	667
CO999_RS15925	23	99.639	277	1	0	411	687	1	277	4.40e-144	507
CO999_RS15925	44	98.106	264	5	0	424	687	1000	737	3.47e-130	460
CO999_RS15925	53	97.222	36	1	0	1	36	69	104	4.11e-10	62.1
CO997_RS14830	42	75.746	503	116	4	752	1251	640	141	5.44e-66	248
CO997_RS15130	42	75.746	503	116	4	752	1251	640	141	5.44e-66	248
CO997_RS15245	31	86.658	757	101	0	423	1179	6131	5375	0.0	839
CO997_RS15265	3	76.746	1217	277	6	28	1241	324012	322799	0.0	675
CO997_RS15325	27	91.549	213	18	0	7	219	9649	9437	1.12e-80	294
CO997_RS15325	31	85.380	171	23	2	1	170	5581	5412	4.22e-45	176
CO997_RS15340	2	96.145	441	14	1	218	658	83125	83562	0.0	717
CO997_RS15340	2	99.569	232	1	0	1	232	82876	83107	4.36e-119	424
CO997_RS15340	23	98.571	280	1	1	379	658	1	277	1.18e-139	492
CO997_RS15340	44	97.004	267	5	1	392	658	1000	737	9.30e-126	446
CO997_RS15340	47	99.487	195	1	0	38	232	373	179	1.61e-98	355
CO997_RS15340	47	98.710	155	2	0	224	378	155	1	1.29e-74	276
CO997_RS15340	53	97.222	36	1	0	1	36	69	104	3.94e-10	62.1
CO997_RS15395	22	82.339	821	141	4	1	819	20706	21524	0.0	710
CO997_RS15400	22	80.615	650	120	6	37	683	20514	19868	2.66e-141	497
CO997_RS15405	22	81.921	1510	259	14	1	1503	19850	18348	0.0	1264
CO997_RS15415	21	99.484	1163	6	0	1	1163	21773	22935	0.0	2115
CO997_RS15475	31	99.604	757	3	0	423	1179	6131	5375	0.0	1382
CO997_RS15475	31	99.254	134	0	1	226	358	6261	6128	8.57e-64	241
CO997_RS15475	27	84.922	829	109	13	1	821	10627	9807	0.0	824
CO997_RS15475	21	100.000	65	0	0	1	65	21464	21400	1.16e-27	121
CO997_RS15500	21	99.398	1163	7	0	1	1163	21773	22935	0.0	2109
CO997_RS15505	21	99.691	1293	4	0	1	1293	20634	19342	0.0	2366
CO997_RS15510	21	100.000	261	0	0	1	261	21168	20908	2.69e-137	483
CO997_RS15515	31	86.658	757	101	0	423	1179	6131	5375	0.0	839
CO997_RS15520	31	86.658	757	101	0	423	1179	6131	5375	0.0	839
CO997_RS15535	21	99.495	396	2	0	1	396	23878	23483	0.0	721
CO997_RS15540	21	99.647	849	3	0	1	849	24739	23891	0.0	1552
CO997_RS15545	21	100.000	828	0	0	1	828	25581	24754	0.0	1530
CO997_RS15550	21	99.645	846	3	0	1	846	26438	25593	0.0	1546
CO997_RS15570	21	99.573	1170	5	0	1	1170	26692	27861	0.0	2134
CO997_RS15575	2	98.253	687	12	0	1	687	82876	83562	0.0	1203
CO997_RS15575	47	99.464	373	2	0	38	410	373	1	0.0	678
CO997_RS15575	23	98.917	277	3	0	411	687	1	277	9.52e-141	496
CO997_RS15575	44	98.106	264	5	0	424	687	1000	737	3.47e-130	460
CO997_RS15575	53	97.222	36	1	0	1	36	69	104	4.11e-10	62.1
CO997_RS15595	31	86.658	757	101	0	423	1179	6131	5375	0.0	839
CO997_RS15600	31	92.683	82	6	0	579	660	5323	5404	2.32e-27	119
CO997_RS15605	23	98.305	177	3	0	1	177	101	277	8.74e-86	311
CO997_RS15605	44	97.740	177	4	0	1	177	913	737	4.07e-84	305
CO997_RS15605	2	97.740	177	4	0	1	177	83386	83562	4.07e-84	305
CO997_RS15625	2	97.082	377	11	0	5	381	83186	83562	0.0	636
CO997_RS15625	23	99.278	277	2	0	105	381	1	277	1.11e-142	501
CO997_RS15625	44	97.727	264	6	0	118	381	1000	737	8.75e-129	455
CO997_RS15625	47	100.000	100	0	0	5	104	100	1	1.27e-47	185
CO997_RS15635	31	99.702	336	1	0	1	336	2365	2030	6.94e-177	616
CO997_RS15635	31	98.328	299	3	1	383	681	2034	1738	4.33e-149	523
CO997_RS15660	21	91.925	161	13	0	66	226	12581	12421	7.78e-60	226
CO997_RS15680	2	98.238	681	12	0	1	681	82882	83562	0.0	1192
CO997_RS15680	47	99.464	373	2	0	32	404	373	1	0.0	678
CO997_RS15680	23	99.639	277	1	0	405	681	1	277	4.36e-144	507
CO997_RS15680	44	98.106	264	5	0	418	681	1000	737	3.44e-130	460
CO997_RS15680	53	100.000	29	0	0	2	30	76	104	6.82e-08	54.7
CO997_RS15705	2	98.238	681	12	0	1	681	82882	83562	0.0	1192
CO997_RS15705	47	99.464	373	2	0	32	404	373	1	0.0	678
CO997_RS15705	23	99.639	277	1	0	405	681	1	277	4.36e-144	507
CO997_RS15705	44	98.106	264	5	0	418	681	1000	737	3.44e-130	460
CO997_RS15705	53	100.000	29	0	0	2	30	76	104	6.82e-08	54.7
CO997_RS15710	21	100.000	39	0	0	844	882	28224	28186	2.46e-13	73.1
CO997_RS15795	2	90.308	681	66	0	1	681	82882	83562	0.0	893
CO997_RS15795	31	97.917	336	7	0	1	336	2365	2030	7.04e-167	582
CO997_RS15795	23	99.639	277	1	0	405	681	1	277	4.36e-144	507
CO997_RS15795	44	98.106	264	5	0	418	681	1000	737	3.44e-130	460
CO997_RS15795	47	87.123	365	47	0	40	404	365	1	2.72e-116	414
CO997_RS15895	2	98.253	687	12	0	1	687	82876	83562	0.0	1203
CO997_RS15895	47	99.464	373	2	0	38	410	373	1	0.0	678
CO997_RS15895	23	99.639	277	1	0	411	687	1	277	4.40e-144	507
CO997_RS15895	44	98.106	264	5	0	424	687	1000	737	3.47e-130	460
CO997_RS15895	53	97.222	36	1	0	1	36	69	104	4.11e-10	62.1
CO997_RS15920	2	98.253	687	12	0	1	687	82876	83562	0.0	1203
CO997_RS15920	47	99.464	373	2	0	38	410	373	1	0.0	678
CO997_RS15920	23	99.639	277	1	0	411	687	1	277	4.40e-144	507
CO997_RS15920	44	98.106	264	5	0	424	687	1000	737	3.47e-130	460
CO997_RS15920	53	97.222	36	1	0	1	36	69	104	4.11e-10	62.1
CO997_RS15930	2	97.962	687	14	0	1	687	82876	83562	0.0	1192
CO997_RS15930	47	98.928	373	4	0	38	410	373	1	0.0	667
CO997_RS15930	23	99.639	277	1	0	411	687	1	277	4.40e-144	507
CO997_RS15930	44	98.106	264	5	0	424	687	1000	737	3.47e-130	460
CO997_RS15930	53	97.222	36	1	0	1	36	69	104	4.11e-10	62.1
CO997_RS16245	42	75.746	503	116	4	752	1251	640	141	5.44e-66	248
CO997_RS16360	31	86.658	757	101	0	423	1179	6131	5375	0.0	839
CO997_RS16380	3	76.601	1218	276	9	28	1240	324012	322799	0.0	662
CO997_RS16440	27	91.549	213	18	0	7	219	9649	9437	1.12e-80	294
CO997_RS16440	31	85.380	171	23	2	1	170	5581	5412	4.22e-45	176
CO997_RS16455	2	96.145	441	14	1	218	658	83125	83562	0.0	717
CO997_RS16455	2	99.569	232	1	0	1	232	82876	83107	4.36e-119	424
CO997_RS16455	23	98.571	280	1	1	379	658	1	277	1.18e-139	492
CO997_RS16455	44	97.004	267	5	1	392	658	1000	737	9.30e-126	446
CO997_RS16455	47	99.487	195	1	0	38	232	373	179	1.61e-98	355
CO997_RS16455	47	98.710	155	2	0	224	378	155	1	1.29e-74	276
CO997_RS16455	53	97.222	36	1	0	1	36	69	104	3.94e-10	62.1
CO997_RS16475	2	98.399	687	11	0	1	687	82876	83562	0.0	1208
CO997_RS16475	47	99.732	373	1	0	38	410	373	1	0.0	684
CO997_RS16475	23	99.639	277	1	0	411	687	1	277	4.40e-144	507
CO997_RS16475	44	98.106	264	5	0	424	687	1000	737	3.47e-130	460
CO997_RS16475	53	97.222	36	1	0	1	36	69	104	4.11e-10	62.1
CO997_RS16485	22	83.618	586	96	0	8	593	23084	23669	1.79e-157	551
CO996_RS14820	42	75.746	503	116	4	752	1251	640	141	5.44e-66	248
CO996_RS15120	42	75.746	503	116	4	752	1251	640	141	5.44e-66	248
CO996_RS15215	31	86.658	757	101	0	423	1179	6131	5375	0.0	839
CO996_RS15235	31	86.658	757	101	0	423	1179	6131	5375	0.0	839
CO996_RS15255	3	76.746	1217	277	6	28	1241	324012	322799	0.0	675
CO996_RS15315	27	91.549	213	18	0	7	219	9649	9437	1.12e-80	294
CO996_RS15315	31	85.380	171	23	2	1	170	5581	5412	4.22e-45	176
CO996_RS15330	2	96.145	441	14	1	218	658	83125	83562	0.0	717
CO996_RS15330	2	99.569	232	1	0	1	232	82876	83107	4.36e-119	424
CO996_RS15330	23	98.571	280	1	1	379	658	1	277	1.18e-139	492
CO996_RS15330	44	97.004	267	5	1	392	658	1000	737	9.30e-126	446
CO996_RS15330	47	99.487	195	1	0	38	232	373	179	1.61e-98	355
CO996_RS15330	47	98.710	155	2	0	224	378	155	1	1.29e-74	276
CO996_RS15330	53	97.222	36	1	0	1	36	69	104	3.94e-10	62.1
CO996_RS15385	22	82.339	821	141	4	1	819	20706	21524	0.0	710
CO996_RS15390	22	80.615	650	120	6	37	683	20514	19868	2.66e-141	497
CO996_RS15395	22	81.921	1510	259	14	1	1503	19850	18348	0.0	1264
CO996_RS15405	21	99.484	1163	6	0	1	1163	21773	22935	0.0	2115
CO996_RS15465	31	99.604	757	3	0	423	1179	6131	5375	0.0	1382
CO996_RS15465	31	99.254	134	0	1	226	358	6261	6128	8.57e-64	241
CO996_RS15465	27	84.922	829	109	13	1	821	10627	9807	0.0	824
CO996_RS15465	21	100.000	65	0	0	1	65	21464	21400	1.16e-27	121
CO996_RS15490	21	99.398	1163	7	0	1	1163	21773	22935	0.0	2109
CO996_RS15495	21	99.691	1293	4	0	1	1293	20634	19342	0.0	2366
CO996_RS15500	21	100.000	261	0	0	1	261	21168	20908	2.69e-137	483
CO996_RS15505	31	86.658	757	101	0	423	1179	6131	5375	0.0	839
CO996_RS15520	21	99.495	396	2	0	1	396	23878	23483	0.0	721
CO996_RS15525	21	99.647	849	3	0	1	849	24739	23891	0.0	1552
CO996_RS15530	21	100.000	828	0	0	1	828	25581	24754	0.0	1530
CO996_RS15535	21	99.645	846	3	0	1	846	26438	25593	0.0	1546
CO996_RS15555	21	99.573	1170	5	0	1	1170	26692	27861	0.0	2134
CO996_RS15560	2	98.253	687	12	0	1	687	82876	83562	0.0	1203
CO996_RS15560	47	99.464	373	2	0	38	410	373	1	0.0	678
CO996_RS15560	23	98.917	277	3	0	411	687	1	277	9.52e-141	496
CO996_RS15560	44	98.106	264	5	0	424	687	1000	737	3.47e-130	460
CO996_RS15560	53	97.222	36	1	0	1	36	69	104	4.11e-10	62.1
CO996_RS15580	31	86.658	757	101	0	423	1179	6131	5375	0.0	839
CO996_RS15585	31	92.683	82	6	0	579	660	5323	5404	2.32e-27	119
CO996_RS15590	23	98.305	177	3	0	1	177	101	277	8.74e-86	311
CO996_RS15590	44	97.740	177	4	0	1	177	913	737	4.07e-84	305
CO996_RS15590	2	97.740	177	4	0	1	177	83386	83562	4.07e-84	305
CO996_RS15610	2	97.082	377	11	0	5	381	83186	83562	0.0	636
CO996_RS15610	23	99.278	277	2	0	105	381	1	277	1.11e-142	501
CO996_RS15610	44	97.727	264	6	0	118	381	1000	737	8.75e-129	455
CO996_RS15610	47	100.000	100	0	0	5	104	100	1	1.27e-47	185
CO996_RS15620	31	99.702	336	1	0	1	336	2365	2030	6.94e-177	616
CO996_RS15620	31	98.328	299	3	1	383	681	2034	1738	4.33e-149	523
CO996_RS15645	21	91.925	161	13	0	66	226	12581	12421	7.78e-60	226
CO996_RS15665	2	98.238	681	12	0	1	681	82882	83562	0.0	1192
CO996_RS15665	47	99.464	373	2	0	32	404	373	1	0.0	678
CO996_RS15665	23	99.639	277	1	0	405	681	1	277	4.36e-144	507
CO996_RS15665	44	98.106	264	5	0	418	681	1000	737	3.44e-130	460
CO996_RS15665	53	100.000	29	0	0	2	30	76	104	6.82e-08	54.7
CO996_RS15690	2	98.238	681	12	0	1	681	82882	83562	0.0	1192
CO996_RS15690	47	99.464	373	2	0	32	404	373	1	0.0	678
CO996_RS15690	23	99.639	277	1	0	405	681	1	277	4.36e-144	507
CO996_RS15690	44	98.106	264	5	0	418	681	1000	737	3.44e-130	460
CO996_RS15690	53	100.000	29	0	0	2	30	76	104	6.82e-08	54.7
CO996_RS15695	21	100.000	39	0	0	844	882	28224	28186	2.46e-13	73.1
CO996_RS15780	2	90.308	681	66	0	1	681	82882	83562	0.0	893
CO996_RS15780	31	97.917	336	7	0	1	336	2365	2030	7.04e-167	582
CO996_RS15780	23	99.639	277	1	0	405	681	1	277	4.36e-144	507
CO996_RS15780	44	98.106	264	5	0	418	681	1000	737	3.44e-130	460
CO996_RS15780	47	87.123	365	47	0	40	404	365	1	2.72e-116	414
CO996_RS15880	2	98.253	687	12	0	1	687	82876	83562	0.0	1203
CO996_RS15880	47	99.464	373	2	0	38	410	373	1	0.0	678
CO996_RS15880	23	99.639	277	1	0	411	687	1	277	4.40e-144	507
CO996_RS15880	44	98.106	264	5	0	424	687	1000	737	3.47e-130	460
CO996_RS15880	53	97.222	36	1	0	1	36	69	104	4.11e-10	62.1
CO996_RS15905	2	98.253	687	12	0	1	687	82876	83562	0.0	1203
CO996_RS15905	47	99.464	373	2	0	38	410	373	1	0.0	678
CO996_RS15905	23	99.639	277	1	0	411	687	1	277	4.40e-144	507
CO996_RS15905	44	98.106	264	5	0	424	687	1000	737	3.47e-130	460
CO996_RS15905	53	97.222	36	1	0	1	36	69	104	4.11e-10	62.1
CO996_RS15915	2	97.962	687	14	0	1	687	82876	83562	0.0	1192
CO996_RS15915	47	98.928	373	4	0	38	410	373	1	0.0	667
CO996_RS15915	23	99.639	277	1	0	411	687	1	277	4.40e-144	507
CO996_RS15915	44	98.106	264	5	0	424	687	1000	737	3.47e-130	460
CO996_RS15915	53	97.222	36	1	0	1	36	69	104	4.11e-10	62.1
CO996_RS15960	2	98.108	687	13	0	1	687	82876	83562	0.0	1197
CO996_RS15960	47	99.464	373	2	0	38	410	373	1	0.0	678
CO996_RS15960	23	99.278	277	2	0	411	687	1	277	2.05e-142	501
CO996_RS15960	44	97.727	264	6	0	424	687	1000	737	1.62e-128	455
CO996_RS15960	53	97.222	36	1	0	1	36	69	104	4.11e-10	62.1
CO996_RS15965	38	100.000	84	0	0	1	84	2505	2422	1.79e-39	156
CO996_RS15970	38	99.729	738	2	0	1	738	2297	1560	0.0	1352
CO996_RS15975	38	97.727	132	3	0	1	132	1555	1424	6.46e-61	228
CO996_RS15980	44	98.462	260	4	0	2	261	411	152	4.53e-130	459
CO996_RS15980	38	95.019	261	13	0	1	261	1390	1130	1.29e-115	411
CO996_RS16005	39	100.000	554	0	0	360	913	812	259	0.0	1024
CO996_RS16010	39	100.000	281	0	0	263	543	2460	2180	4.43e-148	520
CO996_RS16010	39	100.000	262	0	0	1	262	262	1	1.62e-137	484
CO996_RS16015	39	100.000	795	0	0	1	795	2087	1293	0.0	1469
CO996_RS16020	39	100.000	189	0	0	1	189	997	1185	1.99e-97	350
CO996_RS16025	39	100.000	208	0	0	1	208	1017	810	1.42e-107	385
CO996_RS16030	2	96.798	687	11	1	1	676	82876	83562	0.0	1136
CO996_RS16030	47	99.732	373	1	0	38	410	373	1	0.0	684
CO996_RS16030	23	95.668	277	1	1	411	676	1	277	2.07e-122	435
CO996_RS16030	44	93.939	264	5	1	424	676	1000	737	1.63e-108	388
CO996_RS16030	53	97.222	36	1	0	1	36	69	104	4.05e-10	62.1
CO996_RS16075	2	98.399	687	11	0	1	687	82876	83562	0.0	1208
CO996_RS16075	47	99.732	373	1	0	38	410	373	1	0.0	684
CO996_RS16075	23	99.639	277	1	0	411	687	1	277	4.40e-144	507
CO996_RS16075	44	98.106	264	5	0	424	687	1000	737	3.47e-130	460
CO996_RS16075	53	97.222	36	1	0	1	36	69	104	4.11e-10	62.1
CO996_RS16130	2	98.399	687	11	0	1	687	82876	83562	0.0	1208
CO996_RS16130	47	99.732	373	1	0	38	410	373	1	0.0	684
CO996_RS16130	23	99.639	277	1	0	411	687	1	277	4.40e-144	507
CO996_RS16130	44	98.106	264	5	0	424	687	1000	737	3.47e-130	460
CO996_RS16130	53	97.222	36	1	0	1	36	69	104	4.11e-10	62.1
CO996_RS16140	22	83.618	586	96	0	8	593	23084	23669	1.79e-157	551
CO994_RS14815	42	75.746	503	116	4	752	1251	640	141	5.44e-66	248
CO994_RS15115	42	75.746	503	116	4	752	1251	640	141	5.44e-66	248
CO994_RS15230	31	86.658	757	101	0	423	1179	6131	5375	0.0	839
CO994_RS15250	3	76.746	1217	277	6	28	1241	324012	322799	0.0	675
CO994_RS15310	27	91.549	213	18	0	7	219	9649	9437	1.12e-80	294
CO994_RS15310	31	85.380	171	23	2	1	170	5581	5412	4.22e-45	176
CO994_RS15325	2	96.145	441	14	1	218	658	83125	83562	0.0	717
CO994_RS15325	2	99.569	232	1	0	1	232	82876	83107	4.36e-119	424
CO994_RS15325	23	98.571	280	1	1	379	658	1	277	1.18e-139	492
CO994_RS15325	44	97.004	267	5	1	392	658	1000	737	9.30e-126	446
CO994_RS15325	47	99.487	195	1	0	38	232	373	179	1.61e-98	355
CO994_RS15325	47	98.710	155	2	0	224	378	155	1	1.29e-74	276
CO994_RS15325	53	97.222	36	1	0	1	36	69	104	3.94e-10	62.1
CO994_RS15375	22	82.339	821	141	4	1	819	20706	21524	0.0	710
CO994_RS15380	22	80.615	650	120	6	37	683	20514	19868	2.66e-141	497
CO994_RS15385	22	81.921	1510	259	14	1	1503	19850	18348	0.0	1264
CO994_RS15395	21	99.484	1163	6	0	1	1163	21773	22935	0.0	2115
CO994_RS15455	31	99.604	757	3	0	423	1179	6131	5375	0.0	1382
CO994_RS15455	31	99.254	134	0	1	226	358	6261	6128	8.57e-64	241
CO994_RS15455	27	84.922	829	109	13	1	821	10627	9807	0.0	824
CO994_RS15455	21	100.000	65	0	0	1	65	21464	21400	1.16e-27	121
CO994_RS15480	21	99.398	1163	7	0	1	1163	21773	22935	0.0	2109
CO994_RS15485	21	99.691	1293	4	0	1	1293	20634	19342	0.0	2366
CO994_RS15490	21	100.000	261	0	0	1	261	21168	20908	2.69e-137	483
CO994_RS15495	31	86.658	757	101	0	423	1179	6131	5375	0.0	839
CO994_RS15510	21	99.495	396	2	0	1	396	23878	23483	0.0	721
CO994_RS15515	21	99.647	849	3	0	1	849	24739	23891	0.0	1552
CO994_RS15520	21	100.000	828	0	0	1	828	25581	24754	0.0	1530
CO994_RS15525	21	99.645	846	3	0	1	846	26438	25593	0.0	1546
CO994_RS15545	21	99.573	1170	5	0	1	1170	26692	27861	0.0	2134
CO994_RS15550	2	98.253	687	12	0	1	687	82876	83562	0.0	1203
CO994_RS15550	47	99.464	373	2	0	38	410	373	1	0.0	678
CO994_RS15550	23	98.917	277	3	0	411	687	1	277	9.52e-141	496
CO994_RS15550	44	98.106	264	5	0	424	687	1000	737	3.47e-130	460
CO994_RS15550	53	97.222	36	1	0	1	36	69	104	4.11e-10	62.1
CO994_RS15570	31	86.658	757	101	0	423	1179	6131	5375	0.0	839
CO994_RS15575	31	92.683	82	6	0	579	660	5323	5404	2.32e-27	119
CO994_RS15580	23	98.305	177	3	0	1	177	101	277	8.74e-86	311
CO994_RS15580	44	97.740	177	4	0	1	177	913	737	4.07e-84	305
CO994_RS15580	2	97.740	177	4	0	1	177	83386	83562	4.07e-84	305
CO994_RS15600	2	97.082	377	11	0	5	381	83186	83562	0.0	636
CO994_RS15600	23	99.278	277	2	0	105	381	1	277	1.11e-142	501
CO994_RS15600	44	97.727	264	6	0	118	381	1000	737	8.75e-129	455
CO994_RS15600	47	100.000	100	0	0	5	104	100	1	1.27e-47	185
CO994_RS15610	31	99.702	336	1	0	1	336	2365	2030	6.94e-177	616
CO994_RS15610	31	98.328	299	3	1	383	681	2034	1738	4.33e-149	523
CO994_RS15635	21	91.925	161	13	0	66	226	12581	12421	7.78e-60	226
CO994_RS15655	2	98.238	681	12	0	1	681	82882	83562	0.0	1192
CO994_RS15655	47	99.464	373	2	0	32	404	373	1	0.0	678
CO994_RS15655	23	99.639	277	1	0	405	681	1	277	4.36e-144	507
CO994_RS15655	44	98.106	264	5	0	418	681	1000	737	3.44e-130	460
CO994_RS15655	53	100.000	29	0	0	2	30	76	104	6.82e-08	54.7
CO994_RS15680	2	98.238	681	12	0	1	681	82882	83562	0.0	1192
CO994_RS15680	47	99.464	373	2	0	32	404	373	1	0.0	678
CO994_RS15680	23	99.639	277	1	0	405	681	1	277	4.36e-144	507
CO994_RS15680	44	98.106	264	5	0	418	681	1000	737	3.44e-130	460
CO994_RS15680	53	100.000	29	0	0	2	30	76	104	6.82e-08	54.7
CO994_RS15685	21	100.000	39	0	0	844	882	28224	28186	2.46e-13	73.1
CO994_RS15770	2	90.308	681	66	0	1	681	82882	83562	0.0	893
CO994_RS15770	31	97.917	336	7	0	1	336	2365	2030	7.04e-167	582
CO994_RS15770	23	99.639	277	1	0	405	681	1	277	4.36e-144	507
CO994_RS15770	44	98.106	264	5	0	418	681	1000	737	3.44e-130	460
CO994_RS15770	47	87.123	365	47	0	40	404	365	1	2.72e-116	414
CO994_RS15870	2	98.253	687	12	0	1	687	82876	83562	0.0	1203
CO994_RS15870	47	99.464	373	2	0	38	410	373	1	0.0	678
CO994_RS15870	23	99.639	277	1	0	411	687	1	277	4.40e-144	507
CO994_RS15870	44	98.106	264	5	0	424	687	1000	737	3.47e-130	460
CO994_RS15870	53	97.222	36	1	0	1	36	69	104	4.11e-10	62.1
CO994_RS15895	2	98.253	687	12	0	1	687	82876	83562	0.0	1203
CO994_RS15895	47	99.464	373	2	0	38	410	373	1	0.0	678
CO994_RS15895	23	99.639	277	1	0	411	687	1	277	4.40e-144	507
CO994_RS15895	44	98.106	264	5	0	424	687	1000	737	3.47e-130	460
CO994_RS15895	53	97.222	36	1	0	1	36	69	104	4.11e-10	62.1
CO994_RS15905	2	97.962	687	14	0	1	687	82876	83562	0.0	1192
CO994_RS15905	47	98.928	373	4	0	38	410	373	1	0.0	667
CO994_RS15905	23	99.639	277	1	0	411	687	1	277	4.40e-144	507
CO994_RS15905	44	98.106	264	5	0	424	687	1000	737	3.47e-130	460
CO994_RS15905	53	97.222	36	1	0	1	36	69	104	4.11e-10	62.1
CO994_RS15950	2	98.108	687	13	0	1	687	82876	83562	0.0	1197
CO994_RS15950	47	99.464	373	2	0	38	410	373	1	0.0	678
CO994_RS15950	23	99.278	277	2	0	411	687	1	277	2.05e-142	501
CO994_RS15950	44	97.727	264	6	0	424	687	1000	737	1.62e-128	455
CO994_RS15950	53	97.222	36	1	0	1	36	69	104	4.11e-10	62.1
CO994_RS15955	38	100.000	84	0	0	1	84	2505	2422	1.79e-39	156
CO994_RS15960	38	99.729	738	2	0	1	738	2297	1560	0.0	1352
CO994_RS15965	38	97.727	132	3	0	1	132	1555	1424	6.46e-61	228
CO994_RS15970	44	98.462	260	4	0	2	261	411	152	4.53e-130	459
CO994_RS15970	38	95.019	261	13	0	1	261	1390	1130	1.29e-115	411
CO994_RS15995	39	100.000	554	0	0	360	913	812	259	0.0	1024
CO994_RS16000	39	100.000	281	0	0	263	543	2460	2180	4.43e-148	520
CO994_RS16000	39	100.000	262	0	0	1	262	262	1	1.62e-137	484
CO994_RS16005	39	100.000	795	0	0	1	795	2087	1293	0.0	1469
CO994_RS16010	39	100.000	189	0	0	1	189	997	1185	1.99e-97	350
CO994_RS16015	39	100.000	208	0	0	1	208	1017	810	1.42e-107	385
CO994_RS16020	2	96.798	687	11	1	1	676	82876	83562	0.0	1136
CO994_RS16020	47	99.732	373	1	0	38	410	373	1	0.0	684
CO994_RS16020	23	95.668	277	1	1	411	676	1	277	2.07e-122	435
CO994_RS16020	44	93.939	264	5	1	424	676	1000	737	1.63e-108	388
CO994_RS16020	53	97.222	36	1	0	1	36	69	104	4.05e-10	62.1
CO994_RS16065	2	98.399	687	11	0	1	687	82876	83562	0.0	1208
CO994_RS16065	47	99.732	373	1	0	38	410	373	1	0.0	684
CO994_RS16065	23	99.639	277	1	0	411	687	1	277	4.40e-144	507
CO994_RS16065	44	98.106	264	5	0	424	687	1000	737	3.47e-130	460
CO994_RS16065	53	97.222	36	1	0	1	36	69	104	4.11e-10	62.1
CO994_RS16120	2	98.399	687	11	0	1	687	82876	83562	0.0	1208
CO994_RS16120	47	99.732	373	1	0	38	410	373	1	0.0	684
CO994_RS16120	23	99.639	277	1	0	411	687	1	277	4.40e-144	507
CO994_RS16120	44	98.106	264	5	0	424	687	1000	737	3.47e-130	460
CO994_RS16120	53	97.222	36	1	0	1	36	69	104	4.11e-10	62.1
CO994_RS16130	22	83.618	586	96	0	8	593	23084	23669	1.79e-157	551
CO995_RS14815	42	75.746	503	116	4	752	1251	640	141	5.44e-66	248
CO995_RS15115	42	75.746	503	116	4	752	1251	640	141	5.44e-66	248
CO995_RS15230	31	86.658	757	101	0	423	1179	6131	5375	0.0	839
CO995_RS15250	3	76.746	1217	277	6	28	1241	324012	322799	0.0	675
CO995_RS15310	27	91.549	213	18	0	7	219	9649	9437	1.12e-80	294
CO995_RS15310	31	85.380	171	23	2	1	170	5581	5412	4.22e-45	176
CO995_RS15325	2	96.145	441	14	1	218	658	83125	83562	0.0	717
CO995_RS15325	2	99.569	232	1	0	1	232	82876	83107	4.36e-119	424
CO995_RS15325	23	98.571	280	1	1	379	658	1	277	1.18e-139	492
CO995_RS15325	44	97.004	267	5	1	392	658	1000	737	9.30e-126	446
CO995_RS15325	47	99.487	195	1	0	38	232	373	179	1.61e-98	355
CO995_RS15325	47	98.710	155	2	0	224	378	155	1	1.29e-74	276
CO995_RS15325	53	97.222	36	1	0	1	36	69	104	3.94e-10	62.1
CO995_RS15375	22	82.339	821	141	4	1	819	20706	21524	0.0	710
CO995_RS15380	22	80.615	650	120	6	37	683	20514	19868	2.66e-141	497
CO995_RS15385	22	81.921	1510	259	14	1	1503	19850	18348	0.0	1264
CO995_RS15395	21	99.484	1163	6	0	1	1163	21773	22935	0.0	2115
CO995_RS15455	31	99.604	757	3	0	423	1179	6131	5375	0.0	1382
CO995_RS15455	31	99.254	134	0	1	226	358	6261	6128	8.57e-64	241
CO995_RS15455	27	84.922	829	109	13	1	821	10627	9807	0.0	824
CO995_RS15455	21	100.000	65	0	0	1	65	21464	21400	1.16e-27	121
CO995_RS15480	21	99.398	1163	7	0	1	1163	21773	22935	0.0	2109
CO995_RS15485	21	99.691	1293	4	0	1	1293	20634	19342	0.0	2366
CO995_RS15490	21	100.000	261	0	0	1	261	21168	20908	2.69e-137	483
CO995_RS15495	31	86.658	757	101	0	423	1179	6131	5375	0.0	839
CO995_RS15510	21	99.495	396	2	0	1	396	23878	23483	0.0	721
CO995_RS15515	21	99.647	849	3	0	1	849	24739	23891	0.0	1552
CO995_RS15520	21	100.000	828	0	0	1	828	25581	24754	0.0	1530
CO995_RS15525	21	99.645	846	3	0	1	846	26438	25593	0.0	1546
CO995_RS15545	21	99.573	1170	5	0	1	1170	26692	27861	0.0	2134
CO995_RS15550	2	98.253	687	12	0	1	687	82876	83562	0.0	1203
CO995_RS15550	47	99.464	373	2	0	38	410	373	1	0.0	678
CO995_RS15550	23	98.917	277	3	0	411	687	1	277	9.52e-141	496
CO995_RS15550	44	98.106	264	5	0	424	687	1000	737	3.47e-130	460
CO995_RS15550	53	97.222	36	1	0	1	36	69	104	4.11e-10	62.1
CO995_RS15570	31	86.658	757	101	0	423	1179	6131	5375	0.0	839
CO995_RS15575	31	92.683	82	6	0	579	660	5323	5404	2.32e-27	119
CO995_RS15580	23	98.305	177	3	0	1	177	101	277	8.74e-86	311
CO995_RS15580	44	97.740	177	4	0	1	177	913	737	4.07e-84	305
CO995_RS15580	2	97.740	177	4	0	1	177	83386	83562	4.07e-84	305
CO995_RS15600	2	97.082	377	11	0	5	381	83186	83562	0.0	636
CO995_RS15600	23	99.278	277	2	0	105	381	1	277	1.11e-142	501
CO995_RS15600	44	97.727	264	6	0	118	381	1000	737	8.75e-129	455
CO995_RS15600	47	100.000	100	0	0	5	104	100	1	1.27e-47	185
CO995_RS15610	31	99.702	336	1	0	1	336	2365	2030	6.94e-177	616
CO995_RS15610	31	98.328	299	3	1	383	681	2034	1738	4.33e-149	523
CO995_RS15635	21	91.925	161	13	0	66	226	12581	12421	7.78e-60	226
CO995_RS15655	2	98.238	681	12	0	1	681	82882	83562	0.0	1192
CO995_RS15655	47	99.464	373	2	0	32	404	373	1	0.0	678
CO995_RS15655	23	99.639	277	1	0	405	681	1	277	4.36e-144	507
CO995_RS15655	44	98.106	264	5	0	418	681	1000	737	3.44e-130	460
CO995_RS15655	53	100.000	29	0	0	2	30	76	104	6.82e-08	54.7
CO995_RS15670	2	98.238	681	12	0	1	681	82882	83562	0.0	1192
CO995_RS15670	47	99.464	373	2	0	32	404	373	1	0.0	678
CO995_RS15670	23	99.639	277	1	0	405	681	1	277	4.36e-144	507
CO995_RS15670	44	98.106	264	5	0	418	681	1000	737	3.44e-130	460
CO995_RS15670	53	100.000	29	0	0	2	30	76	104	6.82e-08	54.7
CO995_RS15675	21	100.000	39	0	0	844	882	28224	28186	2.46e-13	73.1
CO995_RS15760	2	90.308	681	66	0	1	681	82882	83562	0.0	893
CO995_RS15760	31	97.917	336	7	0	1	336	2365	2030	7.04e-167	582
CO995_RS15760	23	99.639	277	1	0	405	681	1	277	4.36e-144	507
CO995_RS15760	44	98.106	264	5	0	418	681	1000	737	3.44e-130	460
CO995_RS15760	47	87.123	365	47	0	40	404	365	1	2.72e-116	414
CO995_RS15860	2	98.253	687	12	0	1	687	82876	83562	0.0	1203
CO995_RS15860	47	99.464	373	2	0	38	410	373	1	0.0	678
CO995_RS15860	23	99.639	277	1	0	411	687	1	277	4.40e-144	507
CO995_RS15860	44	98.106	264	5	0	424	687	1000	737	3.47e-130	460
CO995_RS15860	53	97.222	36	1	0	1	36	69	104	4.11e-10	62.1
CO995_RS15885	2	98.253	687	12	0	1	687	82876	83562	0.0	1203
CO995_RS15885	47	99.464	373	2	0	38	410	373	1	0.0	678
CO995_RS15885	23	99.639	277	1	0	411	687	1	277	4.40e-144	507
CO995_RS15885	44	98.106	264	5	0	424	687	1000	737	3.47e-130	460
CO995_RS15885	53	97.222	36	1	0	1	36	69	104	4.11e-10	62.1
CO995_RS15895	2	97.962	687	14	0	1	687	82876	83562	0.0	1192
CO995_RS15895	47	98.928	373	4	0	38	410	373	1	0.0	667
CO995_RS15895	23	99.639	277	1	0	411	687	1	277	4.40e-144	507
CO995_RS15895	44	98.106	264	5	0	424	687	1000	737	3.47e-130	460
CO995_RS15895	53	97.222	36	1	0	1	36	69	104	4.11e-10	62.1
CO995_RS15940	2	98.108	687	13	0	1	687	82876	83562	0.0	1197
CO995_RS15940	47	99.464	373	2	0	38	410	373	1	0.0	678
CO995_RS15940	23	99.278	277	2	0	411	687	1	277	2.05e-142	501
CO995_RS15940	44	97.727	264	6	0	424	687	1000	737	1.62e-128	455
CO995_RS15940	53	97.222	36	1	0	1	36	69	104	4.11e-10	62.1
CO995_RS15945	38	100.000	84	0	0	1	84	2505	2422	1.79e-39	156
CO995_RS15950	38	99.729	738	2	0	1	738	2297	1560	0.0	1352
CO995_RS15955	38	97.727	132	3	0	1	132	1555	1424	6.46e-61	228
CO995_RS15960	44	98.462	260	4	0	2	261	411	152	4.53e-130	459
CO995_RS15960	38	95.019	261	13	0	1	261	1390	1130	1.29e-115	411
CO995_RS15985	39	100.000	554	0	0	360	913	812	259	0.0	1024
CO995_RS15990	39	100.000	281	0	0	263	543	2460	2180	4.43e-148	520
CO995_RS15990	39	100.000	262	0	0	1	262	262	1	1.62e-137	484
CO995_RS15995	39	100.000	795	0	0	1	795	2087	1293	0.0	1469
CO995_RS16000	39	100.000	189	0	0	1	189	997	1185	1.99e-97	350
CO995_RS16005	39	100.000	208	0	0	1	208	1017	810	1.42e-107	385
CO995_RS16010	2	96.798	687	11	1	1	676	82876	83562	0.0	1136
CO995_RS16010	47	99.732	373	1	0	38	410	373	1	0.0	684
CO995_RS16010	23	95.668	277	1	1	411	676	1	277	2.07e-122	435
CO995_RS16010	44	93.939	264	5	1	424	676	1000	737	1.63e-108	388
CO995_RS16010	53	97.222	36	1	0	1	36	69	104	4.05e-10	62.1
CO995_RS16055	2	98.399	687	11	0	1	687	82876	83562	0.0	1208
CO995_RS16055	47	99.732	373	1	0	38	410	373	1	0.0	684
CO995_RS16055	23	99.639	277	1	0	411	687	1	277	4.40e-144	507
CO995_RS16055	44	98.106	264	5	0	424	687	1000	737	3.47e-130	460
CO995_RS16055	53	97.222	36	1	0	1	36	69	104	4.11e-10	62.1
CO995_RS16110	2	98.399	687	11	0	1	687	82876	83562	0.0	1208
CO995_RS16110	47	99.732	373	1	0	38	410	373	1	0.0	684
CO995_RS16110	23	99.639	277	1	0	411	687	1	277	4.40e-144	507
CO995_RS16110	44	98.106	264	5	0	424	687	1000	737	3.47e-130	460
CO995_RS16110	53	97.222	36	1	0	1	36	69	104	4.11e-10	62.1
CO995_RS16120	22	83.618	586	96	0	8	593	23084	23669	1.79e-157	551
CO998_RS14810	42	75.746	503	116	4	752	1251	640	141	5.44e-66	248
CO998_RS15110	42	75.746	503	116	4	752	1251	640	141	5.44e-66	248
CO998_RS15225	31	86.658	757	101	0	423	1179	6131	5375	0.0	839
CO998_RS15245	3	76.746	1217	277	6	28	1241	324012	322799	0.0	675
CO998_RS15305	27	91.549	213	18	0	7	219	9649	9437	1.12e-80	294
CO998_RS15305	31	85.380	171	23	2	1	170	5581	5412	4.22e-45	176
CO998_RS15320	2	96.145	441	14	1	218	658	83125	83562	0.0	717
CO998_RS15320	2	99.569	232	1	0	1	232	82876	83107	4.36e-119	424
CO998_RS15320	23	98.571	280	1	1	379	658	1	277	1.18e-139	492
CO998_RS15320	44	97.004	267	5	1	392	658	1000	737	9.30e-126	446
CO998_RS15320	47	99.487	195	1	0	38	232	373	179	1.61e-98	355
CO998_RS15320	47	98.710	155	2	0	224	378	155	1	1.29e-74	276
CO998_RS15320	53	97.222	36	1	0	1	36	69	104	3.94e-10	62.1
CO998_RS15375	22	82.339	821	141	4	1	819	20706	21524	0.0	710
CO998_RS15380	22	80.615	650	120	6	37	683	20514	19868	2.66e-141	497
CO998_RS15385	22	81.921	1510	259	14	1	1503	19850	18348	0.0	1264
CO998_RS15395	21	99.484	1163	6	0	1	1163	21773	22935	0.0	2115
CO998_RS15455	31	99.604	757	3	0	423	1179	6131	5375	0.0	1382
CO998_RS15455	31	99.254	134	0	1	226	358	6261	6128	8.57e-64	241
CO998_RS15455	27	84.922	829	109	13	1	821	10627	9807	0.0	824
CO998_RS15455	21	100.000	65	0	0	1	65	21464	21400	1.16e-27	121
CO998_RS15480	21	99.398	1163	7	0	1	1163	21773	22935	0.0	2109
CO998_RS15485	21	99.613	1293	5	0	1	1293	20634	19342	0.0	2361
CO998_RS15495	21	100.000	261	0	0	1	261	21168	20908	2.69e-137	483
CO998_RS15500	31	86.658	757	101	0	423	1179	6131	5375	0.0	839
CO998_RS15515	21	99.495	396	2	0	1	396	23878	23483	0.0	721
CO998_RS15520	21	99.647	849	3	0	1	849	24739	23891	0.0	1552
CO998_RS15525	21	100.000	828	0	0	1	828	25581	24754	0.0	1530
CO998_RS15530	21	99.645	846	3	0	1	846	26438	25593	0.0	1546
CO998_RS15550	21	99.573	1170	5	0	1	1170	26692	27861	0.0	2134
CO998_RS15555	2	98.253	687	12	0	1	687	82876	83562	0.0	1203
CO998_RS15555	47	99.464	373	2	0	38	410	373	1	0.0	678
CO998_RS15555	23	98.917	277	3	0	411	687	1	277	9.52e-141	496
CO998_RS15555	44	98.106	264	5	0	424	687	1000	737	3.47e-130	460
CO998_RS15555	53	97.222	36	1	0	1	36	69	104	4.11e-10	62.1
CO998_RS15575	31	86.658	757	101	0	423	1179	6131	5375	0.0	839
CO998_RS15580	31	92.683	82	6	0	579	660	5323	5404	2.32e-27	119
CO998_RS15585	23	98.305	177	3	0	1	177	101	277	8.74e-86	311
CO998_RS15585	44	97.740	177	4	0	1	177	913	737	4.07e-84	305
CO998_RS15585	2	97.740	177	4	0	1	177	83386	83562	4.07e-84	305
CO998_RS15605	2	97.082	377	11	0	5	381	83186	83562	0.0	636
CO998_RS15605	23	99.278	277	2	0	105	381	1	277	1.11e-142	501
CO998_RS15605	44	97.727	264	6	0	118	381	1000	737	8.75e-129	455
CO998_RS15605	47	100.000	100	0	0	5	104	100	1	1.27e-47	185
CO998_RS15615	31	99.702	336	1	0	1	336	2365	2030	6.94e-177	616
CO998_RS15615	31	98.328	299	3	1	383	681	2034	1738	4.33e-149	523
CO998_RS15640	21	91.925	161	13	0	66	226	12581	12421	7.78e-60	226
CO998_RS15660	2	98.238	681	12	0	1	681	82882	83562	0.0	1192
CO998_RS15660	47	99.464	373	2	0	32	404	373	1	0.0	678
CO998_RS15660	23	99.639	277	1	0	405	681	1	277	4.36e-144	507
CO998_RS15660	44	98.106	264	5	0	418	681	1000	737	3.44e-130	460
CO998_RS15660	53	100.000	29	0	0	2	30	76	104	6.82e-08	54.7
CO998_RS15685	2	98.238	681	12	0	1	681	82882	83562	0.0	1192
CO998_RS15685	47	99.464	373	2	0	32	404	373	1	0.0	678
CO998_RS15685	23	99.639	277	1	0	405	681	1	277	4.36e-144	507
CO998_RS15685	44	98.106	264	5	0	418	681	1000	737	3.44e-130	460
CO998_RS15685	53	100.000	29	0	0	2	30	76	104	6.82e-08	54.7
CO998_RS15690	21	100.000	39	0	0	844	882	28224	28186	2.46e-13	73.1
CO998_RS15775	2	90.308	681	66	0	1	681	82882	83562	0.0	893
CO998_RS15775	31	97.917	336	7	0	1	336	2365	2030	7.04e-167	582
CO998_RS15775	23	99.639	277	1	0	405	681	1	277	4.36e-144	507
CO998_RS15775	44	98.106	264	5	0	418	681	1000	737	3.44e-130	460
CO998_RS15775	47	87.123	365	47	0	40	404	365	1	2.72e-116	414
CO998_RS15875	2	98.253	687	12	0	1	687	82876	83562	0.0	1203
CO998_RS15875	47	99.464	373	2	0	38	410	373	1	0.0	678
CO998_RS15875	23	99.639	277	1	0	411	687	1	277	4.40e-144	507
CO998_RS15875	44	98.106	264	5	0	424	687	1000	737	3.47e-130	460
CO998_RS15875	53	97.222	36	1	0	1	36	69	104	4.11e-10	62.1
CO998_RS15900	2	98.253	687	12	0	1	687	82876	83562	0.0	1203
CO998_RS15900	47	99.464	373	2	0	38	410	373	1	0.0	678
CO998_RS15900	23	99.639	277	1	0	411	687	1	277	4.40e-144	507
CO998_RS15900	44	98.106	264	5	0	424	687	1000	737	3.47e-130	460
CO998_RS15900	53	97.222	36	1	0	1	36	69	104	4.11e-10	62.1
CO998_RS15910	2	97.962	687	14	0	1	687	82876	83562	0.0	1192
CO998_RS15910	47	98.928	373	4	0	38	410	373	1	0.0	667
CO998_RS15910	23	99.639	277	1	0	411	687	1	277	4.40e-144	507
CO998_RS15910	44	98.106	264	5	0	424	687	1000	737	3.47e-130	460
CO998_RS15910	53	97.222	36	1	0	1	36	69	104	4.11e-10	62.1
CO998_RS15955	2	98.108	687	13	0	1	687	82876	83562	0.0	1197
CO998_RS15955	47	99.464	373	2	0	38	410	373	1	0.0	678
CO998_RS15955	23	99.278	277	2	0	411	687	1	277	2.05e-142	501
CO998_RS15955	44	97.727	264	6	0	424	687	1000	737	1.62e-128	455
CO998_RS15955	53	97.222	36	1	0	1	36	69	104	4.11e-10	62.1
CO998_RS15960	38	100.000	84	0	0	1	84	2505	2422	1.79e-39	156
CO998_RS15965	38	99.729	738	2	0	1	738	2297	1560	0.0	1352
CO998_RS15970	38	97.727	132	3	0	1	132	1555	1424	6.46e-61	228
CO998_RS15975	44	98.462	260	4	0	2	261	411	152	4.53e-130	459
CO998_RS15975	38	95.019	261	13	0	1	261	1390	1130	1.29e-115	411
CO998_RS16000	39	100.000	554	0	0	360	913	812	259	0.0	1024
CO998_RS16005	39	100.000	281	0	0	263	543	2460	2180	4.43e-148	520
CO998_RS16005	39	100.000	262	0	0	1	262	262	1	1.62e-137	484
CO998_RS16010	39	100.000	795	0	0	1	795	2087	1293	0.0	1469
CO998_RS16015	39	100.000	189	0	0	1	189	997	1185	1.99e-97	350
CO998_RS16020	39	100.000	208	0	0	1	208	1017	810	1.42e-107	385
CO998_RS16025	2	96.798	687	11	1	1	676	82876	83562	0.0	1136
CO998_RS16025	47	99.732	373	1	0	38	410	373	1	0.0	684
CO998_RS16025	23	95.668	277	1	1	411	676	1	277	2.07e-122	435
CO998_RS16025	44	93.939	264	5	1	424	676	1000	737	1.63e-108	388
CO998_RS16025	53	97.222	36	1	0	1	36	69	104	4.05e-10	62.1
CO998_RS16070	2	98.399	687	11	0	1	687	82876	83562	0.0	1208
CO998_RS16070	47	99.732	373	1	0	38	410	373	1	0.0	684
CO998_RS16070	23	99.639	277	1	0	411	687	1	277	4.40e-144	507
CO998_RS16070	44	98.106	264	5	0	424	687	1000	737	3.47e-130	460
CO998_RS16070	53	97.222	36	1	0	1	36	69	104	4.11e-10	62.1
CO998_RS16125	2	98.399	687	11	0	1	687	82876	83562	0.0	1208
CO998_RS16125	47	99.732	373	1	0	38	410	373	1	0.0	684
CO998_RS16125	23	99.639	277	1	0	411	687	1	277	4.40e-144	507
CO998_RS16125	44	98.106	264	5	0	424	687	1000	737	3.47e-130	460
CO998_RS16125	53	97.222	36	1	0	1	36	69	104	4.11e-10	62.1
CO998_RS16135	22	83.618	586	96	0	8	593	23084	23669	1.79e-157	551
BB562_RS16975	2	98.399	687	11	0	1	687	82876	83562	0.0	1208
BB562_RS16975	47	99.464	373	2	0	38	410	373	1	0.0	678
BB562_RS16975	23	98.921	278	2	1	410	687	1	277	9.52e-141	496
BB562_RS16975	44	98.485	264	4	0	424	687	1000	737	7.46e-132	466
BB562_RS16975	53	97.222	36	1	0	1	36	69	104	4.11e-10	62.1
PNC201_RS18815	13	76.699	206	42	5	410	612	17944	17742	4.14e-24	110
PNC201_RS23200	41	78.244	1572	276	50	9	1533	1621	69	0.0	948
PNC201_RS23205	36	81.158	1019	177	13	1853	2864	1343	333	0.0	804
PNC201_RS23205	36	78.141	796	161	12	364	1152	2719	1930	1.53e-139	494
AIM85_RS23150	41	78.924	1580	258	55	8	1539	1621	69	0.0	1003
AIM85_RS23160	52	93.243	74	3	2	1	73	97	25	4.47e-25	108
AIM85_RS23160	6	93.243	74	3	2	1	73	156150	156078	4.47e-25	108
AIM85_RS23165	36	79.418	996	187	15	1867	2853	1342	356	0.0	688
AIM85_RS23165	36	77.956	812	147	29	378	1174	2720	1926	4.31e-135	479
BXT96_RS14470	2	98.108	687	13	0	1	687	82876	83562	0.0	1197
BXT96_RS14470	47	99.464	373	2	0	38	410	373	1	0.0	678
BXT96_RS14470	23	99.278	277	2	0	411	687	1	277	2.05e-142	501
BXT96_RS14470	44	97.727	264	6	0	424	687	1000	737	1.62e-128	455
BXT96_RS14470	53	97.222	36	1	0	1	36	69	104	4.11e-10	62.1
BXT96_RS14475	38	100.000	84	0	0	1	84	2505	2422	1.79e-39	156
BXT96_RS14480	38	99.729	738	2	0	1	738	2297	1560	0.0	1352
BXT96_RS14485	38	97.727	132	3	0	1	132	1555	1424	6.46e-61	228
BXT96_RS14490	44	98.462	260	4	0	2	261	411	152	4.53e-130	459
BXT96_RS14490	38	95.019	261	13	0	1	261	1390	1130	1.29e-115	411
BXT96_RS14515	39	100.000	554	0	0	360	913	812	259	0.0	1024
BXT96_RS14520	39	100.000	281	0	0	263	543	2460	2180	4.43e-148	520
BXT96_RS14520	39	100.000	262	0	0	1	262	262	1	1.62e-137	484
BXT96_RS14525	39	100.000	795	0	0	1	795	2087	1293	0.0	1469
BXT96_RS14530	39	100.000	189	0	0	1	189	997	1185	1.99e-97	350
BXT96_RS14535	39	100.000	208	0	0	1	208	1017	810	1.42e-107	385
BXT96_RS14540	2	98.399	687	11	0	1	687	82876	83562	0.0	1208
BXT96_RS14540	47	99.732	373	1	0	38	410	373	1	0.0	684
BXT96_RS14540	23	99.639	277	1	0	411	687	1	277	4.40e-144	507
BXT96_RS14540	44	98.106	264	5	0	424	687	1000	737	3.47e-130	460
BXT96_RS14540	53	97.222	36	1	0	1	36	69	104	4.11e-10	62.1
BXT96_RS14595	2	98.399	687	11	0	1	687	82876	83562	0.0	1208
BXT96_RS14595	47	99.732	373	1	0	38	410	373	1	0.0	684
BXT96_RS14595	23	99.639	277	1	0	411	687	1	277	4.40e-144	507
BXT96_RS14595	44	98.106	264	5	0	424	687	1000	737	3.47e-130	460
BXT96_RS14595	53	97.222	36	1	0	1	36	69	104	4.11e-10	62.1
BXT96_RS14640	2	98.399	687	11	0	1	687	82876	83562	0.0	1208
BXT96_RS14640	47	99.732	373	1	0	38	410	373	1	0.0	684
BXT96_RS14640	23	99.639	277	1	0	411	687	1	277	4.40e-144	507
BXT96_RS14640	44	98.106	264	5	0	424	687	1000	737	3.47e-130	460
BXT96_RS14640	53	97.222	36	1	0	1	36	69	104	4.11e-10	62.1
BXT96_RS14650	22	83.618	586	96	0	8	593	23084	23669	1.79e-157	551
BXT96_RS14665	21	99.573	1170	5	0	1	1170	26692	27861	0.0	2134
BXT96_RS14670	2	98.253	687	12	0	1	687	82876	83562	0.0	1203
BXT96_RS14670	47	99.464	373	2	0	38	410	373	1	0.0	678
BXT96_RS14670	23	98.917	277	3	0	411	687	1	277	9.52e-141	496
BXT96_RS14670	44	98.106	264	5	0	424	687	1000	737	3.47e-130	460
BXT96_RS14670	53	97.222	36	1	0	1	36	69	104	4.11e-10	62.1
BXT96_RS14685	23	98.305	177	3	0	1	177	101	277	8.74e-86	311
BXT96_RS14685	44	97.740	177	4	0	1	177	913	737	4.07e-84	305
BXT96_RS14685	2	97.740	177	4	0	1	177	83386	83562	4.07e-84	305
BXT96_RS14710	2	97.082	377	11	0	5	381	83186	83562	0.0	636
BXT96_RS14710	23	99.278	277	2	0	105	381	1	277	1.11e-142	501
BXT96_RS14710	44	97.727	264	6	0	118	381	1000	737	8.75e-129	455
BXT96_RS14710	47	100.000	100	0	0	5	104	100	1	1.27e-47	185
BXT96_RS14720	31	99.702	336	1	0	1	336	2365	2030	6.94e-177	616
BXT96_RS14720	31	98.328	299	3	1	383	681	2034	1738	4.33e-149	523
BXT96_RS14745	21	91.925	161	13	0	66	226	12581	12421	7.78e-60	226
BXT96_RS14765	2	98.238	681	12	0	1	681	82882	83562	0.0	1192
BXT96_RS14765	47	99.464	373	2	0	32	404	373	1	0.0	678
BXT96_RS14765	23	99.639	277	1	0	405	681	1	277	4.36e-144	507
BXT96_RS14765	44	98.106	264	5	0	418	681	1000	737	3.44e-130	460
BXT96_RS14765	53	100.000	29	0	0	2	30	76	104	6.82e-08	54.7
BXT96_RS14770	21	100.000	39	0	0	1282	1320	28224	28186	3.71e-13	73.1
BXT96_RS14775	35	100.000	566	0	0	1	566	3513	4078	0.0	1046
BXT96_RS14785	35	98.824	85	1	0	1	85	3241	3157	1.78e-37	152
BXT96_RS14865	35	99.855	1377	2	0	1	1377	582	1958	0.0	2532
BXT96_RS14870	35	100.000	582	0	0	76	657	1	582	0.0	1075
BXT96_RS14875	27	99.596	1237	5	0	1	1237	12696	13932	0.0	2257
BXT96_RS14880	27	98.969	97	1	0	60	156	12581	12677	1.04e-44	174
BXT96_RS14890	27	99.715	351	1	0	1	351	12024	12374	0.0	643
BXT96_RS14890	21	100.000	100	0	0	351	450	21579	21678	1.51e-47	185
BXT96_RS14895	27	99.715	351	1	0	1	351	11518	11868	0.0	643
BXT96_RS14900	27	93.956	182	0	1	1	182	11337	11507	7.12e-72	265
BXT96_RS14915	31	87.629	194	24	0	23	216	5568	5375	4.06e-60	226
BXT96_RS15050	31	97.959	49	1	0	1	49	1732	1684	1.45e-17	86.1
BXT96_RS15055	31	98.328	299	3	1	266	564	2034	1738	3.57e-149	523
BXT96_RS15055	31	99.543	219	1	0	1	219	2248	2030	6.27e-112	399
BXT96_RS15060	21	99.140	1163	10	0	1	1163	21773	22935	0.0	2093
BXT96_RS15160	31	99.107	336	3	0	1	336	2365	2030	1.50e-173	604
BXT96_RS15160	31	98.328	299	3	1	383	681	2034	1738	4.33e-149	523
BXT96_RS15180	28	100.000	198	0	0	1096	1293	3390	3587	1.49e-101	366
BXT96_RS15260	2	90.308	681	66	0	1	681	82882	83562	0.0	893
BXT96_RS15260	31	97.917	336	7	0	1	336	2365	2030	7.04e-167	582
BXT96_RS15260	23	99.639	277	1	0	405	681	1	277	4.36e-144	507
BXT96_RS15260	44	98.106	264	5	0	418	681	1000	737	3.44e-130	460
BXT96_RS15260	47	87.123	365	47	0	40	404	365	1	2.72e-116	414
BXT96_RS15360	2	98.253	687	12	0	1	687	82876	83562	0.0	1203
BXT96_RS15360	47	99.464	373	2	0	38	410	373	1	0.0	678
BXT96_RS15360	23	99.639	277	1	0	411	687	1	277	4.40e-144	507
BXT96_RS15360	44	98.106	264	5	0	424	687	1000	737	3.47e-130	460
BXT96_RS15360	53	97.222	36	1	0	1	36	69	104	4.11e-10	62.1
BXT96_RS15385	2	98.253	687	12	0	1	687	82876	83562	0.0	1203
BXT96_RS15385	47	99.464	373	2	0	38	410	373	1	0.0	678
BXT96_RS15385	23	99.639	277	1	0	411	687	1	277	4.40e-144	507
BXT96_RS15385	44	98.106	264	5	0	424	687	1000	737	3.47e-130	460
BXT96_RS15385	53	97.222	36	1	0	1	36	69	104	4.11e-10	62.1
BXT96_RS15395	2	97.962	687	14	0	1	687	82876	83562	0.0	1192
BXT96_RS15395	47	98.928	373	4	0	38	410	373	1	0.0	667
BXT96_RS15395	23	99.639	277	1	0	411	687	1	277	4.40e-144	507
BXT96_RS15395	44	98.106	264	5	0	424	687	1000	737	3.47e-130	460
BXT96_RS15395	53	97.222	36	1	0	1	36	69	104	4.11e-10	62.1
BXT96_RS15450	42	75.746	503	116	4	752	1251	640	141	5.44e-66	248
BXT96_RS15765	42	75.746	503	116	4	752	1251	640	141	5.44e-66	248
BXT96_RS15880	31	86.658	757	101	0	423	1179	6131	5375	0.0	839
BXT96_RS15900	3	76.746	1217	277	6	28	1241	324012	322799	0.0	675
BXT96_RS15960	27	91.549	213	18	0	7	219	9649	9437	1.12e-80	294
BXT96_RS15960	31	85.380	171	23	2	1	170	5581	5412	4.22e-45	176
BXT96_RS15975	2	96.145	441	14	1	218	658	83125	83562	0.0	717
BXT96_RS15975	2	99.569	232	1	0	1	232	82876	83107	4.36e-119	424
BXT96_RS15975	23	98.571	280	1	1	379	658	1	277	1.18e-139	492
BXT96_RS15975	44	97.004	267	5	1	392	658	1000	737	9.30e-126	446
BXT96_RS15975	47	99.487	195	1	0	38	232	373	179	1.61e-98	355
BXT96_RS15975	47	98.710	155	2	0	224	378	155	1	1.29e-74	276
BXT96_RS15975	53	97.222	36	1	0	1	36	69	104	3.94e-10	62.1
BXT96_RS16030	22	82.339	821	141	4	1	819	20706	21524	0.0	710
BXT96_RS16035	22	80.615	650	120	6	37	683	20514	19868	2.66e-141	497
BXT96_RS16040	22	81.921	1510	259	14	1	1503	19850	18348	0.0	1264
BXT96_RS16050	21	99.484	1163	6	0	1	1163	21773	22935	0.0	2115
BXT96_RS16115	21	99.398	1163	7	0	1	1163	21773	22935	0.0	2109
BXT96_RS16120	21	99.691	1293	4	0	1	1293	20634	19342	0.0	2366
BXT96_RS16125	21	100.000	261	0	0	1	261	21168	20908	2.69e-137	483
BXT96_RS16130	31	86.658	757	101	0	423	1179	6131	5375	0.0	839
BXT96_RS16145	21	99.495	396	2	0	1	396	23878	23483	0.0	721
BXT96_RS16150	21	99.647	849	3	0	1	849	24739	23891	0.0	1552
BXT96_RS16155	21	100.000	828	0	0	1	828	25581	24754	0.0	1530
BXT96_RS16160	21	99.645	846	3	0	1	846	26438	25593	0.0	1546
C2U45_RS25830	38	99.057	106	1	0	1	106	1555	1450	6.96e-50	191
C2U45_RS25835	38	99.729	738	2	0	1	738	2297	1560	0.0	1352
C2U45_RS25840	38	97.222	72	2	0	25	96	2493	2422	2.16e-29	122
CYD94_RS23935	36	80.642	1028	175	19	1760	2771	1345	326	0.0	774
CYD94_RS23935	36	75.862	1044	220	31	377	1401	2718	1688	2.45e-142	503
CYD94_RS23950	41	79.501	1322	224	37	246	1541	1368	68	0.0	896
C1940_RS16680	6	95.946	74	3	0	1	74	155960	155887	5.54e-29	121
BWI86_RS26305	8	96.368	468	17	0	1	468	33181	33648	0.0	771
BWI86_RS26310	8	96.552	87	3	0	1	87	33923	34009	4.06e-36	145
BWI86_RS26315	8	93.854	1920	118	0	1	1920	34025	35944	0.0	2892
BWI86_RS26320	8	87.634	186	23	0	1	186	36049	36234	2.07e-57	217
C3K24_RS26755	8	94.271	1920	110	0	1	1920	34025	35944	0.0	2937
C3K24_RS26760	8	100.000	87	0	0	1	87	33923	34009	4.03e-41	161
C3K24_RS26770	8	99.383	324	2	0	1	324	33325	33648	6.96e-169	588
FORC59_RS13840	2	98.399	687	11	0	1	687	82876	83562	0.0	1208
FORC59_RS13840	47	99.732	373	1	0	38	410	373	1	0.0	684
FORC59_RS13840	23	98.917	277	3	0	411	687	1	277	9.52e-141	496
FORC59_RS13840	44	98.106	264	5	0	424	687	1000	737	3.47e-130	460
FORC59_RS13840	53	97.222	36	1	0	1	36	69	104	4.11e-10	62.1
FORC59_RS13855	38	100.000	101	0	0	12	112	2626	2526	9.10e-49	187
FORC59_RS13860	38	100.000	84	0	0	1	84	2505	2422	1.79e-39	156
FORC59_RS13865	38	100.000	738	0	0	1	738	2297	1560	0.0	1363
FORC59_RS13870	38	98.485	132	2	0	1	132	1555	1424	1.39e-62	233
C7R88_RS17150	41	78.864	1585	252	61	8	1541	1621	69	0.0	994
C7R88_RS17155	36	80.838	1002	174	15	1780	2772	1342	350	0.0	771
CU052_RS27670	8	87.293	181	23	0	1	181	36049	36229	1.63e-54	207
CU052_RS27675	8	94.740	1920	101	0	1	1920	34025	35944	0.0	2987
CU052_RS27680	8	96.552	87	3	0	1	87	33923	34009	4.06e-36	145
E3T57_RS00015	2	98.253	687	12	0	1	687	82876	83562	0.0	1203
E3T57_RS00015	47	99.464	373	2	0	38	410	373	1	0.0	678
E3T57_RS00015	23	99.639	277	1	0	411	687	1	277	4.40e-144	507
E3T57_RS00015	44	98.106	264	5	0	424	687	1000	737	3.47e-130	460
E3T57_RS00015	53	97.222	36	1	0	1	36	69	104	4.11e-10	62.1
E3T57_RS00040	8	96.458	1920	68	0	1	1920	34025	35944	0.0	3169
E3T57_RS00045	8	100.000	87	0	0	1	87	33923	34009	4.03e-41	161
E3T57_RS00050	8	99.786	933	2	0	1	933	32716	33648	0.0	1712
E3T57_RS00055	8	100.000	671	0	0	44	714	32049	32719	0.0	1240
E3T57_RS00055	53	100.000	43	0	0	1	43	43	1	1.18e-15	80.5
E3T57_RS00055	2	100.000	43	0	0	1	43	82850	82808	1.18e-15	80.5
E3T57_RS00060	2	98.399	687	11	0	1	687	82876	83562	0.0	1208
E3T57_RS00060	47	99.732	373	1	0	38	410	373	1	0.0	684
E3T57_RS00060	23	99.639	277	1	0	411	687	1	277	4.40e-144	507
E3T57_RS00060	44	98.106	264	5	0	424	687	1000	737	3.47e-130	460
E3T57_RS00060	53	97.222	36	1	0	1	36	69	104	4.11e-10	62.1
E3T57_RS00070	2	98.836	687	8	0	1	687	82876	83562	0.0	1225
E3T57_RS00070	47	99.732	373	1	0	38	410	373	1	0.0	684
E3T57_RS00070	23	98.556	277	4	0	411	687	1	277	4.43e-139	490
E3T57_RS00070	44	99.242	264	2	0	424	687	1000	737	3.45e-135	477
E3T57_RS00070	53	97.222	36	1	0	1	36	69	104	4.11e-10	62.1
E3T57_RS00165	2	98.253	687	12	0	1	687	82876	83562	0.0	1203
E3T57_RS00165	47	99.464	373	2	0	38	410	373	1	0.0	678
E3T57_RS00165	23	99.639	277	1	0	411	687	1	277	4.40e-144	507
E3T57_RS00165	44	98.106	264	5	0	424	687	1000	737	3.47e-130	460
E3T57_RS00165	53	97.222	36	1	0	1	36	69	104	4.11e-10	62.1
E3T57_RS00185	2	98.399	687	11	0	1	687	82876	83562	0.0	1208
E3T57_RS00185	47	99.732	373	1	0	38	410	373	1	0.0	684
E3T57_RS00185	23	99.639	277	1	0	411	687	1	277	4.40e-144	507
E3T57_RS00185	44	98.106	264	5	0	424	687	1000	737	3.47e-130	460
E3T57_RS00185	53	97.222	36	1	0	1	36	69	104	4.11e-10	62.1
E3O52_RS00020	2	98.836	687	8	0	1	687	82876	83562	0.0	1225
E3O52_RS00020	47	99.732	373	1	0	38	410	373	1	0.0	684
E3O52_RS00020	23	98.556	277	4	0	411	687	1	277	4.43e-139	490
E3O52_RS00020	44	99.242	264	2	0	424	687	1000	737	3.45e-135	477
E3O52_RS00020	53	97.222	36	1	0	1	36	69	104	4.11e-10	62.1
E3O52_RS00030	2	98.836	687	8	0	1	687	82876	83562	0.0	1225
E3O52_RS00030	47	99.732	373	1	0	38	410	373	1	0.0	684
E3O52_RS00030	23	98.556	277	4	0	411	687	1	277	4.43e-139	490
E3O52_RS00030	44	99.242	264	2	0	424	687	1000	737	3.45e-135	477
E3O52_RS00030	53	97.222	36	1	0	1	36	69	104	4.11e-10	62.1
E3O52_RS00035	23	100.000	52	0	0	1	52	281	332	8.65e-21	97.1
E3O52_RS00035	44	100.000	51	0	0	1	51	733	683	3.11e-20	95.3
E3O52_RS00035	2	92.537	67	4	1	1	66	83566	83632	3.11e-20	95.3
E3O52_RS00070	2	98.836	687	8	0	1	687	82876	83562	0.0	1225
E3O52_RS00070	47	99.732	373	1	0	38	410	373	1	0.0	684
E3O52_RS00070	23	98.556	277	4	0	411	687	1	277	4.43e-139	490
E3O52_RS00070	44	99.242	264	2	0	424	687	1000	737	3.45e-135	477
E3O52_RS00070	53	97.222	36	1	0	1	36	69	104	4.11e-10	62.1
E3O52_RS00105	2	98.836	687	8	0	1	687	82876	83562	0.0	1225
E3O52_RS00105	47	99.732	373	1	0	38	410	373	1	0.0	684
E3O52_RS00105	23	98.556	277	4	0	411	687	1	277	4.43e-139	490
E3O52_RS00105	44	99.242	264	2	0	424	687	1000	737	3.45e-135	477
E3O52_RS00105	53	97.222	36	1	0	1	36	69	104	4.11e-10	62.1
E3O52_RS00115	2	98.544	687	7	3	1	684	82876	83562	0.0	1210
E3O52_RS00115	47	99.196	373	0	3	38	407	373	1	0.0	669
E3O52_RS00115	23	98.556	277	4	0	408	684	1	277	4.41e-139	490
E3O52_RS00115	44	99.242	264	2	0	421	684	1000	737	3.43e-135	477
E3O52_RS00115	53	97.222	36	1	0	1	36	69	104	4.10e-10	62.1
E3O52_RS00140	8	96.458	1920	68	0	1	1920	34025	35944	0.0	3169
E3O52_RS00145	8	100.000	87	0	0	1	87	33923	34009	4.03e-41	161
E3O52_RS00150	8	99.786	933	2	0	1	933	32716	33648	0.0	1712
E3O52_RS00155	8	99.851	671	1	0	44	714	32049	32719	0.0	1234
E3O52_RS00155	53	97.674	43	1	0	1	43	43	1	5.50e-14	75.0
E3O52_RS00155	2	97.674	43	1	0	1	43	82850	82808	5.50e-14	75.0
E3O52_RS00160	2	98.399	687	11	0	1	687	82876	83562	0.0	1208
E3O52_RS00160	47	99.732	373	1	0	38	410	373	1	0.0	684
E3O52_RS00160	23	99.639	277	1	0	411	687	1	277	4.40e-144	507
E3O52_RS00160	44	98.106	264	5	0	424	687	1000	737	3.47e-130	460
E3O52_RS00160	53	97.222	36	1	0	1	36	69	104	4.11e-10	62.1
E3O61_RS00015	8	96.458	1920	68	0	1	1920	34025	35944	0.0	3169
E3O61_RS00020	8	100.000	87	0	0	1	87	33923	34009	4.03e-41	161
E3O61_RS00025	8	99.786	933	2	0	1	933	32716	33648	0.0	1712
E3O61_RS00030	8	100.000	714	0	0	1	714	32006	32719	0.0	1319
E3O61_RS00035	2	98.399	687	11	0	1	687	82876	83562	0.0	1208
E3O61_RS00035	47	99.732	373	1	0	38	410	373	1	0.0	684
E3O61_RS00035	23	99.639	277	1	0	411	687	1	277	4.40e-144	507
E3O61_RS00035	44	98.106	264	5	0	424	687	1000	737	3.47e-130	460
E3O61_RS00035	53	97.222	36	1	0	1	36	69	104	4.11e-10	62.1
E3O61_RS00055	2	98.238	681	11	1	1	680	82882	83562	0.0	1190
E3O61_RS00055	47	99.464	373	1	1	32	403	373	1	0.0	676
E3O61_RS00055	23	99.639	277	1	0	404	680	1	277	4.35e-144	507
E3O61_RS00055	44	98.106	264	5	0	417	680	1000	737	3.44e-130	460
E3O61_RS00055	53	100.000	29	0	0	2	30	76	104	6.81e-08	54.7
E3O61_RS00090	2	98.108	687	12	1	1	686	82876	83562	0.0	1195
E3O61_RS00090	47	99.196	373	2	1	38	409	373	1	0.0	671
E3O61_RS00090	23	99.639	277	1	0	410	686	1	277	4.39e-144	507
E3O61_RS00090	44	98.106	264	5	0	423	686	1000	737	3.47e-130	460
E3O61_RS00090	53	97.222	36	1	0	1	36	69	104	4.11e-10	62.1
E3O61_RS00105	2	98.836	687	8	0	1	687	82876	83562	0.0	1225
E3O61_RS00105	47	99.732	373	1	0	38	410	373	1	0.0	684
E3O61_RS00105	23	98.556	277	4	0	411	687	1	277	4.43e-139	490
E3O61_RS00105	44	99.242	264	2	0	424	687	1000	737	3.45e-135	477
E3O61_RS00105	53	97.222	36	1	0	1	36	69	104	4.11e-10	62.1
E3O61_RS00115	2	97.962	687	13	1	1	686	82876	83562	0.0	1190
E3O61_RS00115	47	98.928	373	3	1	38	409	373	1	0.0	665
E3O61_RS00115	23	99.639	277	1	0	410	686	1	277	4.39e-144	507
E3O61_RS00115	44	98.106	264	5	0	423	686	1000	737	3.47e-130	460
E3O61_RS00115	53	97.222	36	1	0	1	36	69	104	4.11e-10	62.1
E3O61_RS00120	23	100.000	52	0	0	1	52	281	332	8.65e-21	97.1
E3O61_RS00120	44	100.000	51	0	0	1	51	733	683	3.11e-20	95.3
E3O61_RS00120	2	92.537	67	4	1	1	66	83566	83632	3.11e-20	95.3
E3O61_RS00175	2	98.253	687	12	0	1	687	82876	83562	0.0	1203
E3O61_RS00175	47	99.464	373	2	0	38	410	373	1	0.0	678
E3O61_RS00175	23	99.639	277	1	0	411	687	1	277	4.40e-144	507
E3O61_RS00175	44	98.106	264	5	0	424	687	1000	737	3.47e-130	460
E3O61_RS00175	53	97.222	36	1	0	1	36	69	104	4.11e-10	62.1
E3T45_RS00050	2	98.399	687	11	0	1	687	82876	83562	0.0	1208
E3T45_RS00050	47	99.732	373	1	0	38	410	373	1	0.0	684
E3T45_RS00050	23	99.639	277	1	0	411	687	1	277	4.40e-144	507
E3T45_RS00050	44	98.106	264	5	0	424	687	1000	737	3.47e-130	460
E3T45_RS00050	53	97.222	36	1	0	1	36	69	104	4.11e-10	62.1
E3T45_RS00070	2	98.399	687	11	0	1	687	82876	83562	0.0	1208
E3T45_RS00070	47	99.732	373	1	0	38	410	373	1	0.0	684
E3T45_RS00070	23	99.639	277	1	0	411	687	1	277	4.40e-144	507
E3T45_RS00070	44	98.106	264	5	0	424	687	1000	737	3.47e-130	460
E3T45_RS00070	53	97.222	36	1	0	1	36	69	104	4.11e-10	62.1
E3T45_RS00105	2	98.256	688	11	1	1	688	82876	83562	0.0	1203
E3T45_RS00105	47	99.465	374	1	1	38	411	373	1	0.0	678
E3T45_RS00105	23	99.639	277	1	0	412	688	1	277	4.40e-144	507
E3T45_RS00105	44	98.106	264	5	0	425	688	1000	737	3.48e-130	460
E3T45_RS00105	53	97.222	36	1	0	1	36	69	104	4.12e-10	62.1
E3T45_RS00130	8	96.458	1920	68	0	1	1920	34025	35944	0.0	3169
E3T45_RS00135	8	100.000	87	0	0	1	87	33923	34009	4.03e-41	161
E3T45_RS00140	8	99.786	933	2	0	1	933	32716	33648	0.0	1712
E3T45_RS00145	8	100.000	671	0	0	44	714	32049	32719	0.0	1240
E3T45_RS00145	53	100.000	43	0	0	1	43	43	1	1.18e-15	80.5
E3T45_RS00145	2	100.000	43	0	0	1	43	82850	82808	1.18e-15	80.5
E3T45_RS00150	2	98.836	687	8	0	1	687	82876	83562	0.0	1225
E3T45_RS00150	47	99.732	373	1	0	38	410	373	1	0.0	684
E3T45_RS00150	23	98.556	277	4	0	411	687	1	277	4.43e-139	490
E3T45_RS00150	44	99.242	264	2	0	424	687	1000	737	3.45e-135	477
E3T45_RS00150	53	97.222	36	1	0	1	36	69	104	4.11e-10	62.1
E3T45_RS00160	2	98.534	682	8	2	1	681	82882	83562	0.0	1203
E3T45_RS00160	47	99.198	374	1	2	32	404	373	1	0.0	673
E3T45_RS00160	23	98.556	277	4	0	405	681	1	277	4.39e-139	490
E3T45_RS00160	44	99.242	264	2	0	418	681	1000	737	3.42e-135	477
E3T45_RS00160	53	100.000	29	0	0	2	30	76	104	6.82e-08	54.7
E3T45_RS00175	2	98.836	687	8	0	1	687	82876	83562	0.0	1225
E3T45_RS00175	47	99.732	373	1	0	38	410	373	1	0.0	684
E3T45_RS00175	23	98.556	277	4	0	411	687	1	277	4.43e-139	490
E3T45_RS00175	44	99.242	264	2	0	424	687	1000	737	3.45e-135	477
E3T45_RS00175	53	97.222	36	1	0	1	36	69	104	4.11e-10	62.1
E3T45_RS00180	23	100.000	52	0	0	1	52	281	332	8.65e-21	97.1
E3T45_RS00180	44	100.000	51	0	0	1	51	733	683	3.11e-20	95.3
E3T45_RS00180	2	92.537	67	4	1	1	66	83566	83632	3.11e-20	95.3
E3T45_RS00205	2	98.399	687	11	0	1	687	82876	83562	0.0	1208
E3T45_RS00205	47	99.732	373	1	0	38	410	373	1	0.0	684
E3T45_RS00205	23	99.639	277	1	0	411	687	1	277	4.40e-144	507
E3T45_RS00205	44	98.106	264	5	0	424	687	1000	737	3.47e-130	460
E3T45_RS00205	53	97.222	36	1	0	1	36	69	104	4.11e-10	62.1
E3T36_RS00020	2	98.399	687	11	0	1	687	82876	83562	0.0	1208
E3T36_RS00020	47	99.732	373	1	0	38	410	373	1	0.0	684
E3T36_RS00020	23	99.639	277	1	0	411	687	1	277	4.40e-144	507
E3T36_RS00020	44	98.106	264	5	0	424	687	1000	737	3.47e-130	460
E3T36_RS00020	53	97.222	36	1	0	1	36	69	104	4.11e-10	62.1
E3T36_RS00055	2	98.836	687	8	0	1	687	82876	83562	0.0	1225
E3T36_RS00055	47	99.732	373	1	0	38	410	373	1	0.0	684
E3T36_RS00055	23	98.556	277	4	0	411	687	1	277	4.43e-139	490
E3T36_RS00055	44	99.242	264	2	0	424	687	1000	737	3.45e-135	477
E3T36_RS00055	53	97.222	36	1	0	1	36	69	104	4.11e-10	62.1
E3T36_RS00145	2	98.253	687	12	0	1	687	82876	83562	0.0	1203
E3T36_RS00145	47	99.464	373	2	0	38	410	373	1	0.0	678
E3T36_RS00145	23	99.639	277	1	0	411	687	1	277	4.40e-144	507
E3T36_RS00145	44	98.106	264	5	0	424	687	1000	737	3.47e-130	460
E3T36_RS00145	53	97.222	36	1	0	1	36	69	104	4.11e-10	62.1
E3T36_RS00165	2	98.399	687	11	0	1	687	82876	83562	0.0	1208
E3T36_RS00165	47	99.732	373	1	0	38	410	373	1	0.0	684
E3T36_RS00165	23	99.639	277	1	0	411	687	1	277	4.40e-144	507
E3T36_RS00165	44	98.106	264	5	0	424	687	1000	737	3.47e-130	460
E3T36_RS00165	53	97.222	36	1	0	1	36	69	104	4.11e-10	62.1
E3T36_RS00175	2	98.836	687	8	0	1	687	82876	83562	0.0	1225
E3T36_RS00175	47	99.732	373	1	0	38	410	373	1	0.0	684
E3T36_RS00175	23	98.556	277	4	0	411	687	1	277	4.43e-139	490
E3T36_RS00175	44	99.242	264	2	0	424	687	1000	737	3.45e-135	477
E3T36_RS00175	53	97.222	36	1	0	1	36	69	104	4.11e-10	62.1
E3T36_RS00180	8	100.000	671	0	0	44	714	32049	32719	0.0	1240
E3T36_RS00180	53	100.000	43	0	0	1	43	43	1	1.18e-15	80.5
E3T36_RS00180	2	100.000	43	0	0	1	43	82850	82808	1.18e-15	80.5
E3T36_RS00185	8	99.786	933	2	0	1	933	32716	33648	0.0	1712
E3T36_RS00190	8	100.000	87	0	0	1	87	33923	34009	4.03e-41	161
E3T36_RS00195	8	96.458	1920	68	0	1	1920	34025	35944	0.0	3169
E3O43_RS00005	2	98.385	681	11	0	1	681	82882	83562	0.0	1197
E3O43_RS00005	47	99.732	373	1	0	32	404	373	1	0.0	684
E3O43_RS00005	23	99.639	277	1	0	405	681	1	277	4.36e-144	507
E3O43_RS00005	44	98.106	264	5	0	418	681	1000	737	3.44e-130	460
E3O43_RS00005	53	100.000	29	0	0	2	30	76	104	6.82e-08	54.7
E3O43_RS00040	2	98.399	687	11	0	1	687	82876	83562	0.0	1208
E3O43_RS00040	47	99.732	373	1	0	38	410	373	1	0.0	684
E3O43_RS00040	23	99.639	277	1	0	411	687	1	277	4.40e-144	507
E3O43_RS00040	44	98.106	264	5	0	424	687	1000	737	3.47e-130	460
E3O43_RS00040	53	97.222	36	1	0	1	36	69	104	4.11e-10	62.1
E3O43_RS00060	2	98.399	687	11	0	1	687	82876	83562	0.0	1208
E3O43_RS00060	47	99.732	373	1	0	38	410	373	1	0.0	684
E3O43_RS00060	23	99.639	277	1	0	411	687	1	277	4.40e-144	507
E3O43_RS00060	44	98.106	264	5	0	424	687	1000	737	3.47e-130	460
E3O43_RS00060	53	97.222	36	1	0	1	36	69	104	4.11e-10	62.1
E3O43_RS00065	8	100.000	714	0	0	1	714	32006	32719	0.0	1319
E3O43_RS00070	8	99.786	933	2	0	1	933	32716	33648	0.0	1712
E3O43_RS00075	8	100.000	87	0	0	1	87	33923	34009	4.03e-41	161
E3O43_RS00080	8	96.458	1920	68	0	1	1920	34025	35944	0.0	3169
E3O43_RS00105	38	99.242	132	1	0	1	132	1555	1424	2.98e-64	239
E3O43_RS00110	38	99.864	738	1	0	1	738	2297	1560	0.0	1358
E3O43_RS00115	38	98.611	72	1	0	25	96	2493	2422	4.63e-31	128
E3O43_RS00120	38	100.000	101	0	0	12	112	2626	2526	9.10e-49	187
E3O43_RS00125	2	98.399	687	11	0	1	687	82876	83562	0.0	1208
E3O43_RS00125	47	99.732	373	1	0	38	410	373	1	0.0	684
E3O43_RS00125	23	99.639	277	1	0	411	687	1	277	4.40e-144	507
E3O43_RS00125	44	98.106	264	5	0	424	687	1000	737	3.47e-130	460
E3O43_RS00125	53	97.222	36	1	0	1	36	69	104	4.11e-10	62.1
E3O43_RS00180	23	100.000	52	0	0	1	52	281	332	8.65e-21	97.1
E3O43_RS00180	44	100.000	51	0	0	1	51	733	683	3.11e-20	95.3
E3O43_RS00180	2	92.537	67	4	1	1	66	83566	83632	3.11e-20	95.3
E3O43_RS00185	2	98.253	687	12	0	1	687	82876	83562	0.0	1203
E3O43_RS00185	47	99.464	373	2	0	38	410	373	1	0.0	678
E3O43_RS00185	23	99.639	277	1	0	411	687	1	277	4.40e-144	507
E3O43_RS00185	44	98.106	264	5	0	424	687	1000	737	3.47e-130	460
E3O43_RS00185	53	97.222	36	1	0	1	36	69	104	4.11e-10	62.1
E3O43_RS00195	2	98.836	687	8	0	1	687	82876	83562	0.0	1225
E3O43_RS00195	47	99.732	373	1	0	38	410	373	1	0.0	684
E3O43_RS00195	23	98.556	277	4	0	411	687	1	277	4.43e-139	490
E3O43_RS00195	44	99.242	264	2	0	424	687	1000	737	3.45e-135	477
E3O43_RS00195	53	97.222	36	1	0	1	36	69	104	4.11e-10	62.1
E3O58_RS00010	2	98.836	687	8	0	1	687	82876	83562	0.0	1225
E3O58_RS00010	47	99.732	373	1	0	38	410	373	1	0.0	684
E3O58_RS00010	23	98.556	277	4	0	411	687	1	277	4.43e-139	490
E3O58_RS00010	44	99.242	264	2	0	424	687	1000	737	3.45e-135	477
E3O58_RS00010	53	97.222	36	1	0	1	36	69	104	4.11e-10	62.1
E3O58_RS00050	39	99.819	554	1	0	356	909	812	259	0.0	1018
E3O58_RS00055	39	100.000	229	0	0	1	229	262	34	1.57e-119	424
E3O58_RS00065	39	100.000	252	0	0	1	252	2431	2180	2.60e-132	466
E3O58_RS00070	39	100.000	795	0	0	1	795	2087	1293	0.0	1469
E3O58_RS00075	38	97.619	84	2	0	1	84	2505	2422	3.88e-36	145
E3O58_RS00080	38	99.864	738	1	0	1	738	2297	1560	0.0	1358
E3O58_RS00085	38	99.225	129	1	0	1	129	1615	1487	1.50e-62	233
E3O58_RS00090	40	96.412	864	31	0	1	864	340	1203	0.0	1424
E3O58_RS00095	40	97.802	273	6	0	1	273	66	338	6.08e-134	472
E3O58_RS00100	51	100.000	135	0	0	33	167	135	1	2.41e-67	250
E3O58_RS00100	38	100.000	32	0	0	1	32	32	1	4.36e-10	60.2
E3O58_RS00100	44	100.000	31	0	0	1	31	32	2	1.57e-09	58.4
E3O58_RS00105	38	98.428	318	5	0	1	318	448	131	1.49e-160	560
E3O58_RS00110	2	98.399	687	11	0	1	687	82876	83562	0.0	1208
E3O58_RS00110	47	99.732	373	1	0	38	410	373	1	0.0	684
E3O58_RS00110	23	99.639	277	1	0	411	687	1	277	4.40e-144	507
E3O58_RS00110	44	98.106	264	5	0	424	687	1000	737	3.47e-130	460
E3O58_RS00110	53	97.222	36	1	0	1	36	69	104	4.11e-10	62.1
E3O58_RS00130	53	100.000	37	0	0	618	654	1	37	2.34e-12	69.4
E3O58_RS00130	2	100.000	37	0	0	618	654	82808	82844	2.34e-12	69.4
E3O58_RS00135	2	98.399	687	11	0	1	687	82876	83562	0.0	1208
E3O58_RS00135	47	99.732	373	1	0	38	410	373	1	0.0	684
E3O58_RS00135	23	99.639	277	1	0	411	687	1	277	4.40e-144	507
E3O58_RS00135	44	98.106	264	5	0	424	687	1000	737	3.47e-130	460
E3O58_RS00135	53	97.222	36	1	0	1	36	69	104	4.11e-10	62.1
E3O58_RS00225	2	98.399	687	11	0	1	687	82876	83562	0.0	1208
E3O58_RS00225	47	99.732	373	1	0	38	410	373	1	0.0	684
E3O58_RS00225	23	99.639	277	1	0	411	687	1	277	4.40e-144	507
E3O58_RS00225	44	98.106	264	5	0	424	687	1000	737	3.47e-130	460
E3O58_RS00225	53	97.222	36	1	0	1	36	69	104	4.11e-10	62.1
E3O58_RS00245	2	98.399	687	11	0	1	687	82876	83562	0.0	1208
E3O58_RS00245	47	99.732	373	1	0	38	410	373	1	0.0	684
E3O58_RS00245	23	99.639	277	1	0	411	687	1	277	4.40e-144	507
E3O58_RS00245	44	98.106	264	5	0	424	687	1000	737	3.47e-130	460
E3O58_RS00245	53	97.222	36	1	0	1	36	69	104	4.11e-10	62.1
E3O58_RS00280	2	98.399	687	11	0	1	687	82876	83562	0.0	1208
E3O58_RS00280	47	99.732	373	1	0	38	410	373	1	0.0	684
E3O58_RS00280	23	99.639	277	1	0	411	687	1	277	4.40e-144	507
E3O58_RS00280	44	98.106	264	5	0	424	687	1000	737	3.47e-130	460
E3O58_RS00280	53	97.222	36	1	0	1	36	69	104	4.11e-10	62.1
E3O58_RS00305	8	96.406	1920	69	0	1	1920	34025	35944	0.0	3164
E3O58_RS00310	8	100.000	87	0	0	1	87	33923	34009	4.03e-41	161
E3O58_RS00315	8	99.786	933	2	0	1	933	32716	33648	0.0	1712
E3O58_RS00320	8	100.000	671	0	0	44	714	32049	32719	0.0	1240
E3O58_RS00320	53	100.000	43	0	0	1	43	43	1	1.18e-15	80.5
E3O58_RS00320	2	100.000	43	0	0	1	43	82850	82808	1.18e-15	80.5
E3O58_RS00325	2	98.544	687	7	3	1	684	82876	83562	0.0	1210
E3O58_RS00325	47	99.196	373	0	3	38	407	373	1	0.0	669
E3O58_RS00325	23	98.556	277	4	0	408	684	1	277	4.41e-139	490
E3O58_RS00325	44	99.242	264	2	0	421	684	1000	737	3.43e-135	477
E3O58_RS00325	53	97.222	36	1	0	1	36	69	104	4.10e-10	62.1
E3O58_RS00335	2	98.836	687	8	0	1	687	82876	83562	0.0	1225
E3O58_RS00335	47	99.732	373	1	0	38	410	373	1	0.0	684
E3O58_RS00335	23	98.556	277	4	0	411	687	1	277	4.43e-139	490
E3O58_RS00335	44	99.242	264	2	0	424	687	1000	737	3.45e-135	477
E3O58_RS00335	53	97.222	36	1	0	1	36	69	104	4.11e-10	62.1
E3O58_RS00370	2	98.544	687	7	3	1	684	82876	83562	0.0	1210
E3O58_RS00370	47	99.196	373	0	3	38	407	373	1	0.0	669
E3O58_RS00370	23	98.556	277	4	0	408	684	1	277	4.41e-139	490
E3O58_RS00370	44	99.242	264	2	0	421	684	1000	737	3.43e-135	477
E3O58_RS00370	53	97.222	36	1	0	1	36	69	104	4.10e-10	62.1
E3O58_RS00375	23	100.000	52	0	0	1	52	281	332	8.65e-21	97.1
E3O58_RS00375	44	100.000	51	0	0	1	51	733	683	3.11e-20	95.3
E3O58_RS00375	2	92.537	67	4	1	1	66	83566	83632	3.11e-20	95.3
DQW09_RS23870	41	82.957	1062	160	16	440	1491	1113	63	0.0	939
DQW09_RS23875	6	90.323	62	6	0	1	62	154793	154732	2.76e-17	82.4
DQW09_RS23875	6	90.323	62	6	0	1	62	155460	155399	2.76e-17	82.4
DQW09_RS23880	46	92.424	66	5	0	8	73	591	526	3.48e-21	95.3
DQW09_RS23880	19	92.424	66	5	0	8	73	254	319	3.48e-21	95.3
DQW09_RS23885	36	81.986	1027	164	16	1687	2698	1346	326	0.0	852
DQW09_RS23885	36	73.754	1063	221	52	404	1439	2723	1692	1.17e-100	364
DQW09_RS33385	41	82.957	1062	160	16	440	1491	1113	63	0.0	939
DQW09_RS33390	6	90.323	62	6	0	1	62	154793	154732	2.76e-17	82.4
DQW09_RS33390	6	90.323	62	6	0	1	62	155460	155399	2.76e-17	82.4
DQW09_RS33395	46	92.424	66	5	0	8	73	591	526	3.48e-21	95.3
DQW09_RS33395	19	92.424	66	5	0	8	73	254	319	3.48e-21	95.3
DQW09_RS33400	36	81.986	1027	164	16	1687	2698	1346	326	0.0	852
DQW09_RS33400	36	73.754	1063	221	52	404	1439	2723	1692	1.17e-100	364
GAY71_RS22260	31	95.185	270	13	0	556	825	2672	2941	4.25e-120	427
GAY71_RS22280	44	96.241	532	20	0	1614	2145	683	152	0.0	872
GAY71_RS22280	38	94.231	260	15	0	1886	2145	1389	1130	8.81e-111	398
GAY71_RS22285	38	97.436	897	23	0	1	897	1027	131	0.0	1530
GAY71_RS22290	51	100.000	135	0	0	33	167	135	1	2.41e-67	250
GAY71_RS22290	38	100.000	32	0	0	1	32	32	1	4.36e-10	60.2
GAY71_RS22290	44	100.000	31	0	0	1	31	32	2	1.57e-09	58.4
GAY71_RS22295	40	97.802	273	6	0	1	273	66	338	6.08e-134	472
GAY71_RS22300	40	96.412	864	31	0	1	864	340	1203	0.0	1424
GAY71_RS22305	38	99.225	129	1	0	1	129	1615	1487	1.50e-62	233
GAY71_RS22310	38	99.593	738	3	0	1	738	2297	1560	0.0	1347
GAY71_RS22315	38	98.810	84	1	0	1	84	2505	2422	8.34e-38	150
GAY71_RS22320	40	96.412	864	31	0	1	864	340	1203	0.0	1424
GAY71_RS22325	40	97.802	273	6	0	1	273	66	338	6.08e-134	472
GAY71_RS22330	51	100.000	135	0	0	33	167	135	1	2.41e-67	250
GAY71_RS22330	38	100.000	32	0	0	1	32	32	1	4.36e-10	60.2
GAY71_RS22330	44	100.000	31	0	0	1	31	32	2	1.57e-09	58.4
GAY71_RS22335	38	97.436	897	23	0	1	897	1027	131	0.0	1530
GAY71_RS22340	44	96.241	532	20	0	1812	2343	683	152	0.0	872
GAY71_RS22340	38	94.231	260	15	0	2084	2343	1389	1130	9.63e-111	398
F1M88_RS14080	2	98.544	687	10	0	1	687	82876	83562	0.0	1214
F1M88_RS14080	47	100.000	373	0	0	38	410	373	1	0.0	689
F1M88_RS14080	23	99.639	277	1	0	411	687	1	277	4.40e-144	507
F1M88_RS14080	44	98.106	264	5	0	424	687	1000	737	3.47e-130	460
F1M88_RS14080	53	97.222	36	1	0	1	36	69	104	4.11e-10	62.1
F1M88_RS14085	38	96.495	856	30	0	1	856	1027	172	0.0	1415
F1M88_RS14085	2	93.182	44	3	0	845	888	83628	83585	4.14e-11	65.8
F1M88_RS14085	44	100.000	32	0	0	857	888	683	714	1.93e-09	60.2
F1M88_RS14085	23	100.000	32	0	0	857	888	331	300	1.93e-09	60.2
F1M88_RS14090	44	98.462	260	4	0	2	261	411	152	4.53e-130	459
F1M88_RS14090	38	95.019	261	13	0	1	261	1390	1130	1.29e-115	411
F1M88_RS14095	38	98.507	67	1	0	207	273	1490	1424	9.12e-28	119
F1M88_RS14110	38	97.333	75	2	0	1	75	1557	1483	4.59e-30	128
FNZ59_RS24415	8	96.368	468	17	0	1	468	33181	33648	0.0	771
FNZ59_RS24420	8	96.552	87	3	0	1	87	33923	34009	4.06e-36	145
FNZ59_RS24425	8	93.854	1920	118	0	1	1920	34025	35944	0.0	2892
FNZ59_RS24430	8	89.222	167	18	0	2	168	36068	36234	3.09e-55	209
GQN55_RS01160	8	96.368	468	17	0	1	468	33181	33648	0.0	771
GQN55_RS01165	8	95.726	117	5	0	1	117	33893	34009	2.67e-49	189
GQN55_RS01170	8	93.854	1920	118	0	1	1920	34025	35944	0.0	2892
GQN55_RS01175	8	89.222	167	18	0	2	168	36068	36234	3.09e-55	209
AL023_RS14820	2	98.253	687	12	0	1	687	82876	83562	0.0	1203
AL023_RS14820	47	99.464	373	2	0	38	410	373	1	0.0	678
AL023_RS14820	23	99.639	277	1	0	411	687	1	277	4.40e-144	507
AL023_RS14820	44	98.106	264	5	0	424	687	1000	737	3.47e-130	460
AL023_RS14820	53	97.222	36	1	0	1	36	69	104	4.11e-10	62.1
AL023_RS14825	38	100.000	84	0	0	1	84	2505	2422	1.79e-39	156
AL023_RS14830	38	99.729	738	2	0	1	738	2297	1560	0.0	1352
AL023_RS17345	38	97.727	132	3	0	1	132	1555	1424	6.46e-61	228
AL023_RS14835	44	98.462	260	4	0	2	261	411	152	4.53e-130	459
AL023_RS14835	38	95.019	261	13	0	1	261	1390	1130	1.29e-115	411
AL023_RS14860	39	100.000	554	0	0	356	909	812	259	0.0	1024
AL023_RS14865	39	100.000	281	0	0	263	543	2460	2180	4.43e-148	520
AL023_RS14865	39	100.000	262	0	0	1	262	262	1	1.62e-137	484
AL023_RS14870	39	99.874	795	1	0	1	795	2087	1293	0.0	1463
AL023_RS14880	39	100.000	189	0	0	1	189	997	1185	1.99e-97	350
AL023_RS14885	39	100.000	208	0	0	1	208	1017	810	1.42e-107	385
AL023_RS17350	44	98.864	88	1	0	15	102	824	737	6.37e-40	158
AL023_RS17350	23	98.864	88	1	0	15	102	190	277	6.37e-40	158
AL023_RS17350	2	98.864	88	1	0	15	102	83475	83562	6.37e-40	158
AL023_RS14900	2	98.353	607	10	0	1	607	82876	83482	0.0	1066
AL023_RS14900	47	99.732	373	1	0	38	410	373	1	0.0	684
AL023_RS14900	23	100.000	197	0	0	411	607	1	197	2.47e-101	364
AL023_RS14900	44	97.826	184	4	0	424	607	1000	817	1.95e-87	318
AL023_RS14900	53	97.222	36	1	0	1	36	69	104	3.63e-10	62.1
AL023_RS14930	2	98.399	687	11	0	1	687	82876	83562	0.0	1208
AL023_RS14930	47	99.732	373	1	0	38	410	373	1	0.0	684
AL023_RS14930	23	99.639	277	1	0	411	687	1	277	4.40e-144	507
AL023_RS14930	44	98.106	264	5	0	424	687	1000	737	3.47e-130	460
AL023_RS14930	53	97.222	36	1	0	1	36	69	104	4.11e-10	62.1
AL023_RS15015	2	98.399	687	11	0	1	687	82876	83562	0.0	1208
AL023_RS15015	47	99.732	373	1	0	38	410	373	1	0.0	684
AL023_RS15015	23	99.639	277	1	0	411	687	1	277	4.40e-144	507
AL023_RS15015	44	98.106	264	5	0	424	687	1000	737	3.47e-130	460
AL023_RS15015	53	97.222	36	1	0	1	36	69	104	4.11e-10	62.1
AL023_RS15020	2	98.399	687	11	0	1	687	82876	83562	0.0	1208
AL023_RS15020	47	99.732	373	1	0	38	410	373	1	0.0	684
AL023_RS15020	23	99.639	277	1	0	411	687	1	277	4.40e-144	507
AL023_RS15020	44	98.106	264	5	0	424	687	1000	737	3.47e-130	460
AL023_RS15020	53	97.222	36	1	0	1	36	69	104	4.11e-10	62.1
AL023_RS15025	2	98.253	687	12	0	1	687	82876	83562	0.0	1203
AL023_RS15025	47	99.464	373	2	0	38	410	373	1	0.0	678
AL023_RS15025	23	99.639	277	1	0	411	687	1	277	4.40e-144	507
AL023_RS15025	44	98.106	264	5	0	424	687	1000	737	3.47e-130	460
AL023_RS15025	53	97.222	36	1	0	1	36	69	104	4.11e-10	62.1
AL023_RS15060	22	83.788	586	95	0	8	593	23084	23669	3.84e-159	556
AL023_RS15175	31	86.526	757	102	0	423	1179	6131	5375	0.0	833
AL023_RS15335	42	75.746	503	116	4	752	1251	640	141	5.44e-66	248
AL023_RS15450	31	86.658	757	101	0	423	1179	6131	5375	0.0	839
AL023_RS15470	3	76.746	1217	277	6	28	1241	324012	322799	0.0	675
AL023_RS15525	27	91.549	213	18	0	7	219	9649	9437	1.12e-80	294
AL023_RS15525	31	85.380	171	23	2	1	170	5581	5412	4.22e-45	176
AL023_RS15540	2	96.145	441	14	1	218	658	83125	83562	0.0	717
AL023_RS15540	2	99.569	232	1	0	1	232	82876	83107	4.36e-119	424
AL023_RS15540	23	98.571	280	1	1	379	658	1	277	1.18e-139	492
AL023_RS15540	44	97.004	267	5	1	392	658	1000	737	9.30e-126	446
AL023_RS15540	47	99.487	195	1	0	38	232	373	179	1.61e-98	355
AL023_RS15540	47	98.710	155	2	0	224	378	155	1	1.29e-74	276
AL023_RS15540	53	97.222	36	1	0	1	36	69	104	3.94e-10	62.1
AL023_RS15600	22	82.339	821	141	4	1	819	20706	21524	0.0	710
AL023_RS15605	22	80.615	650	120	6	37	683	20514	19868	2.66e-141	497
AL023_RS15610	22	81.921	1510	259	14	1	1503	19850	18348	0.0	1264
AL023_RS15620	21	99.484	1163	6	0	1	1163	21773	22935	0.0	2115
AL023_RS15690	21	99.398	1163	7	0	1	1163	21773	22935	0.0	2109
AL023_RS15700	21	99.691	1293	4	0	1	1293	20634	19342	0.0	2366
AL023_RS15705	21	100.000	261	0	0	1	261	21168	20908	2.69e-137	483
AL023_RS15710	31	86.658	757	101	0	423	1179	6131	5375	0.0	839
AL023_RS15730	21	99.495	396	2	0	1	396	23878	23483	0.0	721
AL023_RS15735	21	99.647	849	3	0	1	849	24739	23891	0.0	1552
AL023_RS15740	21	100.000	828	0	0	1	828	25581	24754	0.0	1530
AL023_RS15745	21	99.645	846	3	0	1	846	26438	25593	0.0	1546
AL023_RS15765	21	99.573	1170	5	0	1	1170	26692	27861	0.0	2134
AL023_RS15770	2	98.253	687	12	0	1	687	82876	83562	0.0	1203
AL023_RS15770	47	99.464	373	2	0	38	410	373	1	0.0	678
AL023_RS15770	23	98.917	277	3	0	411	687	1	277	9.52e-141	496
AL023_RS15770	44	98.106	264	5	0	424	687	1000	737	3.47e-130	460
AL023_RS15770	53	97.222	36	1	0	1	36	69	104	4.11e-10	62.1
AL023_RS15790	23	98.305	177	3	0	1	177	101	277	8.74e-86	311
AL023_RS15790	44	97.740	177	4	0	1	177	913	737	4.07e-84	305
AL023_RS15790	2	97.740	177	4	0	1	177	83386	83562	4.07e-84	305
AL023_RS15815	2	97.082	377	11	0	5	381	83186	83562	0.0	636
AL023_RS15815	23	99.278	277	2	0	105	381	1	277	1.11e-142	501
AL023_RS15815	44	97.727	264	6	0	118	381	1000	737	8.75e-129	455
AL023_RS15815	47	100.000	100	0	0	5	104	100	1	1.27e-47	185
AL023_RS15820	31	99.702	336	1	0	1	336	2365	2030	6.94e-177	616
AL023_RS15820	31	98.328	299	3	1	383	681	2034	1738	4.33e-149	523
AL023_RS15845	21	91.925	161	13	0	66	226	12581	12421	7.78e-60	226
AL023_RS15865	2	98.238	681	12	0	1	681	82882	83562	0.0	1192
AL023_RS15865	47	99.464	373	2	0	32	404	373	1	0.0	678
AL023_RS15865	23	99.639	277	1	0	405	681	1	277	4.36e-144	507
AL023_RS15865	44	98.106	264	5	0	418	681	1000	737	3.44e-130	460
AL023_RS15865	53	100.000	29	0	0	2	30	76	104	6.82e-08	54.7
AL023_RS15890	2	98.238	681	12	0	1	681	82882	83562	0.0	1192
AL023_RS15890	47	99.464	373	2	0	32	404	373	1	0.0	678
AL023_RS15890	23	99.639	277	1	0	405	681	1	277	4.36e-144	507
AL023_RS15890	44	98.106	264	5	0	418	681	1000	737	3.44e-130	460
AL023_RS15890	53	100.000	29	0	0	2	30	76	104	6.82e-08	54.7
AL023_RS15895	21	100.000	39	0	0	1282	1320	28224	28186	3.71e-13	73.1
AL023_RS15900	35	100.000	566	0	0	1	566	3513	4078	0.0	1046
AL023_RS17080	35	98.824	85	1	0	1	85	3241	3157	1.78e-37	152
AL023_RS15995	35	99.855	1377	2	0	1	1377	582	1958	0.0	2532
AL023_RS16000	35	100.000	582	0	0	76	657	1	582	0.0	1075
AL023_RS16005	27	99.596	1237	5	0	1	1237	12696	13932	0.0	2257
AL023_RS17385	27	98.969	97	1	0	60	156	12581	12677	1.04e-44	174
AL023_RS16025	27	99.715	351	1	0	1	351	12024	12374	0.0	643
AL023_RS16025	21	100.000	100	0	0	351	450	21579	21678	1.51e-47	185
AL023_RS17390	27	99.715	351	1	0	1	351	11518	11868	0.0	643
AL023_RS17395	27	93.956	182	0	1	1	182	11337	11507	7.12e-72	265
AL023_RS16050	31	87.629	194	24	0	23	216	5568	5375	4.06e-60	226
AL023_RS16185	31	97.959	49	1	0	1	49	1732	1684	1.45e-17	86.1
AL023_RS16190	31	98.328	299	3	1	266	564	2034	1738	3.57e-149	523
AL023_RS16190	31	99.543	219	1	0	1	219	2248	2030	6.27e-112	399
AL023_RS16200	21	99.140	1163	10	0	1	1163	21773	22935	0.0	2093
AL023_RS16300	31	99.107	336	3	0	1	336	2365	2030	1.50e-173	604
AL023_RS16300	31	98.328	299	3	1	383	681	2034	1738	4.33e-149	523
AL023_RS16325	28	100.000	198	0	0	1096	1293	3390	3587	1.49e-101	366
AL023_RS16405	2	90.308	681	66	0	1	681	82882	83562	0.0	893
AL023_RS16405	31	97.917	336	7	0	1	336	2365	2030	7.04e-167	582
AL023_RS16405	23	99.639	277	1	0	405	681	1	277	4.36e-144	507
AL023_RS16405	44	98.106	264	5	0	418	681	1000	737	3.44e-130	460
AL023_RS16405	47	87.123	365	47	0	40	404	365	1	2.72e-116	414
AL023_RS16515	2	98.253	687	12	0	1	687	82876	83562	0.0	1203
AL023_RS16515	47	99.464	373	2	0	38	410	373	1	0.0	678
AL023_RS16515	23	99.639	277	1	0	411	687	1	277	4.40e-144	507
AL023_RS16515	44	98.106	264	5	0	424	687	1000	737	3.47e-130	460
AL023_RS16515	53	97.222	36	1	0	1	36	69	104	4.11e-10	62.1
AL023_RS16540	2	98.253	687	12	0	1	687	82876	83562	0.0	1203
AL023_RS16540	47	99.464	373	2	0	38	410	373	1	0.0	678
AL023_RS16540	23	99.639	277	1	0	411	687	1	277	4.40e-144	507
AL023_RS16540	44	98.106	264	5	0	424	687	1000	737	3.47e-130	460
AL023_RS16540	53	97.222	36	1	0	1	36	69	104	4.11e-10	62.1
AL023_RS16550	2	98.399	687	11	0	1	687	82876	83562	0.0	1208
AL023_RS16550	47	99.732	373	1	0	38	410	373	1	0.0	684
AL023_RS16550	23	99.639	277	1	0	411	687	1	277	4.40e-144	507
AL023_RS16550	44	98.106	264	5	0	424	687	1000	737	3.47e-130	460
AL023_RS16550	53	97.222	36	1	0	1	36	69	104	4.11e-10	62.1
AL023_RS16605	42	75.746	503	116	4	752	1251	640	141	5.44e-66	248
EBB55_RS14625	21	99.764	849	2	0	1	849	24739	23891	0.0	1557
EBB55_RS14630	21	99.495	396	2	0	1	396	23878	23483	0.0	721
EBB55_RS14645	21	99.398	1163	7	0	1	1163	21773	22935	0.0	2109
EBB55_RS14770	31	86.658	757	101	0	423	1179	6131	5375	0.0	839
EBB55_RS14780	21	100.000	261	0	0	1	261	21168	20908	2.69e-137	483
EBB55_RS14785	21	99.691	1293	4	0	1	1293	20634	19342	0.0	2366
EBB55_RS14795	21	99.398	1163	7	0	1	1163	21773	22935	0.0	2109
EBB55_RS14870	21	99.484	1163	6	0	1	1163	21773	22935	0.0	2115
EBB55_RS14885	22	81.987	1510	258	14	1	1503	19850	18348	0.0	1269
EBB55_RS14890	22	80.615	650	120	6	37	683	20514	19868	2.66e-141	497
EBB55_RS14895	22	82.339	821	141	4	1	819	20706	21524	0.0	710
EBB55_RS14945	2	96.145	441	14	1	218	658	83125	83562	0.0	717
EBB55_RS14945	2	99.569	232	1	0	1	232	82876	83107	4.36e-119	424
EBB55_RS14945	23	98.571	280	1	1	379	658	1	277	1.18e-139	492
EBB55_RS14945	44	97.004	267	5	1	392	658	1000	737	9.30e-126	446
EBB55_RS14945	47	99.487	195	1	0	38	232	373	179	1.61e-98	355
EBB55_RS14945	47	98.710	155	2	0	224	378	155	1	1.29e-74	276
EBB55_RS14945	53	97.222	36	1	0	1	36	69	104	3.94e-10	62.1
EBB55_RS14960	27	91.549	213	18	0	7	219	9649	9437	1.12e-80	294
EBB55_RS14960	31	85.380	171	23	2	1	170	5581	5412	4.22e-45	176
EBB55_RS15000	3	76.746	1217	277	6	28	1241	324012	322799	0.0	675
EBB55_RS15015	31	86.658	757	101	0	423	1179	6131	5375	0.0	839
EBB55_RS15125	42	75.746	503	116	4	752	1251	640	141	5.44e-66	248
EBB55_RS15170	2	98.253	687	12	0	1	687	82876	83562	0.0	1203
EBB55_RS15170	47	99.464	373	2	0	38	410	373	1	0.0	678
EBB55_RS15170	23	98.917	277	3	0	411	687	1	277	9.52e-141	496
EBB55_RS15170	44	98.106	264	5	0	424	687	1000	737	3.47e-130	460
EBB55_RS15170	53	97.222	36	1	0	1	36	69	104	4.11e-10	62.1
EBB55_RS15195	2	98.253	687	12	0	1	687	82876	83562	0.0	1203
EBB55_RS15195	47	99.464	373	2	0	38	410	373	1	0.0	678
EBB55_RS15195	23	99.639	277	1	0	411	687	1	277	4.40e-144	507
EBB55_RS15195	44	98.106	264	5	0	424	687	1000	737	3.47e-130	460
EBB55_RS15195	53	97.222	36	1	0	1	36	69	104	4.11e-10	62.1
EBB55_RS15245	2	98.253	687	12	0	1	687	82876	83562	0.0	1203
EBB55_RS15245	47	99.464	373	2	0	38	410	373	1	0.0	678
EBB55_RS15245	23	99.639	277	1	0	411	687	1	277	4.40e-144	507
EBB55_RS15245	44	98.106	264	5	0	424	687	1000	737	3.47e-130	460
EBB55_RS15245	53	97.222	36	1	0	1	36	69	104	4.11e-10	62.1
EBB55_RS15265	21	91.925	161	13	0	66	226	12581	12421	7.78e-60	226
EBB55_RS15290	2	98.399	687	11	0	1	687	82876	83562	0.0	1208
EBB55_RS15290	47	99.732	373	1	0	38	410	373	1	0.0	684
EBB55_RS15290	23	99.639	277	1	0	411	687	1	277	4.40e-144	507
EBB55_RS15290	44	98.106	264	5	0	424	687	1000	737	3.47e-130	460
EBB55_RS15290	53	97.222	36	1	0	1	36	69	104	4.11e-10	62.1
EBB55_RS15305	31	98.810	336	4	0	1	336	2365	2030	6.99e-172	599
EBB55_RS15305	31	97.993	299	4	1	383	681	2034	1738	2.01e-147	518
EBB55_RS15335	2	92.669	682	48	2	1	681	82882	83562	0.0	981
EBB55_RS15335	23	98.917	277	3	0	405	681	1	277	9.43e-141	496
EBB55_RS15335	47	90.591	372	33	2	34	404	371	1	1.22e-139	492
EBB55_RS15335	44	98.106	264	5	0	418	681	1000	737	3.44e-130	460
EBB55_RS15345	27	93.956	182	0	1	1	182	11337	11507	7.12e-72	265
EBB55_RS15350	27	99.715	351	1	0	1	351	11518	11868	0.0	643
EBB55_RS15355	27	99.715	351	1	0	1	351	12024	12374	0.0	643
EBB55_RS15355	21	99.000	100	1	0	351	450	21579	21678	7.02e-46	180
EBB55_RS15365	27	98.969	97	1	0	60	156	12581	12677	1.04e-44	174
EBB55_RS15370	27	99.757	1237	3	0	1	1237	12696	13932	0.0	2268
EBB55_RS15375	35	100.000	582	0	0	76	657	1	582	0.0	1075
EBB55_RS15380	35	99.927	1377	1	0	1	1377	582	1958	0.0	2538
EBB55_RS15385	21	90.337	1097	106	0	1	1097	20634	19538	0.0	1439
EBB55_RS15445	35	98.824	85	1	0	1	85	3241	3157	4.47e-37	152
EBB55_RS15515	9	80.039	1538	296	10	33	1566	82096	83626	0.0	1129
EBB55_RS15520	35	98.824	85	1	0	1	85	3241	3157	4.47e-37	152
EBB55_RS15530	35	100.000	566	0	0	1	566	3513	4078	0.0	1046
EBB55_RS15535	21	100.000	39	0	0	1282	1320	28224	28186	3.71e-13	73.1
EBB55_RS15545	21	99.573	1170	5	0	1	1170	26692	27861	0.0	2134
EBB55_RS15550	21	99.764	846	2	0	1	846	26438	25593	0.0	1552
EBB55_RS15555	21	100.000	828	0	0	1	828	25581	24754	0.0	1530
EBB55_RS15600	2	98.399	687	11	0	1	687	82876	83562	0.0	1208
EBB55_RS15600	47	99.732	373	1	0	38	410	373	1	0.0	684
EBB55_RS15600	23	99.639	277	1	0	411	687	1	277	4.40e-144	507
EBB55_RS15600	44	98.106	264	5	0	424	687	1000	737	3.47e-130	460
EBB55_RS15600	53	97.222	36	1	0	1	36	69	104	4.11e-10	62.1
EBB55_RS15750	2	98.399	687	11	0	1	687	82876	83562	0.0	1208
EBB55_RS15750	47	99.732	373	1	0	38	410	373	1	0.0	684
EBB55_RS15750	23	99.639	277	1	0	411	687	1	277	4.40e-144	507
EBB55_RS15750	44	98.106	264	5	0	424	687	1000	737	3.47e-130	460
EBB55_RS15750	53	97.222	36	1	0	1	36	69	104	4.11e-10	62.1
EBB55_RS15790	2	98.399	687	11	0	1	687	82876	83562	0.0	1208
EBB55_RS15790	47	99.732	373	1	0	38	410	373	1	0.0	684
EBB55_RS15790	23	99.639	277	1	0	411	687	1	277	4.40e-144	507
EBB55_RS15790	44	98.106	264	5	0	424	687	1000	737	3.47e-130	460
EBB55_RS15790	53	97.222	36	1	0	1	36	69	104	4.11e-10	62.1
EBB55_RS15855	2	98.399	687	11	0	1	687	82876	83562	0.0	1208
EBB55_RS15855	47	99.732	373	1	0	38	410	373	1	0.0	684
EBB55_RS15855	23	99.639	277	1	0	411	687	1	277	4.40e-144	507
EBB55_RS15855	44	98.106	264	5	0	424	687	1000	737	3.47e-130	460
EBB55_RS15855	53	97.222	36	1	0	1	36	69	104	4.11e-10	62.1
EBB55_RS15930	2	98.399	687	11	0	1	687	82876	83562	0.0	1208
EBB55_RS15930	47	99.732	373	1	0	38	410	373	1	0.0	684
EBB55_RS15930	23	99.639	277	1	0	411	687	1	277	4.40e-144	507
EBB55_RS15930	44	98.106	264	5	0	424	687	1000	737	3.47e-130	460
EBB55_RS15930	53	97.222	36	1	0	1	36	69	104	4.11e-10	62.1
EBB55_RS15955	21	99.484	1163	6	0	1	1163	21773	22935	0.0	2115
EBB55_RS15960	21	100.000	35	0	0	221	255	21698	21732	1.12e-11	65.8
EBB55_RS16000	2	98.399	687	11	0	1	687	82876	83562	0.0	1208
EBB55_RS16000	47	99.732	373	1	0	38	410	373	1	0.0	684
EBB55_RS16000	23	99.639	277	1	0	411	687	1	277	4.40e-144	507
EBB55_RS16000	44	98.106	264	5	0	424	687	1000	737	3.47e-130	460
EBB55_RS16000	53	97.222	36	1	0	1	36	69	104	4.11e-10	62.1
EBB55_RS16170	38	99.729	738	2	0	1	738	2297	1560	0.0	1352
EBB55_RS16325	38	99.225	129	1	0	1	129	1615	1487	1.50e-62	233
EBB55_RS16175	40	96.412	864	31	0	1	864	340	1203	0.0	1424
EBB55_RS16180	40	97.802	273	6	0	1	273	66	338	6.08e-134	472
EBB55_RS16185	51	100.000	135	0	0	33	167	135	1	2.41e-67	250
EBB55_RS16185	38	100.000	32	0	0	1	32	32	1	4.36e-10	60.2
EBB55_RS16185	44	100.000	31	0	0	1	31	32	2	1.57e-09	58.4
EBB55_RS16190	39	100.000	252	0	0	1	252	2431	2180	2.60e-132	466
EBB55_RS16195	39	100.000	795	0	0	1	795	2087	1293	0.0	1469
EBB55_RS16200	38	100.000	101	0	0	12	112	2626	2526	9.10e-49	187
EBB55_RS16205	38	98.810	84	1	0	1	84	2505	2422	8.34e-38	150
C7I30_RS13355	44	96.241	532	20	0	1614	2145	683	152	0.0	872
C7I30_RS13355	38	94.231	260	15	0	1886	2145	1389	1130	8.81e-111	398
C7I30_RS13360	38	97.310	855	23	0	1	855	985	131	0.0	1452
C7I30_RS13365	51	100.000	135	0	0	33	167	135	1	2.41e-67	250
C7I30_RS13365	38	100.000	32	0	0	1	32	32	1	4.36e-10	60.2
C7I30_RS13365	44	100.000	31	0	0	1	31	32	2	1.57e-09	58.4
C7I30_RS13370	40	97.802	273	6	0	1	273	66	338	6.08e-134	472
C7I30_RS13375	40	96.412	864	31	0	1	864	340	1203	0.0	1424
C7I30_RS13380	38	99.593	738	3	0	1	738	2297	1560	0.0	1347
C7I30_RS13385	38	98.810	84	1	0	1	84	2505	2422	8.34e-38	150
C7I30_RS13465	2	98.385	681	11	0	1	681	82882	83562	0.0	1197
C7I30_RS13465	47	99.732	373	1	0	32	404	373	1	0.0	684
C7I30_RS13465	23	99.639	277	1	0	405	681	1	277	4.36e-144	507
C7I30_RS13465	44	98.106	264	5	0	418	681	1000	737	3.44e-130	460
C7I30_RS13465	53	100.000	29	0	0	2	30	76	104	6.82e-08	54.7
C7I30_RS13470	39	100.000	795	0	0	1	795	2087	1293	0.0	1469
C7I30_RS13475	38	100.000	101	0	0	12	112	2626	2526	9.10e-49	187
C7I30_RS13480	38	100.000	84	0	0	1	84	2505	2422	1.79e-39	156
C7I30_RS13485	38	98.374	738	3	1	1	729	2297	1560	0.0	1288
C7I31_RS13830	38	98.810	84	1	0	1	84	2505	2422	8.34e-38	150
C7I31_RS13835	38	99.864	738	1	0	1	738	2297	1560	0.0	1358
C7I31_RS14045	38	98.810	84	1	0	1	84	2505	2422	8.34e-38	150
C7I31_RS14050	38	99.864	738	1	0	1	738	2297	1560	0.0	1358
C7I31_RS14080	2	98.091	681	13	0	1	681	82882	83562	0.0	1186
C7I31_RS14080	47	99.732	373	1	0	32	404	373	1	0.0	684
C7I31_RS14080	23	98.556	277	4	0	405	681	1	277	4.39e-139	490
C7I31_RS14080	44	97.727	264	6	0	418	681	1000	737	1.60e-128	455
C7I31_RS14090	31	100.000	975	0	0	1	975	114	1088	0.0	1801
C7I31_RS14095	31	100.000	195	0	0	1	195	1531	1725	9.53e-101	361
C7I31_RS14100	31	99.206	630	3	1	1	630	2365	1738	0.0	1134
C7I31_RS14110	31	100.000	330	0	0	1	330	2612	2941	1.51e-175	610
C7I31_RS14115	31	99.894	939	1	0	1	939	3069	4007	0.0	1729
C7I31_RS14120	31	100.000	1038	0	0	1	1038	4033	5070	0.0	1917
C7I31_RS14125	31	99.220	513	4	0	1	513	5887	5375	0.0	926
C7I31_RS14130	21	99.436	1064	6	0	1	1064	21773	22836	0.0	1932
C7I31_RS14130	21	97.619	42	1	0	1062	1103	22993	23034	3.09e-13	73.1
C7I31_RS14145	22	92.821	195	14	0	115	309	22216	22022	3.53e-77	283
C7I31_RS14150	24	96.940	621	19	0	1	621	9421	10041	0.0	1042
C7I31_RS14175	31	100.000	333	0	0	4	336	2362	2030	6.94e-177	616
C7I31_RS14175	31	98.662	299	2	1	383	681	2034	1738	9.30e-151	529
C7I31_RS14200	24	97.129	209	4	1	1	209	8685	8891	4.57e-97	351
C7I31_RS14210	17	91.855	221	18	0	5	225	8860	8640	4.10e-85	309
C7I31_RS14215	17	95.213	188	5	3	1	185	9394	9208	1.06e-80	294
C7I31_RS14225	17	83.921	454	70	3	2	453	14047	14499	1.77e-121	431
C7I31_RS14260	21	99.312	1163	8	0	1	1163	21773	22935	0.0	2104
C7I31_RS14280	21	99.312	1163	8	0	1	1163	21773	22935	0.0	2104
C7I31_RS14290	24	82.159	454	69	11	571	1017	16349	16797	1.50e-105	379
C7I31_RS14305	2	97.504	681	13	1	1	677	82882	83562	0.0	1160
C7I31_RS14305	47	98.387	372	2	1	32	399	373	2	0.0	651
C7I31_RS14305	23	99.639	277	1	0	401	677	1	277	4.33e-144	507
C7I31_RS14305	44	98.106	264	5	0	414	677	1000	737	3.42e-130	460
C7I31_RS14305	53	100.000	29	0	0	2	30	76	104	6.78e-08	54.7
C7I31_RS14310	27	98.122	213	4	0	1	213	10627	10415	4.86e-104	372
C7I31_RS14310	21	100.000	65	0	0	1	65	21464	21400	1.94e-28	121
C7I32_RS15260	23	85.753	372	53	0	1	372	13680	13309	2.50e-110	394
C7I32_RS15265	23	99.744	390	1	0	1	390	14678	14289	0.0	715
C7I32_RS15270	23	99.275	276	2	0	1	276	14953	14678	2.82e-142	499
C7I32_RS15275	23	99.130	1035	9	0	1	1035	15977	14943	0.0	1862
C7I32_RS15280	23	99.683	315	1	0	1	315	16284	15970	1.46e-165	577
C7I32_RS15285	23	98.801	417	5	0	1	417	16700	16284	0.0	743
C7I32_RS15290	23	97.896	618	13	0	1	618	17301	16684	0.0	1070
C7I32_RS15295	23	100.000	137	0	0	11	147	17440	17304	1.21e-68	254
C7I32_RS15310	23	98.943	1135	12	0	1	1135	18575	17441	0.0	2030
C7I32_RS15315	23	98.252	858	6	1	1	849	19458	18601	0.0	1493
C7I32_RS15320	23	97.725	879	20	0	1	879	20359	19481	0.0	1513
C7I32_RS15325	23	100.000	261	0	0	1	261	20630	20370	2.69e-137	483
C7I32_RS15330	23	97.403	385	10	0	1	385	21162	20778	0.0	656
C7I32_RS15335	17	98.034	356	7	0	1	356	37821	37466	2.74e-178	619
C7I32_RS15335	23	97.759	357	8	0	1	357	21540	21184	3.54e-177	616
C7I32_RS15340	9	90.283	3849	348	19	1	3833	101541	97703	0.0	5012
C7I32_RS15340	23	95.812	2388	100	0	1531	3918	23989	21602	0.0	3856
C7I32_RS15340	17	94.789	2399	114	3	1530	3918	40279	37882	0.0	3727
C7I32_RS15340	34	94.902	1530	76	2	1	1529	1529	1	0.0	2392
C7I32_RS15350	34	95.518	1071	48	0	1603	2673	3999	2929	0.0	1712
C7I32_RS15350	34	95.765	307	13	0	626	932	4979	4673	3.79e-140	496
C7I32_RS15350	9	95.257	991	45	2	1603	2593	103115	102127	0.0	1568
C7I32_RS15350	29	96.000	625	25	0	1	625	625	1	0.0	1016
C7I32_RS15355	29	95.035	282	14	0	25	306	917	636	1.50e-125	444
C7I32_RS15380	24	76.429	1540	317	40	102	1618	17063	18579	0.0	791
C7I32_RS15390	24	89.487	390	34	7	552	937	16347	16733	8.49e-138	486
C7I32_RS15405	24	97.251	291	8	0	1	291	13850	14140	1.42e-140	494
C7I32_RS15540	17	77.176	1310	272	24	11	1305	13172	14469	0.0	737
C7I32_RS15565	23	94.274	489	28	0	1	489	4353	3865	0.0	749
C7I32_RS15570	23	100.000	786	0	0	1	786	5144	4359	0.0	1452
C7I32_RS15580	23	98.274	2259	39	0	1	2259	7925	5667	0.0	3956
C7I32_RS15585	23	96.762	2347	74	2	1	2346	10257	7912	0.0	3912
C7I32_RS15590	23	87.755	294	25	6	1	291	10668	10383	4.44e-92	333
C7I32_RS15595	23	98.757	2493	31	0	1	2493	13117	10625	0.0	4433
C7I32_RS15605	23	97.103	2347	60	4	7	2352	10251	7912	0.0	3951
C7I32_RS15610	23	97.602	2252	51	3	1	2252	7925	5677	0.0	3856
C7I32_RS15615	23	98.396	561	9	0	226	786	4919	4359	0.0	987
C7I32_RS15620	23	98.773	489	6	0	1	489	4353	3865	0.0	870
C7I32_RS15625	23	98.876	267	3	0	1	267	3273	3007	1.28e-135	477
C7I32_RS15630	23	98.574	491	7	0	1	491	2974	2484	0.0	869
C7I32_RS15635	23	98.801	417	5	0	1	417	2137	1721	0.0	743
C7I32_RS15640	23	99.316	585	4	0	1	585	1697	1113	0.0	1059
C7I32_RS15640	17	83.871	558	73	10	19	563	9212	8659	6.20e-147	516
C7I32_RS15645	23	100.000	267	0	0	1	267	1002	736	1.27e-140	494
C7I32_RS15650	23	100.000	276	0	0	1	276	743	468	1.30e-145	510
C7I32_RS15665	17	91.146	192	17	0	1	192	11473	11664	9.78e-71	261
C7I32_RS15670	17	91.026	780	64	3	1	780	12383	13156	0.0	1048
C7I32_RS15675	17	87.674	1290	156	3	17	1304	13172	14460	0.0	1498
C7I32_RS15740	24	97.288	295	7	1	1	294	13850	14144	3.05e-142	499
C7I32_RS15755	24	94.053	454	21	6	552	1002	16347	16797	0.0	684
C7I32_RS15760	24	98.840	1638	19	0	1	1638	16956	18593	0.0	2920
C7I32_RS15765	24	99.827	1155	2	0	1	1155	18604	19758	0.0	2122
C7I32_RS15785	29	94.137	307	16	2	1	306	941	636	3.20e-132	466
C7I32_RS15790	34	97.221	2051	57	0	626	2676	4979	2929	0.0	3472
C7I32_RS15790	9	90.172	1974	181	13	627	2596	104091	102127	0.0	2558
C7I32_RS15790	29	97.120	625	18	0	1	625	625	1	0.0	1055
C7I32_RS15795	34	82.979	329	49	7	1	324	2171	1845	2.20e-79	291
C7I32_RS15800	9	89.878	3853	356	26	1	3833	101541	97703	0.0	4924
C7I32_RS15800	17	96.580	2398	73	1	1530	3918	40279	37882	0.0	3965
C7I32_RS15800	23	95.019	2389	117	2	1531	3918	23989	21602	0.0	3751
C7I32_RS15800	34	95.752	1530	63	2	1	1529	1529	1	0.0	2464
C7I32_RS15805	23	97.199	357	7	1	1	354	21540	21184	9.82e-173	601
C7I32_RS15805	17	96.067	356	11	1	1	353	37821	37466	1.65e-165	577
C7I32_RS15810	23	96.842	190	5	1	1	190	21162	20974	3.98e-87	316
C7I32_RS15810	23	92.742	124	9	0	229	352	20901	20778	5.45e-46	180
C7I32_RS15815	23	100.000	261	0	0	1	261	20630	20370	2.69e-137	483
C7I32_RS15820	23	97.952	879	18	0	1	879	20359	19481	0.0	1524
C7I32_RS15825	23	99.767	858	2	0	1	858	19458	18601	0.0	1574
C7I32_RS15830	23	98.855	1135	13	0	1	1135	18575	17441	0.0	2025
C7I32_RS15845	23	100.000	137	0	0	11	147	17440	17304	1.21e-68	254
C7I32_RS15850	23	98.706	618	8	0	1	618	17301	16684	0.0	1098
C7I32_RS15855	23	98.561	417	6	0	1	417	16700	16284	0.0	737
C7I32_RS15860	23	99.683	315	1	0	1	315	16284	15970	1.46e-165	577
C7I32_RS15865	23	98.551	1035	15	0	1	1035	15977	14943	0.0	1829
C7I32_RS15870	23	99.275	276	2	0	1	276	14953	14678	2.82e-142	499
C7I32_RS15875	23	98.718	390	5	0	1	390	14678	14289	0.0	693
C7I32_RS15880	23	86.702	376	49	1	1	375	13680	13305	5.33e-117	416
C7I32_RS15900	23	98.436	2493	39	0	1	2493	13117	10625	0.0	4388
E5N98_RS25190	8	88.623	167	19	0	2	168	36068	36234	1.44e-53	204
E5N98_RS25200	8	93.854	1920	118	0	1	1920	34025	35944	0.0	2892
E5N98_RS25205	8	95.726	117	5	0	1	117	33893	34009	2.67e-49	189
E5N98_RS25210	8	96.368	468	17	0	1	468	33181	33648	0.0	771
E5N99_RS24810	8	88.623	167	19	0	2	168	36068	36234	1.44e-53	204
E5N99_RS24820	8	93.854	1920	118	0	1	1920	34025	35944	0.0	2892
E5N99_RS24825	8	95.726	117	5	0	1	117	33893	34009	2.67e-49	189
E5N99_RS24830	8	96.368	468	17	0	1	468	33181	33648	0.0	771
E5O15_RS24940	8	100.000	63	0	0	1	63	36356	36294	5.86e-28	117
E5O15_RS24945	8	88.623	167	19	0	2	168	36068	36234	1.44e-53	204
E5O15_RS24950	8	94.896	1920	98	0	1	1920	34025	35944	0.0	3003
E5O15_RS24955	8	96.552	87	3	0	1	87	33923	34009	4.06e-36	145
CVI53_RS24520	8	96.368	468	17	0	1	468	33181	33648	0.0	771
CVI53_RS24525	8	95.726	117	5	0	1	117	33893	34009	2.67e-49	189
CVI53_RS24530	8	93.854	1920	118	0	1	1920	34025	35944	0.0	2892
CVI53_RS24540	8	89.222	167	18	0	2	168	36068	36234	3.09e-55	209
DOU32_RS14345	2	98.678	681	9	0	1	681	82882	83562	0.0	1208
DOU32_RS14345	47	99.732	373	1	0	32	404	373	1	0.0	684
DOU32_RS14345	23	98.195	277	5	0	405	681	1	277	2.04e-137	484
DOU32_RS14345	44	98.864	264	3	0	418	681	1000	737	1.59e-133	472
DOU32_RS14345	53	100.000	29	0	0	2	30	76	104	6.82e-08	54.7
DOU32_RS14390	2	98.385	681	11	0	1	681	82882	83562	0.0	1197
DOU32_RS14390	47	99.732	373	1	0	32	404	373	1	0.0	684
DOU32_RS14390	23	99.639	277	1	0	405	681	1	277	4.36e-144	507
DOU32_RS14390	44	98.106	264	5	0	418	681	1000	737	3.44e-130	460
DOU32_RS14390	53	100.000	29	0	0	2	30	76	104	6.82e-08	54.7
DOU32_RS14475	17	79.865	1336	250	17	11	1335	13172	14499	0.0	959
DOU32_RS14485	17	98.901	546	6	0	1	546	11688	12233	0.0	976
DOU32_RS14490	17	100.000	192	0	0	1	192	11473	11664	4.36e-99	355
DOU32_RS14495	17	98.925	186	2	0	1	186	11303	11488	1.97e-92	333
DOU32_RS14540	2	98.678	681	9	0	1	681	82882	83562	0.0	1208
DOU32_RS14540	47	99.732	373	1	0	32	404	373	1	0.0	684
DOU32_RS14540	23	98.195	277	5	0	405	681	1	277	2.04e-137	484
DOU32_RS14540	44	98.864	264	3	0	418	681	1000	737	1.59e-133	472
DOU32_RS14540	53	100.000	29	0	0	2	30	76	104	6.82e-08	54.7
DOU32_RS14600	24	97.236	1013	25	3	1	1011	15790	16801	0.0	1712
DOU32_RS14605	24	99.720	357	1	0	1	357	15175	15531	0.0	654
DOU32_RS14610	24	100.000	783	0	0	1	783	14400	15182	0.0	1447
DOU32_RS14615	24	98.990	297	3	0	1	297	13850	14146	3.01e-152	532
DOU32_RS14620	24	100.000	111	0	0	1	111	13500	13610	2.49e-54	206
DOU32_RS14630	24	98.291	351	6	0	1	351	12899	13249	3.48e-177	616
DOU32_RS14635	24	99.473	1329	7	0	1	1329	11574	12902	0.0	2416
DOU32_RS14640	24	96.700	303	10	0	1	303	10845	11147	6.71e-144	505
DOU32_RS14645	24	97.980	198	4	0	1	198	10624	10821	9.93e-96	344
DOU32_RS14650	24	96.444	225	8	0	1	225	10339	10563	5.16e-104	372
DOU32_RS14655	24	92.038	314	25	0	2	315	10032	10345	5.56e-125	442
DOU32_RS14660	24	89.871	622	61	2	1	621	9421	10041	0.0	798
DOU32_RS14680	22	94.737	570	30	0	3	572	23079	23648	0.0	887
DOU32_RS14695	24	88.599	307	35	0	265	571	1	307	3.88e-104	374
DOU32_RS14695	17	100.000	145	0	0	1	145	145	1	1.89e-72	268
DOU32_RS14700	17	100.000	543	0	0	1	543	754	212	0.0	1003
DOU32_RS14705	17	99.349	1689	11	0	1	1689	2549	861	0.0	3059
DOU32_RS14710	17	99.567	231	1	0	1	231	10475	10705	5.20e-119	422
GH761_RS14630	31	99.663	297	1	0	1	297	2326	2030	3.12e-155	544
GH761_RS14630	31	98.328	299	3	1	344	642	2034	1738	4.07e-149	523
GH761_RS14655	2	93.201	353	23	1	1	352	82882	83234	1.03e-147	518
GH761_RS14655	47	92.547	322	23	1	32	352	373	52	1.75e-130	460
GH761_RS14655	31	89.583	336	35	0	1	336	2365	2030	1.78e-120	427
GH761_RS14655	53	100.000	29	0	0	2	30	76	104	3.48e-08	54.7
GH761_RS14660	2	82.440	672	116	2	1	671	82882	83552	5.44e-168	586
GH761_RS14660	23	83.333	276	46	0	406	681	2	277	1.74e-68	255
GH761_RS14660	44	83.650	263	43	0	412	674	1006	744	2.92e-66	248
FCF09_RS13305	2	98.825	681	8	0	1	681	82882	83562	0.0	1214
FCF09_RS13305	47	99.732	373	1	0	32	404	373	1	0.0	684
FCF09_RS13305	23	98.556	277	4	0	405	681	1	277	4.39e-139	490
FCF09_RS13305	44	99.242	264	2	0	418	681	1000	737	3.42e-135	477
FCF09_RS13305	53	100.000	29	0	0	2	30	76	104	6.82e-08	54.7
FCF09_RS13340	2	98.825	681	8	0	1	681	82882	83562	0.0	1214
FCF09_RS13340	47	99.732	373	1	0	32	404	373	1	0.0	684
FCF09_RS13340	23	98.556	277	4	0	405	681	1	277	4.39e-139	490
FCF09_RS13340	44	99.242	264	2	0	418	681	1000	737	3.42e-135	477
FCF09_RS13340	53	100.000	29	0	0	2	30	76	104	6.82e-08	54.7
FCF09_RS13605	2	98.385	681	11	0	1	681	82882	83562	0.0	1197
FCF09_RS13605	47	99.732	373	1	0	32	404	373	1	0.0	684
FCF09_RS13605	23	99.639	277	1	0	405	681	1	277	4.36e-144	507
FCF09_RS13605	44	98.106	264	5	0	418	681	1000	737	3.44e-130	460
FCF09_RS13605	53	100.000	29	0	0	2	30	76	104	6.82e-08	54.7
FCF09_RS13610	53	100.000	47	0	0	530	576	1	47	5.67e-18	87.9
FCF09_RS13610	2	100.000	47	0	0	530	576	82808	82854	5.67e-18	87.9
E6A31_RS13915	2	98.825	681	8	0	1	681	82882	83562	0.0	1214
E6A31_RS13915	47	99.732	373	1	0	32	404	373	1	0.0	684
E6A31_RS13915	23	98.556	277	4	0	405	681	1	277	4.39e-139	490
E6A31_RS13915	44	99.242	264	2	0	418	681	1000	737	3.42e-135	477
E6A31_RS13915	53	100.000	29	0	0	2	30	76	104	6.82e-08	54.7
E6A31_RS13950	2	98.825	681	8	0	1	681	82882	83562	0.0	1214
E6A31_RS13950	47	99.732	373	1	0	32	404	373	1	0.0	684
E6A31_RS13950	23	98.556	277	4	0	405	681	1	277	4.39e-139	490
E6A31_RS13950	44	99.242	264	2	0	418	681	1000	737	3.42e-135	477
E6A31_RS13950	53	100.000	29	0	0	2	30	76	104	6.82e-08	54.7
E6A31_RS14165	2	98.385	681	11	0	1	681	82882	83562	0.0	1197
E6A31_RS14165	47	99.732	373	1	0	32	404	373	1	0.0	684
E6A31_RS14165	23	99.639	277	1	0	405	681	1	277	4.36e-144	507
E6A31_RS14165	44	98.106	264	5	0	418	681	1000	737	3.44e-130	460
E6A31_RS14165	53	100.000	29	0	0	2	30	76	104	6.82e-08	54.7
E6A31_RS14170	53	100.000	47	0	0	530	576	1	47	5.67e-18	87.9
E6A31_RS14170	2	100.000	47	0	0	530	576	82808	82854	5.67e-18	87.9
E6A31_RS14210	16	79.235	732	152	0	1	732	2219	2950	3.63e-145	510
E6A31_RS14245	16	80.820	902	166	5	1	897	8446	9345	0.0	701
DOU31_RS14350	24	99.720	357	1	0	1	357	15175	15531	0.0	654
DOU31_RS14355	24	97.236	1013	25	3	1	1011	15790	16801	0.0	1712
DOU31_RS14415	2	98.678	681	9	0	1	681	82882	83562	0.0	1208
DOU31_RS14415	47	99.732	373	1	0	32	404	373	1	0.0	684
DOU31_RS14415	23	98.195	277	5	0	405	681	1	277	2.04e-137	484
DOU31_RS14415	44	98.864	264	3	0	418	681	1000	737	1.59e-133	472
DOU31_RS14415	53	100.000	29	0	0	2	30	76	104	6.82e-08	54.7
DOU31_RS14450	2	98.385	681	11	0	1	681	82882	83562	0.0	1197
DOU31_RS14450	47	99.732	373	1	0	32	404	373	1	0.0	684
DOU31_RS14450	23	99.639	277	1	0	405	681	1	277	4.36e-144	507
DOU31_RS14450	44	98.106	264	5	0	418	681	1000	737	3.44e-130	460
DOU31_RS14450	53	100.000	29	0	0	2	30	76	104	6.82e-08	54.7
DOU31_RS14495	2	98.532	681	10	0	1	681	82882	83562	0.0	1203
DOU31_RS14495	47	99.732	373	1	0	32	404	373	1	0.0	684
DOU31_RS14495	23	98.195	277	5	0	405	681	1	277	2.04e-137	484
DOU31_RS14495	44	98.864	264	3	0	418	681	1000	737	1.59e-133	472
DOU31_RS14535	17	99.567	231	1	0	1	231	10475	10705	5.20e-119	422
DOU31_RS14540	17	99.290	1690	11	1	1	1690	2549	861	0.0	3053
DOU31_RS14545	17	100.000	543	0	0	1	543	754	212	0.0	1003
DOU31_RS14550	24	88.599	307	35	0	265	571	1	307	3.88e-104	374
DOU31_RS14550	17	100.000	145	0	0	1	145	145	1	1.89e-72	268
DOU31_RS14565	22	94.737	570	30	0	3	572	23079	23648	0.0	887
DOU31_RS14585	24	89.871	622	61	2	1	621	9421	10041	0.0	798
DOU31_RS14590	24	92.038	314	25	0	2	315	10032	10345	5.56e-125	442
DOU31_RS14595	24	96.444	225	8	0	1	225	10339	10563	5.16e-104	372
DOU31_RS14600	24	97.980	198	4	0	1	198	10624	10821	9.93e-96	344
DOU31_RS14605	24	96.700	303	10	0	1	303	10845	11147	6.71e-144	505
DOU31_RS14610	24	99.473	1329	7	0	1	1329	11574	12902	0.0	2416
DOU31_RS14615	24	98.006	351	7	0	1	351	12899	13249	1.62e-175	610
DOU31_RS14625	24	100.000	111	0	0	1	111	13500	13610	2.49e-54	206
DOU31_RS14630	24	98.990	297	3	0	1	297	13850	14146	3.01e-152	532
DOU31_RS14635	24	100.000	783	0	0	1	783	14400	15182	0.0	1447
DOU31_RS14655	22	89.394	594	63	0	3	596	23079	23672	0.0	749
DOU31_RS14690	31	99.107	336	3	0	1	336	2365	2030	1.50e-173	604
DOU31_RS14690	31	97.993	299	4	1	383	681	2034	1738	2.01e-147	518
DOU31_RS14765	2	97.944	681	14	0	1	681	82882	83562	0.0	1181
DOU31_RS14765	47	99.732	373	1	0	32	404	373	1	0.0	684
DOU31_RS14765	23	99.278	277	2	0	405	681	1	277	2.03e-142	501
DOU31_RS14765	44	97.727	264	6	0	418	681	1000	737	1.60e-128	455
DOU31_RS14770	17	99.630	540	2	0	1	540	13960	14499	0.0	987
DOU31_RS14905	17	98.006	351	7	0	1	351	37821	37471	1.65e-175	610
DOU31_RS14905	23	96.359	357	13	0	1	357	21540	21184	7.71e-169	588
DOU31_RS14910	17	96.470	2238	68	3	1655	3882	40118	37882	0.0	3685
DOU31_RS14910	23	95.555	2227	99	0	1656	3882	23828	21602	0.0	3565
DOU31_RS14910	9	95.422	2206	97	3	1594	3797	99906	97703	0.0	3511
DOU31_RS14910	9	90.692	795	63	7	1	785	101541	100748	0.0	1048
DOU31_RS14910	34	90.829	796	60	8	1	785	1529	736	0.0	1053
DOU31_RS14930	1	82.576	264	44	2	1	263	17042	16780	1.15e-61	231
DOU31_RS14930	34	77.895	285	51	9	1	279	2909	2631	3.29e-42	167
DOU31_RS14935	9	93.364	1974	115	15	627	2593	104091	102127	0.0	2905
DOU31_RS14935	34	89.796	2058	193	17	626	2673	4979	2929	0.0	2621
DOU31_RS14935	29	96.640	625	21	0	1	625	625	1	0.0	1038
DOU31_RS14940	29	96.667	270	9	0	1	270	905	636	2.81e-127	449
DOU31_RS14965	24	81.938	454	70	11	571	1017	16349	16797	6.96e-104	374
DOU31_RS14980	24	95.238	294	14	0	1	294	13850	14143	3.13e-132	466
DOU31_RS15035	24	94.525	621	34	0	1	621	9421	10041	0.0	959
DOU31_RS15095	31	99.227	905	7	0	6	910	6279	5375	0.0	1633
DOU31_RS15095	27	96.269	134	4	1	24	157	10402	10270	3.08e-57	219
DOU31_RS15095	27	100.000	28	0	0	1	28	10669	10642	3.31e-07	52.8
DOU31_RS15095	21	100.000	28	0	0	1	28	21506	21479	3.31e-07	52.8
DOU31_RS15100	31	99.904	1038	1	0	1	1038	4033	5070	0.0	1912
DOU31_RS15105	31	99.681	939	3	0	1	939	3069	4007	0.0	1718
G157_RS08850	39	100.000	494	0	0	104	597	752	259	0.0	913
G157_RS08855	39	100.000	281	0	0	263	543	2460	2180	4.43e-148	520
G157_RS08855	39	99.618	262	1	0	1	262	262	1	7.53e-136	479
G157_RS08860	39	100.000	795	0	0	1	795	2087	1293	0.0	1469
G157_RS08865	39	100.000	190	0	0	477	666	996	1185	2.11e-97	351
EFAU085_RS14765	21	99.398	1163	7	0	1	1163	21773	22935	0.0	2109
EFAU085_RS14785	21	99.691	1293	4	0	1	1293	20634	19342	0.0	2366
EFAU085_RS14790	21	100.000	261	0	0	1	261	21168	20908	2.69e-137	483
EFAU085_RS14800	31	86.658	757	101	0	421	1177	6131	5375	0.0	839
EFAU085_RS17185	21	99.642	279	0	1	83	361	23760	23483	6.25e-145	508
EFAU085_RS17185	31	100.000	82	0	0	1	82	2357	2438	1.21e-37	152
EFAU085_RS14815	31	99.702	336	1	0	1	336	2365	2030	6.94e-177	616
EFAU085_RS14815	31	97.993	299	4	1	383	681	2034	1738	2.01e-147	518
EFAU085_RS14840	21	91.925	161	13	0	66	226	12581	12421	7.78e-60	226
EFAU085_RS14860	2	98.385	681	11	0	1	681	82882	83562	0.0	1197
EFAU085_RS14860	47	99.732	373	1	0	32	404	373	1	0.0	684
EFAU085_RS14860	23	99.639	277	1	0	405	681	1	277	4.36e-144	507
EFAU085_RS14860	44	98.106	264	5	0	418	681	1000	737	3.44e-130	460
EFAU085_RS14860	53	100.000	29	0	0	2	30	76	104	6.82e-08	54.7
EFAU085_RS14865	21	100.000	39	0	0	1239	1277	28224	28186	3.59e-13	73.1
EFAU085_RS14870	35	100.000	566	0	0	1	566	3513	4078	0.0	1046
EFAU085_RS17195	35	98.824	85	1	0	1	85	3241	3157	1.78e-37	152
EFAU085_RS14945	35	99.855	1377	2	0	1	1377	582	1958	0.0	2532
EFAU085_RS14950	35	99.828	582	1	0	76	657	1	582	0.0	1070
EFAU085_RS14955	27	99.193	1239	6	4	1	1237	12696	13932	0.0	2230
EFAU085_RS17635	27	98.969	97	1	0	60	156	12581	12677	1.04e-44	174
EFAU085_RS14970	27	99.715	351	1	0	1	351	12024	12374	0.0	643
EFAU085_RS14970	21	100.000	100	0	0	351	450	21579	21678	1.51e-47	185
EFAU085_RS14975	27	99.715	351	1	0	1	351	11518	11868	0.0	643
EFAU085_RS14995	31	87.629	194	24	0	23	216	5568	5375	4.06e-60	226
EFAU085_RS15110	31	97.959	49	1	0	1	49	1732	1684	1.45e-17	86.1
EFAU085_RS15115	31	98.328	299	3	1	266	564	2034	1738	3.57e-149	523
EFAU085_RS15115	31	99.543	219	1	0	1	219	2248	2030	6.27e-112	399
EFAU085_RS15125	21	98.796	1163	14	0	1	1163	21773	22935	0.0	2071
EFAU085_RS15215	31	99.702	336	1	0	1	336	2365	2030	6.94e-177	616
EFAU085_RS15215	31	98.328	299	3	1	383	681	2034	1738	4.33e-149	523
EFAU085_RS15220	27	89.214	1196	119	8	1	1191	10627	9437	0.0	1485
EFAU085_RS15305	42	75.746	503	116	4	752	1251	640	141	5.44e-66	248
EFAU085_RS15405	22	83.788	586	95	0	8	593	23084	23669	3.84e-159	556
EFAU085_RS15625	42	75.746	503	116	4	752	1251	640	141	5.44e-66	248
EFAU085_RS15800	31	86.790	757	100	0	423	1179	6131	5375	0.0	845
EFAU085_RS15840	2	98.238	681	12	0	1	681	82882	83562	0.0	1192
EFAU085_RS15840	47	99.732	373	1	0	32	404	373	1	0.0	684
EFAU085_RS15840	23	99.278	277	2	0	405	681	1	277	2.03e-142	501
EFAU085_RS15840	44	97.727	264	6	0	418	681	1000	737	1.60e-128	455
EFAU085_RS15840	53	100.000	29	0	0	2	30	76	104	6.82e-08	54.7
EFAU085_RS17670	38	97.203	143	4	0	2	144	273	131	2.55e-65	243
EFAU085_RS15845	51	100.000	135	0	0	33	167	135	1	2.41e-67	250
EFAU085_RS15845	38	100.000	32	0	0	1	32	32	1	4.36e-10	60.2
EFAU085_RS15845	44	100.000	31	0	0	1	31	32	2	1.57e-09	58.4
EFAU085_RS15850	40	97.802	273	6	0	1	273	66	338	6.08e-134	472
EFAU085_RS15855	40	96.412	864	31	0	1	864	340	1203	0.0	1424
EFAU085_RS15860	38	99.729	738	2	0	1	738	2297	1560	0.0	1352
EFAU085_RS15865	38	98.810	84	1	0	1	84	2505	2422	8.34e-38	150
EFAU085_RS17305	38	100.000	101	0	0	12	112	2626	2526	9.10e-49	187
EFAU085_RS15870	39	100.000	795	0	0	1	795	2087	1293	0.0	1469
EFAU085_RS17310	39	100.000	252	0	0	1	252	2431	2180	2.60e-132	466
EFAU085_RS15880	39	100.000	229	0	0	1	229	262	34	1.57e-119	424
EFAU085_RS15885	39	100.000	554	0	0	356	909	812	259	0.0	1024
EFAU085_RS15920	23	100.000	31	0	0	1	31	302	332	3.43e-09	58.4
EFAU085_RS15920	44	100.000	30	0	0	1	30	712	683	1.24e-08	56.5
EFAU085_RS15920	2	100.000	30	0	0	1	30	83587	83616	1.24e-08	56.5
EFAU085_RS15925	2	97.504	681	16	1	1	680	82882	83562	0.0	1162
EFAU085_RS15925	47	98.123	373	6	1	32	403	373	1	0.0	649
EFAU085_RS15925	23	99.639	277	1	0	404	680	1	277	4.35e-144	507
EFAU085_RS15925	44	98.106	264	5	0	417	680	1000	737	3.44e-130	460
EFAU085_RS15925	31	83.631	336	54	1	1	335	2365	2030	2.83e-86	315
EFAU085_RS15925	53	100.000	29	0	0	2	30	76	104	6.81e-08	54.7
EFAU085_RS15960	2	98.385	681	11	0	1	681	82882	83562	0.0	1197
EFAU085_RS15960	47	99.732	373	1	0	32	404	373	1	0.0	684
EFAU085_RS15960	23	99.639	277	1	0	405	681	1	277	4.36e-144	507
EFAU085_RS15960	44	98.106	264	5	0	418	681	1000	737	3.44e-130	460
EFAU085_RS15960	53	100.000	29	0	0	2	30	76	104	6.82e-08	54.7
EFAU085_RS15980	21	99.484	1163	6	0	1	1163	21773	22935	0.0	2115
EFAU085_RS15990	21	100.000	35	0	0	221	255	21698	21732	1.12e-11	65.8
AZ30_RS15965	39	99.038	208	1	1	1	207	1017	810	1.39e-103	372
AZ30_RS15970	39	100.000	189	0	0	1	189	997	1185	1.99e-97	350
AZ30_RS15100	39	100.000	795	0	0	1	795	2087	1293	0.0	1469
AZ30_RS15105	39	100.000	262	0	0	1	262	262	1	1.58e-137	484
AZ30_RS15105	39	100.000	241	0	0	263	503	2460	2220	7.46e-126	446
AZ30_RS15105	39	100.000	40	0	0	492	531	2219	2180	4.05e-14	75.0
AZ30_RS15975	39	99.819	554	1	0	83	636	812	259	0.0	1018
LM5578_RS15675	2	82.440	672	116	2	1	671	82882	83552	5.44e-168	586
LM5578_RS15675	23	83.333	276	46	0	406	681	2	277	1.74e-68	255
LM5578_RS15675	44	83.650	263	43	0	412	674	1006	744	2.92e-66	248
LM5578_RS15680	2	93.201	353	23	1	1	352	82882	83234	1.03e-147	518
LM5578_RS15680	47	92.547	322	23	1	32	352	373	52	1.75e-130	460
LM5578_RS15680	31	89.583	336	35	0	1	336	2365	2030	1.78e-120	427
LM5578_RS15680	53	100.000	29	0	0	2	30	76	104	3.48e-08	54.7
LM5578_RS15710	31	99.663	297	1	0	1	297	2326	2030	3.12e-155	544
LM5578_RS15710	31	98.328	299	3	1	344	642	2034	1738	4.07e-149	523
NCDO2118_RS12600	31	98.428	318	4	1	10	327	2346	2030	1.13e-159	558
NCDO2118_RS12600	31	97.744	266	6	0	374	639	2034	1769	1.18e-129	459
NCDO2118_RS12630	44	99.582	239	1	0	182	420	975	737	3.51e-123	436
NCDO2118_RS12630	2	99.174	242	2	0	179	420	83321	83562	3.51e-123	436
NCDO2118_RS12630	2	87.293	181	23	0	1	181	82882	83062	3.00e-54	207
NCDO2118_RS12630	23	97.521	242	6	0	179	420	36	277	1.65e-116	414
NCDO2118_RS12630	47	89.655	145	15	0	37	181	368	224	1.40e-47	185
NCDO2118_RS12680	31	99.405	336	2	0	1	336	2365	2030	3.23e-175	610
NCDO2118_RS12680	31	97.659	299	5	1	383	681	2034	1738	9.37e-146	512
NCDO2118_RS12740	31	99.308	289	2	0	6	294	2318	2030	3.95e-149	523
NCDO2118_RS12740	31	97.473	277	7	0	341	617	2034	1758	4.04e-134	473
DR75_RS00005	23	94.303	509	9	1	1	509	4353	3865	0.0	761
DR75_RS00015	23	100.000	786	0	0	1	786	5144	4359	0.0	1452
DR75_RS00025	23	98.318	2259	38	0	1	2259	7925	5667	0.0	3962
DR75_RS00030	23	98.210	2347	34	4	7	2352	10251	7912	0.0	4095
DR75_RS15275	24	93.939	363	21	1	578	939	16371	16733	3.85e-156	547
DR75_RS00075	24	99.296	284	2	0	1	284	13850	14133	1.07e-146	514
DR75_RS15315	24	100.000	111	0	0	1	111	13500	13610	2.49e-54	206
DR75_RS00165	43	99.896	960	1	0	1	960	97	1056	0.0	1768
DR75_RS00210	17	83.784	555	88	2	1	554	12383	12936	1.38e-149	525
DR75_RS00215	17	91.837	147	12	0	1	147	11518	11664	3.43e-54	206
DR75_RS00225	23	99.275	276	2	0	1	276	743	468	2.82e-142	499
DR75_RS00230	23	100.000	267	0	0	1	267	1002	736	1.27e-140	494
DR75_RS00235	23	99.316	585	4	0	1	585	1697	1113	0.0	1059
DR75_RS00240	23	98.082	417	8	0	1	417	2137	1721	0.0	726
DR75_RS00245	23	99.598	249	1	0	1	249	2461	2213	5.56e-129	455
DR75_RS00250	23	99.800	501	1	0	1	501	2974	2474	0.0	920
DR75_RS00255	23	98.502	267	4	0	1	267	3273	3007	5.93e-134	472
DR75_RS00325	24	90.032	622	60	2	1	621	9421	10041	0.0	804
DR75_RS00330	24	95.223	314	15	0	2	315	10032	10345	1.17e-141	497
DR75_RS00335	24	98.222	225	4	0	1	225	10339	10563	1.10e-110	394
DR75_RS00340	24	97.619	210	5	0	1	210	10624	10833	1.04e-100	361
DR75_RS00345	24	96.040	303	12	0	1	303	10845	11147	1.45e-140	494
DR75_RS00350	24	98.345	1329	22	0	1	1329	11574	12902	0.0	2333
DR75_RS00355	24	98.006	351	7	0	1	351	12899	13249	1.62e-175	610
DR75_RS00415	23	96.403	2224	79	1	3	2226	23824	21602	0.0	3663
DR75_RS00415	17	95.074	2233	100	2	3	2226	40113	37882	0.0	3506
DR75_RS00415	9	95.792	2139	89	1	3	2141	99840	97703	0.0	3450
DR75_RS00420	17	97.436	351	9	0	1	351	37821	37471	3.56e-172	599
DR75_RS00420	23	96.359	357	13	0	1	357	21540	21184	7.71e-169	588
DR75_RS00540	17	89.517	1345	139	2	1	1344	13156	14499	0.0	1701
DR75_RS00545	17	96.641	774	26	0	1	774	12383	13156	0.0	1286
DR75_RS00550	17	98.901	546	6	0	1	546	11688	12233	0.0	976
DR75_RS00555	17	98.958	192	2	0	1	192	11473	11664	9.44e-96	344
DR75_RS00560	17	99.462	186	1	0	1	186	11303	11488	4.24e-94	339
LSJ_RS09350	2	96.714	213	3	1	1	209	82882	83094	6.20e-98	351
LSJ_RS09350	47	96.703	182	2	1	32	209	373	192	2.28e-82	300
LSJ_RS09625	3	73.439	1073	251	31	349	1404	109119	108064	3.48e-103	372
LSJ_RS12035	8	100.000	84	0	0	4	87	22871	22954	1.88e-39	156
LSJ_RS11385	8	100.000	1386	0	0	1	1386	22983	24368	0.0	2560
LSJ_RS11390	8	100.000	153	0	0	1	153	24371	24523	1.61e-77	283
LSJ_RS11395	8	99.917	1206	1	0	1	1206	24546	25751	0.0	2222
LSJ_RS11400	8	100.000	222	0	0	1	222	25794	26015	1.08e-115	411
LSJ_RS11405	8	100.000	498	0	0	1	498	26132	26629	0.0	920
LSJ_RS11410	8	100.000	507	0	0	1	507	26604	27110	0.0	937
LSJ_RS11415	8	99.959	2448	1	0	1	2448	27094	29541	0.0	4516
LSJ_RS11420	8	100.000	2178	0	0	1	2178	29544	31721	0.0	4023
LSJ_RS11425	8	100.000	1002	0	0	1	1002	31718	32719	0.0	1851
LSJ_RS11430	8	100.000	933	0	0	1	933	32716	33648	0.0	1724
LSJ_RS12040	8	99.145	117	1	0	1	117	33893	34009	5.69e-56	211
LSJ_RS11435	8	94.583	1920	104	0	1	1920	34025	35944	0.0	2970
LSJ_RS12045	8	89.222	167	18	0	2	168	36068	36234	3.09e-55	209
LSJ_RS11445	8	100.000	354	0	0	1	354	36647	36294	0.0	654
LSJ_RS11450	8	100.000	423	0	0	1	423	37152	37574	0.0	782
LSJ_RS11455	8	100.000	231	0	0	1	231	37571	37801	1.12e-120	427
LSJ_RS11460	8	100.000	204	0	0	1	204	38262	38465	9.95e-106	377
LSJ_RS11465	8	99.918	1218	1	0	1	1218	38547	39764	0.0	2244
ABAZ39_RS14745	36	80.433	1017	169	24	1637	2635	1345	341	0.0	749
ABAZ39_RS14745	36	76.576	1063	208	34	349	1394	2724	1686	3.83e-155	545
ABAZ39_RS14760	41	81.387	1327	203	26	199	1491	1378	62	0.0	1042
ABAZ39_RS15585	41	81.387	1327	203	26	199	1491	1378	62	0.0	1042
ABAZ39_RS15600	36	80.433	1017	169	24	1637	2635	1345	341	0.0	749
ABAZ39_RS15600	36	76.576	1063	208	34	349	1394	2724	1686	3.83e-155	545
ABAZ39_RS20280	36	80.452	1018	167	26	1637	2635	1345	341	0.0	749
ABAZ39_RS20280	36	76.465	1058	207	34	355	1394	2719	1686	2.30e-152	536
ABAZ39_RS20285	41	81.387	1327	203	26	209	1501	1378	62	0.0	1042
ABAZ39_RS21180	36	80.354	1018	168	26	1637	2635	1345	341	0.0	743
ABAZ39_RS21180	36	76.316	1064	209	36	349	1394	2724	1686	3.85e-150	529
ABAZ39_RS21195	41	81.387	1327	203	26	209	1501	1378	62	0.0	1042
ABAZ39_RS26000	36	80.452	1018	167	26	1637	2635	1345	341	0.0	749
ABAZ39_RS26000	36	76.276	1058	209	35	355	1394	2719	1686	4.98e-149	525
ABAZ39_RS26015	41	81.387	1327	203	26	199	1491	1378	62	0.0	1042
ABAZ39_RS31080	36	80.452	1018	167	26	1637	2635	1345	341	0.0	749
ABAZ39_RS31080	36	76.670	1063	207	34	349	1394	2724	1686	8.22e-157	551
ABAZ39_RS31095	41	81.387	1327	203	26	209	1501	1378	62	0.0	1042
ABAZ39_RS31580	36	80.334	1017	170	24	1637	2635	1345	341	0.0	743
ABAZ39_RS31580	36	76.276	1058	209	35	355	1394	2719	1686	4.98e-149	525
ABAZ39_RS31595	41	81.373	1326	205	25	199	1491	1378	62	0.0	1042
E3T52_RS00040	2	98.399	687	11	0	1	687	82876	83562	0.0	1208
E3T52_RS00040	47	99.732	373	1	0	38	410	373	1	0.0	684
E3T52_RS00040	23	99.639	277	1	0	411	687	1	277	4.40e-144	507
E3T52_RS00040	44	98.106	264	5	0	424	687	1000	737	3.47e-130	460
E3T52_RS00040	53	97.222	36	1	0	1	36	69	104	4.11e-10	62.1
E3T52_RS00050	2	98.836	687	8	0	1	687	82876	83562	0.0	1225
E3T52_RS00050	47	99.732	373	1	0	38	410	373	1	0.0	684
E3T52_RS00050	23	98.556	277	4	0	411	687	1	277	4.43e-139	490
E3T52_RS00050	44	99.242	264	2	0	424	687	1000	737	3.45e-135	477
E3T52_RS00050	53	97.222	36	1	0	1	36	69	104	4.11e-10	62.1
RE92_RS24555	36	83.992	2961	397	60	1	2930	3128	214	0.0	2771
RE92_RS24560	41	86.822	1586	154	39	7	1561	1622	61	0.0	1720
AK40_RS00195	6	93.243	74	5	0	1	74	155960	155887	1.20e-25	110
AS86_RS03705	18	82.667	150	26	0	1	150	4555	4704	2.38e-32	134
AS86_RS04405	5	82.804	913	155	2	1	912	72486	73397	0.0	815
BF28_RS00400	3	72.426	573	144	10	31	596	51015	50450	8.62e-43	171
BF28_RS00470	21	100.000	35	0	0	241	275	22007	22041	5.30e-11	65.8
BF28_RS02400	16	71.049	829	203	33	112	923	6283	7091	2.26e-41	167
LACR_RS12655	2	98.385	681	11	0	1	681	82882	83562	0.0	1197
LACR_RS12655	47	99.732	373	1	0	32	404	373	1	0.0	684
LACR_RS12655	23	99.639	277	1	0	405	681	1	277	4.36e-144	507
LACR_RS12655	44	98.106	264	5	0	418	681	1000	737	3.44e-130	460
LACR_RS12655	53	100.000	29	0	0	2	30	76	104	6.82e-08	54.7
LACR_RS12675	2	98.385	681	11	0	1	681	82882	83562	0.0	1197
LACR_RS12675	47	99.732	373	1	0	32	404	373	1	0.0	684
LACR_RS12675	23	99.639	277	1	0	405	681	1	277	4.36e-144	507
LACR_RS12675	44	98.106	264	5	0	418	681	1000	737	3.44e-130	460
LACR_RS12675	53	100.000	29	0	0	2	30	76	104	6.82e-08	54.7
LACR_RS12805	31	100.000	42	0	0	1885	1926	2438	2397	1.17e-14	78.7
LACR_RS12830	31	98.214	336	6	0	1	336	2365	2030	1.51e-168	588
LACR_RS12830	31	97.324	299	6	1	383	681	2034	1738	4.36e-144	507
LACR_RS12945	31	99.702	336	1	0	1	336	2365	2030	6.94e-177	616
LACR_RS12945	31	97.993	299	4	1	383	681	2034	1738	2.01e-147	518
LACR_RS13000	31	99.107	336	3	0	1	336	2365	2030	1.50e-173	604
LACR_RS13000	31	97.659	299	5	1	383	681	2034	1738	9.37e-146	512
LACR_RS13015	31	99.107	336	3	0	1	336	2365	2030	1.50e-173	604
LACR_RS13015	31	97.659	299	5	1	383	681	2034	1738	9.37e-146	512
LACR_RS13070	6	91.549	71	6	0	4	74	155162	155092	2.59e-22	99.0
LACR_RS13070	6	91.549	71	6	0	4	74	155727	155657	2.59e-22	99.0
LACR_RS13075	31	99.702	336	1	0	1	336	2365	2030	6.94e-177	616
LACR_RS13075	31	96.990	299	7	1	383	681	2034	1738	2.03e-142	501
LACR_RS13215	31	85.424	295	41	1	387	681	2030	1738	1.71e-83	305
LACR_RS13320	31	99.702	336	1	0	1	336	2365	2030	6.94e-177	616
LACR_RS13320	31	97.659	299	5	1	383	681	2034	1738	9.37e-146	512
LACR_RS13335	31	99.702	336	1	0	1	336	2365	2030	6.94e-177	616
LACR_RS13335	31	97.324	299	6	1	383	681	2034	1738	4.36e-144	507
BMQ_RS26035	19	98.611	72	1	0	1	72	148	219	3.19e-31	128
BMQ_RS26035	6	98.611	72	1	0	1	72	154606	154535	3.19e-31	128
BMQ_RS26035	6	98.611	72	1	0	1	72	155372	155301	3.19e-31	128
BMQ_RS26045	6	97.297	74	2	0	1	74	154793	154720	1.25e-30	126
BMQ_RS26045	6	97.297	74	2	0	1	74	155460	155387	1.25e-30	126
BMQ_RS26055	19	94.366	71	4	0	6	76	335	405	1.24e-25	110
BMQ_RS26065	52	98.630	73	1	0	1	73	97	25	9.53e-32	130
BMQ_RS26065	6	98.630	73	1	0	1	73	156150	156078	9.53e-32	130
BMQ_RS26070	6	100.000	74	0	0	1	74	156237	156164	5.80e-34	137
BMQ_RS26070	1	100.000	74	0	0	1	74	413775	413702	5.80e-34	137
BMQ_RS26095	46	90.244	82	8	0	1	82	430	349	4.94e-25	108
BMQ_RS26100	46	90.411	73	7	0	1	73	519	447	9.67e-22	97.1
BMQ_RS26105	19	93.056	72	5	0	1	72	811	882	1.58e-24	106
BMQ_RS26105	2	93.056	72	5	0	1	72	356492	356421	1.58e-24	106
BMQ_RS26120	46	94.521	73	4	0	1	73	598	526	9.60e-27	113
BMQ_RS26120	19	94.521	73	4	0	1	73	247	319	9.60e-27	113
BMQ_RS26130	36	87.310	2955	316	45	3	2939	3127	214	0.0	3325
BMQ_RS26135	41	90.827	1559	130	12	5	1552	1622	66	0.0	2074
DEIDE_RS13495	41	80.182	1317	209	40	228	1507	1369	68	0.0	939
DEIDE_RS13500	36	81.235	1215	188	32	1582	2774	1521	325	0.0	944
JFP55_RS16080	35	84.046	1379	216	4	1	1377	582	1958	0.0	1325
JFP55_RS16085	35	84.522	575	89	0	76	650	1	575	5.28e-163	569
JFP55_RS16090	27	80.663	1236	227	9	1	1230	12696	13925	0.0	948
JFP55_RS16140	31	75.241	933	200	23	1	917	114	1031	3.93e-116	414
NF53_RS30525	18	82.667	150	26	0	1	150	4555	4704	2.38e-32	134
NF53_RS30590	5	83.242	913	151	2	1	912	72486	73397	0.0	837
NF53_RS30595	5	79.130	805	163	4	1	801	71660	72463	2.35e-157	551
AN634_RS14740	31	100.000	42	0	0	430	471	2438	2397	2.76e-15	78.7
AN634_RS14745	31	99.180	366	3	0	1	366	2395	2030	0.0	660
AN634_RS14745	31	98.328	299	3	1	413	711	2034	1738	4.52e-149	523
AN634_RS17330	31	96.552	174	4	1	1	174	1909	1738	1.44e-78	287
AN634_RS16175	31	99.454	366	2	0	1	366	2395	2030	0.0	665
AN634_RS16175	31	98.328	299	3	1	413	711	2034	1738	4.52e-149	523
AN634_RS16375	31	99.180	366	2	1	1	365	2395	2030	0.0	658
AN634_RS16375	31	98.328	299	3	1	412	710	2034	1738	4.52e-149	523
AQ614_RS13190	42	75.746	503	116	4	752	1251	640	141	5.44e-66	248
AQ614_RS13290	22	83.788	586	95	0	8	593	23084	23669	3.84e-159	556
AQ614_RS14515	44	97.260	73	2	0	3	75	809	737	4.36e-30	124
AQ614_RS14515	23	97.260	73	2	0	3	75	205	277	4.36e-30	124
AQ614_RS14515	2	97.260	73	2	0	3	75	83490	83562	4.36e-30	124
AQ614_RS13325	2	98.390	621	10	0	1	621	82882	83502	0.0	1092
AQ614_RS13325	47	99.732	373	1	0	32	404	373	1	0.0	684
AQ614_RS13325	23	100.000	216	0	0	405	620	1	216	7.54e-112	399
AQ614_RS13325	44	97.585	207	5	0	418	624	1000	794	1.66e-98	355
AQ614_RS13325	53	100.000	29	0	0	2	30	76	104	6.76e-08	54.7
AQ614_RS13365	2	98.385	681	11	0	1	681	82882	83562	0.0	1197
AQ614_RS13365	47	99.732	373	1	0	32	404	373	1	0.0	684
AQ614_RS13365	23	99.639	277	1	0	405	681	1	277	4.36e-144	507
AQ614_RS13365	44	98.106	264	5	0	418	681	1000	737	3.44e-130	460
AQ614_RS13365	53	100.000	29	0	0	2	30	76	104	6.82e-08	54.7
AQ614_RS13375	31	86.922	757	99	0	423	1179	6131	5375	0.0	850
KVH_RS14290	41	80.287	1324	195	42	201	1467	1378	64	0.0	939
KVH_RS14300	6	94.643	56	3	0	8	63	154786	154731	5.92e-19	87.9
KVH_RS14300	6	94.643	56	3	0	8	63	155453	155398	5.92e-19	87.9
KVH_RS14305	36	79.028	1173	199	31	1582	2732	1486	339	0.0	760
KVH_RS14305	36	75.199	754	157	29	401	1139	2718	1980	4.34e-90	329
ER12_RS14775	39	100.000	795	0	0	1	795	2087	1293	0.0	1469
ER12_RS14780	39	100.000	281	0	0	263	543	2460	2180	4.43e-148	520
ER12_RS14780	39	100.000	262	0	0	1	262	262	1	1.62e-137	484
ER12_RS14785	39	100.000	554	0	0	83	636	812	259	0.0	1024
AUZ28_RS14980	2	82.440	672	116	2	1	671	82882	83552	5.44e-168	586
AUZ28_RS14980	23	83.333	276	46	0	406	681	2	277	1.74e-68	255
AUZ28_RS14980	44	83.650	263	43	0	412	674	1006	744	2.92e-66	248
AUZ28_RS14985	2	93.201	353	23	1	1	352	82882	83234	1.03e-147	518
AUZ28_RS14985	47	92.547	322	23	1	32	352	373	52	1.75e-130	460
AUZ28_RS14985	31	89.583	336	35	0	1	336	2365	2030	1.78e-120	427
AUZ28_RS14985	53	100.000	29	0	0	2	30	76	104	3.48e-08	54.7
AUZ28_RS15015	31	99.702	336	1	0	1	336	2365	2030	6.94e-177	616
AUZ28_RS15015	31	98.328	299	3	1	383	681	2034	1738	4.33e-149	523
AUZ28_RS15680	27	94.949	198	10	0	22	219	9634	9437	1.11e-85	311
AL018_RS14450	35	99.855	1377	2	0	1	1377	582	1958	0.0	2532
AL018_RS14455	35	100.000	582	0	0	76	657	1	582	0.0	1075
AL018_RS14460	27	99.596	1237	5	0	1	1237	12696	13932	0.0	2257
AL018_RS16745	27	98.969	97	1	0	60	156	12581	12677	1.04e-44	174
AL018_RS14475	27	99.715	351	1	0	1	351	12024	12374	0.0	643
AL018_RS14475	21	100.000	100	0	0	351	450	21579	21678	1.51e-47	185
AL018_RS16980	27	97.790	543	1	1	1	543	11337	11868	0.0	926
AL018_RS14490	31	87.629	194	24	0	23	216	5568	5375	4.06e-60	226
AL018_RS14495	31	99.604	757	3	0	423	1179	6131	5375	0.0	1382
AL018_RS14495	31	99.254	134	0	1	226	358	6261	6128	8.57e-64	241
AL018_RS14495	27	84.922	829	109	13	1	821	10627	9807	0.0	824
AL018_RS14495	21	100.000	65	0	0	1	65	21464	21400	1.16e-27	121
AL018_RS14630	31	97.959	49	1	0	1	49	1732	1684	1.45e-17	86.1
AL018_RS14635	31	98.328	299	3	1	266	564	2034	1738	3.57e-149	523
AL018_RS14635	31	99.543	219	1	0	1	219	2248	2030	6.27e-112	399
AL018_RS14640	21	99.140	1163	10	0	1	1163	21773	22935	0.0	2093
AL018_RS14740	31	99.107	336	3	0	1	336	2365	2030	1.50e-173	604
AL018_RS14740	31	98.328	299	3	1	383	681	2034	1738	4.33e-149	523
AL018_RS14760	28	100.000	198	0	0	1096	1293	3390	3587	1.49e-101	366
AL018_RS14840	2	90.308	681	66	0	1	681	82882	83562	0.0	893
AL018_RS14840	31	97.917	336	7	0	1	336	2365	2030	7.04e-167	582
AL018_RS14840	23	99.639	277	1	0	405	681	1	277	4.36e-144	507
AL018_RS14840	44	98.106	264	5	0	418	681	1000	737	3.44e-130	460
AL018_RS14840	47	87.123	365	47	0	40	404	365	1	2.72e-116	414
AL018_RS14945	2	98.238	681	12	0	1	681	82882	83562	0.0	1192
AL018_RS14945	47	99.464	373	2	0	32	404	373	1	0.0	678
AL018_RS14945	23	99.639	277	1	0	405	681	1	277	4.36e-144	507
AL018_RS14945	44	98.106	264	5	0	418	681	1000	737	3.44e-130	460
AL018_RS14945	53	100.000	29	0	0	2	30	76	104	6.82e-08	54.7
AL018_RS14970	2	98.238	681	12	0	1	681	82882	83562	0.0	1192
AL018_RS14970	47	99.464	373	2	0	32	404	373	1	0.0	678
AL018_RS14970	23	99.639	277	1	0	405	681	1	277	4.36e-144	507
AL018_RS14970	44	98.106	264	5	0	418	681	1000	737	3.44e-130	460
AL018_RS14970	53	100.000	29	0	0	2	30	76	104	6.82e-08	54.7
AL018_RS14980	2	97.944	681	14	0	1	681	82882	83562	0.0	1181
AL018_RS14980	47	98.928	373	4	0	32	404	373	1	0.0	667
AL018_RS14980	23	99.639	277	1	0	405	681	1	277	4.36e-144	507
AL018_RS14980	44	98.106	264	5	0	418	681	1000	737	3.44e-130	460
AL018_RS14980	53	100.000	29	0	0	2	30	76	104	6.82e-08	54.7
AL018_RS15030	42	75.746	503	116	4	752	1251	640	141	5.44e-66	248
AL018_RS15140	31	86.658	757	101	0	423	1179	6131	5375	0.0	839
AL018_RS15160	3	76.746	1217	277	6	28	1241	324012	322799	0.0	675
AL018_RS15215	27	91.549	213	18	0	7	219	9649	9437	1.12e-80	294
AL018_RS15215	31	85.380	171	23	2	1	170	5581	5412	4.22e-45	176
AL018_RS15230	2	96.145	441	14	1	212	652	83125	83562	0.0	717
AL018_RS15230	2	99.558	226	1	0	1	226	82882	83107	9.34e-116	412
AL018_RS15230	23	98.571	280	1	1	373	652	1	277	1.17e-139	492
AL018_RS15230	44	97.004	267	5	1	386	652	1000	737	9.21e-126	446
AL018_RS15230	47	99.487	195	1	0	32	226	373	179	1.60e-98	355
AL018_RS15230	47	98.710	155	2	0	218	372	155	1	1.28e-74	276
AL018_RS15230	53	100.000	29	0	0	2	30	76	104	6.52e-08	54.7
AL018_RS15285	22	82.339	821	141	4	1	819	20706	21524	0.0	710
AL018_RS15290	22	80.615	650	120	6	37	683	20514	19868	2.66e-141	497
AL018_RS15295	22	81.921	1510	259	14	1	1503	19850	18348	0.0	1264
AL018_RS15310	21	99.484	1163	6	0	1	1163	21773	22935	0.0	2115
AL018_RS15375	21	99.398	1163	7	0	1	1163	21773	22935	0.0	2109
AL018_RS15380	21	99.691	1293	4	0	1	1293	20634	19342	0.0	2366
AL018_RS15385	21	100.000	261	0	0	1	261	21168	20908	2.69e-137	483
AL018_RS15390	31	86.658	757	101	0	423	1179	6131	5375	0.0	839
AL018_RS15405	21	99.495	396	2	0	1	396	23878	23483	0.0	721
AL018_RS15410	21	99.647	849	3	0	1	849	24739	23891	0.0	1552
AL018_RS15415	21	100.000	828	0	0	1	828	25581	24754	0.0	1530
AL018_RS15420	21	99.652	861	3	0	1	861	26453	25593	0.0	1574
AL018_RS15440	21	99.573	1170	5	0	1	1170	26692	27861	0.0	2134
AL018_RS15445	2	98.238	681	12	0	1	681	82882	83562	0.0	1192
AL018_RS15445	47	99.464	373	2	0	32	404	373	1	0.0	678
AL018_RS15445	23	98.917	277	3	0	405	681	1	277	9.43e-141	496
AL018_RS15445	44	98.106	264	5	0	418	681	1000	737	3.44e-130	460
AL018_RS15445	53	100.000	29	0	0	2	30	76	104	6.82e-08	54.7
AL018_RS15465	23	98.305	177	3	0	1	177	101	277	8.74e-86	311
AL018_RS15465	44	97.740	177	4	0	1	177	913	737	4.07e-84	305
AL018_RS15465	2	97.740	177	4	0	1	177	83386	83562	4.07e-84	305
AL018_RS15490	2	97.082	377	11	0	5	381	83186	83562	0.0	636
AL018_RS15490	23	99.278	277	2	0	105	381	1	277	1.11e-142	501
AL018_RS15490	44	97.727	264	6	0	118	381	1000	737	8.75e-129	455
AL018_RS15490	47	100.000	100	0	0	5	104	100	1	1.27e-47	185
AL018_RS15495	31	99.702	336	1	0	1	336	2365	2030	6.94e-177	616
AL018_RS15495	31	98.328	299	3	1	383	681	2034	1738	4.33e-149	523
AL018_RS15520	21	91.925	161	13	0	66	226	12581	12421	7.78e-60	226
AL018_RS15540	2	98.238	681	12	0	1	681	82882	83562	0.0	1192
AL018_RS15540	47	99.464	373	2	0	32	404	373	1	0.0	678
AL018_RS15540	23	99.639	277	1	0	405	681	1	277	4.36e-144	507
AL018_RS15540	44	98.106	264	5	0	418	681	1000	737	3.44e-130	460
AL018_RS15540	53	100.000	29	0	0	2	30	76	104	6.82e-08	54.7
AL018_RS15565	2	98.238	681	12	0	1	681	82882	83562	0.0	1192
AL018_RS15565	47	99.464	373	2	0	32	404	373	1	0.0	678
AL018_RS15565	23	99.639	277	1	0	405	681	1	277	4.36e-144	507
AL018_RS15565	44	98.106	264	5	0	418	681	1000	737	3.44e-130	460
AL018_RS15565	53	100.000	29	0	0	2	30	76	104	6.82e-08	54.7
AL018_RS15570	21	100.000	39	0	0	1282	1320	28224	28186	3.71e-13	73.1
AL018_RS15575	35	100.000	566	0	0	1	566	3513	4078	0.0	1046
AL018_RS15585	35	98.824	85	1	0	1	85	3241	3157	1.78e-37	152
AL018_RS15820	42	75.746	503	116	4	752	1251	640	141	5.44e-66	248
AL018_RS15990	42	76.718	451	102	2	797	1245	590	141	5.41e-66	248
AL018_RS16020	31	99.604	757	3	0	423	1179	6131	5375	0.0	1382
AL018_RS16020	31	99.254	134	0	1	226	358	6261	6128	8.57e-64	241
AL018_RS16020	27	84.922	829	109	13	1	821	10627	9807	0.0	824
AL018_RS16020	21	100.000	65	0	0	1	65	21464	21400	1.16e-27	121
AL018_RS16030	2	98.385	681	11	0	1	681	82882	83562	0.0	1197
AL018_RS16030	47	99.732	373	1	0	32	404	373	1	0.0	684
AL018_RS16030	23	99.639	277	1	0	405	681	1	277	4.36e-144	507
AL018_RS16030	44	98.106	264	5	0	418	681	1000	737	3.44e-130	460
AL018_RS16030	53	100.000	29	0	0	2	30	76	104	6.82e-08	54.7
AL018_RS16040	22	83.618	586	96	0	8	593	23084	23669	1.79e-157	551
AL018_RS16095	2	98.091	681	13	0	1	681	82882	83562	0.0	1186
AL018_RS16095	47	99.464	373	2	0	32	404	373	1	0.0	678
AL018_RS16095	23	99.278	277	2	0	405	681	1	277	2.03e-142	501
AL018_RS16095	44	97.727	264	6	0	418	681	1000	737	1.60e-128	455
AL018_RS16095	53	100.000	29	0	0	2	30	76	104	6.82e-08	54.7
AL018_RS16100	38	100.000	84	0	0	1	84	2505	2422	1.79e-39	156
AL018_RS16105	38	99.729	738	2	0	1	738	2297	1560	0.0	1352
AL018_RS16110	44	98.462	260	4	0	2	261	411	152	4.53e-130	459
AL018_RS16110	38	95.019	261	13	0	1	261	1390	1130	1.29e-115	411
AL018_RS16135	39	100.000	554	0	0	360	913	812	259	0.0	1024
AL018_RS16140	39	100.000	281	0	0	263	543	2460	2180	4.43e-148	520
AL018_RS16140	39	100.000	262	0	0	1	262	262	1	1.62e-137	484
AL018_RS16145	39	100.000	795	0	0	1	795	2087	1293	0.0	1469
AL018_RS16150	39	100.000	189	0	0	1	189	997	1185	1.99e-97	350
AL018_RS16155	39	100.000	208	0	0	1	208	1017	810	1.69e-107	385
AL018_RS16160	2	98.385	681	11	0	1	681	82882	83562	0.0	1197
AL018_RS16160	47	99.732	373	1	0	32	404	373	1	0.0	684
AL018_RS16160	23	99.639	277	1	0	405	681	1	277	4.36e-144	507
AL018_RS16160	44	98.106	264	5	0	418	681	1000	737	3.44e-130	460
AL018_RS16160	53	100.000	29	0	0	2	30	76	104	6.82e-08	54.7
AL018_RS16215	2	98.238	681	12	0	1	681	82882	83562	0.0	1192
AL018_RS16215	47	99.732	373	1	0	32	404	373	1	0.0	684
AL018_RS16215	23	99.278	277	2	0	405	681	1	277	2.03e-142	501
AL018_RS16215	44	97.727	264	6	0	418	681	1000	737	1.60e-128	455
AL018_RS16215	53	100.000	29	0	0	2	30	76	104	6.82e-08	54.7
AL025_RS14500	42	75.746	503	116	4	752	1251	640	141	5.44e-66	248
AL025_RS14610	31	86.658	757	101	0	423	1179	6131	5375	0.0	839
AL025_RS14625	3	76.746	1217	277	6	28	1241	324012	322799	0.0	675
AL025_RS14665	27	91.549	213	18	0	7	219	9649	9437	1.12e-80	294
AL025_RS14665	31	85.380	171	23	2	1	170	5581	5412	4.22e-45	176
AL025_RS14680	2	96.145	441	14	1	212	652	83125	83562	0.0	717
AL025_RS14680	2	99.558	226	1	0	1	226	82882	83107	9.34e-116	412
AL025_RS14680	23	98.571	280	1	1	373	652	1	277	1.17e-139	492
AL025_RS14680	44	97.004	267	5	1	386	652	1000	737	9.21e-126	446
AL025_RS14680	47	99.487	195	1	0	32	226	373	179	1.60e-98	355
AL025_RS14680	47	98.710	155	2	0	218	372	155	1	1.28e-74	276
AL025_RS14680	53	100.000	29	0	0	2	30	76	104	6.52e-08	54.7
AL025_RS14735	22	82.339	821	141	4	1	819	20706	21524	0.0	710
AL025_RS14740	22	80.615	650	120	6	37	683	20514	19868	2.66e-141	497
AL025_RS14745	22	81.921	1510	259	14	1	1503	19850	18348	0.0	1264
AL025_RS14760	21	99.398	1163	7	0	1	1163	21773	22935	0.0	2109
AL025_RS14825	21	99.398	1163	7	0	1	1163	21773	22935	0.0	2109
AL025_RS14835	21	99.691	1293	4	0	1	1293	20634	19342	0.0	2366
AL025_RS14845	21	100.000	261	0	0	1	261	21168	20908	2.69e-137	483
AL025_RS14850	31	86.658	757	101	0	423	1179	6131	5375	0.0	839
AL025_RS14865	21	99.495	396	2	0	1	396	23878	23483	0.0	721
AL025_RS14870	21	99.647	849	3	0	1	849	24739	23891	0.0	1552
AL025_RS14875	21	100.000	828	0	0	1	828	25581	24754	0.0	1530
AL025_RS14880	21	99.768	861	2	0	1	861	26453	25593	0.0	1580
AL025_RS14900	21	99.543	876	4	0	1	876	26692	27567	0.0	1596
AL025_RS14910	21	100.000	288	0	0	1	288	27574	27861	2.91e-152	532
AL025_RS14915	2	98.385	681	11	0	1	681	82882	83562	0.0	1197
AL025_RS14915	47	99.732	373	1	0	32	404	373	1	0.0	684
AL025_RS14915	23	98.917	277	3	0	405	681	1	277	9.43e-141	496
AL025_RS14915	44	98.106	264	5	0	418	681	1000	737	3.44e-130	460
AL025_RS14915	53	100.000	29	0	0	2	30	76	104	6.82e-08	54.7
AL025_RS14935	23	98.305	177	3	0	1	177	101	277	8.74e-86	311
AL025_RS14935	44	97.740	177	4	0	1	177	913	737	4.07e-84	305
AL025_RS14935	2	97.740	177	4	0	1	177	83386	83562	4.07e-84	305
AL025_RS14960	2	97.082	377	11	0	5	381	83186	83562	0.0	636
AL025_RS14960	23	99.278	277	2	0	105	381	1	277	1.11e-142	501
AL025_RS14960	44	97.727	264	6	0	118	381	1000	737	8.75e-129	455
AL025_RS14960	47	100.000	100	0	0	5	104	100	1	1.27e-47	185
AL025_RS14965	31	99.702	336	1	0	1	336	2365	2030	6.94e-177	616
AL025_RS14965	31	98.328	299	3	1	383	681	2034	1738	4.33e-149	523
AL025_RS14990	21	91.925	161	13	0	66	226	12581	12421	7.78e-60	226
AL025_RS15010	2	98.238	681	12	0	1	681	82882	83562	0.0	1192
AL025_RS15010	47	99.464	373	2	0	32	404	373	1	0.0	678
AL025_RS15010	23	99.639	277	1	0	405	681	1	277	4.36e-144	507
AL025_RS15010	44	98.106	264	5	0	418	681	1000	737	3.44e-130	460
AL025_RS15010	53	100.000	29	0	0	2	30	76	104	6.82e-08	54.7
AL025_RS15015	21	100.000	39	0	0	1282	1320	28224	28186	3.71e-13	73.1
AL025_RS15020	35	100.000	566	0	0	1	566	3513	4078	0.0	1046
AL025_RS15030	35	98.824	85	1	0	1	85	3241	3157	1.78e-37	152
AL025_RS15115	35	99.855	1377	2	0	1	1377	582	1958	0.0	2532
AL025_RS15120	35	100.000	582	0	0	76	657	1	582	0.0	1075
AL025_RS15125	27	99.596	1237	5	0	1	1237	12696	13932	0.0	2257
AL025_RS16470	27	98.969	97	1	0	60	156	12581	12677	1.04e-44	174
AL025_RS15140	27	99.715	351	1	0	1	351	12024	12374	0.0	643
AL025_RS15140	21	100.000	100	0	0	351	450	21579	21678	1.51e-47	185
AL025_RS16625	27	97.790	543	1	1	1	543	11337	11868	0.0	926
AL025_RS15155	31	87.629	194	24	0	23	216	5568	5375	4.06e-60	226
AL025_RS15200	2	93.452	672	42	2	1	671	82882	83552	0.0	996
AL025_RS15200	47	98.391	373	6	0	32	404	373	1	0.0	656
AL025_RS15200	23	88.406	276	30	2	407	681	3	277	2.81e-91	331
AL025_RS15200	31	92.377	223	15	1	459	681	1958	1738	7.88e-87	316
AL025_RS15200	44	87.451	255	30	2	418	671	1000	747	1.33e-79	292
AL025_RS15200	53	100.000	29	0	0	2	30	76	104	6.82e-08	54.7
AL025_RS15205	53	100.000	47	0	0	1616	1662	1	47	1.67e-17	87.9
AL025_RS15205	2	100.000	47	0	0	1616	1662	82808	82854	1.67e-17	87.9
AL025_RS15250	35	95.978	1069	42	1	228	1296	3156	2089	0.0	1735
AL025_RS15305	2	97.797	681	15	0	1	681	82882	83562	0.0	1175
AL025_RS15305	47	99.196	373	3	0	32	404	373	1	0.0	673
AL025_RS15305	23	98.917	277	3	0	405	681	1	277	9.43e-141	496
AL025_RS15305	44	97.348	264	7	0	418	681	1000	737	7.45e-127	449
AL025_RS15305	53	100.000	29	0	0	2	30	76	104	6.82e-08	54.7
AL025_RS15360	2	96.145	441	14	1	212	652	83125	83562	0.0	717
AL025_RS15360	2	99.558	226	1	0	1	226	82882	83107	9.34e-116	412
AL025_RS15360	23	98.571	280	1	1	373	652	1	277	1.17e-139	492
AL025_RS15360	44	97.004	267	5	1	386	652	1000	737	9.21e-126	446
AL025_RS15360	47	99.487	195	1	0	32	226	373	179	1.60e-98	355
AL025_RS15360	47	98.710	155	2	0	218	372	155	1	1.28e-74	276
AL025_RS15360	53	100.000	29	0	0	2	30	76	104	6.52e-08	54.7
AL025_RS15365	2	100.000	35	0	0	794	828	83619	83585	3.86e-11	65.8
AL025_RS15365	44	100.000	33	0	0	796	828	682	714	4.99e-10	62.1
AL025_RS15365	23	100.000	32	0	0	797	828	331	300	1.79e-09	60.2
AL025_RS15410	31	99.107	336	3	0	1	336	2365	2030	1.50e-173	604
AL025_RS15410	31	98.328	299	3	1	383	681	2034	1738	4.33e-149	523
AL025_RS15670	42	75.746	503	116	4	752	1251	640	141	5.44e-66	248
AL025_RS15720	35	95.978	1069	42	1	228	1296	3156	2089	0.0	1735
AL025_RS15885	38	99.705	678	2	0	1	678	2237	1560	0.0	1242
AL025_RS15890	38	97.561	123	3	0	1	123	1555	1433	9.99e-56	211
AL025_RS15900	44	98.462	260	4	0	2	261	411	152	4.53e-130	459
AL025_RS15900	38	95.019	261	13	0	1	261	1390	1130	1.29e-115	411
AL025_RS15930	39	100.000	554	0	0	356	909	812	259	0.0	1024
AL025_RS15935	39	100.000	281	0	0	263	543	2460	2180	4.43e-148	520
AL025_RS15935	39	100.000	262	0	0	1	262	262	1	1.62e-137	484
AL025_RS15940	39	100.000	795	0	0	1	795	2087	1293	0.0	1469
AL025_RS15945	39	100.000	189	0	0	1	189	997	1185	1.99e-97	350
AL025_RS15950	39	100.000	208	0	0	1	208	1017	810	1.69e-107	385
AL025_RS15955	2	98.385	681	11	0	1	681	82882	83562	0.0	1197
AL025_RS15955	47	99.732	373	1	0	32	404	373	1	0.0	684
AL025_RS15955	23	99.639	277	1	0	405	681	1	277	4.36e-144	507
AL025_RS15955	44	98.106	264	5	0	418	681	1000	737	3.44e-130	460
AL025_RS15955	53	100.000	29	0	0	2	30	76	104	6.82e-08	54.7
AL025_RS15960	2	97.024	336	10	0	1	336	83227	83562	3.39e-162	566
AL025_RS15960	23	99.639	277	1	0	60	336	1	277	2.08e-144	507
AL025_RS15960	44	98.106	264	5	0	73	336	1000	737	1.64e-130	460
AL025_RS15960	47	100.000	59	0	0	1	59	59	1	6.86e-25	110
AL025_RS16005	2	98.238	681	12	0	1	681	82882	83562	0.0	1192
AL025_RS16005	47	99.464	373	2	0	32	404	373	1	0.0	678
AL025_RS16005	23	99.639	277	1	0	405	681	1	277	4.36e-144	507
AL025_RS16005	44	98.106	264	5	0	418	681	1000	737	3.44e-130	460
AL025_RS16005	53	100.000	29	0	0	2	30	76	104	6.82e-08	54.7
AL025_RS16040	2	98.238	681	12	0	1	681	82882	83562	0.0	1192
AL025_RS16040	47	99.464	373	2	0	32	404	373	1	0.0	678
AL025_RS16040	23	99.639	277	1	0	405	681	1	277	4.36e-144	507
AL025_RS16040	44	98.106	264	5	0	418	681	1000	737	3.44e-130	460
AL025_RS16040	53	100.000	29	0	0	2	30	76	104	6.82e-08	54.7
AL025_RS16110	2	98.385	681	11	0	1	681	82882	83562	0.0	1197
AL025_RS16110	47	99.732	373	1	0	32	404	373	1	0.0	684
AL025_RS16110	23	99.639	277	1	0	405	681	1	277	4.36e-144	507
AL025_RS16110	44	98.106	264	5	0	418	681	1000	737	3.44e-130	460
AL025_RS16110	53	100.000	29	0	0	2	30	76	104	6.82e-08	54.7
AL025_RS16130	22	83.788	586	95	0	8	593	23084	23669	3.84e-159	556
AL025_RS16170	2	98.091	681	13	0	1	681	82882	83562	0.0	1186
AL025_RS16170	47	99.464	373	2	0	32	404	373	1	0.0	678
AL025_RS16170	23	99.278	277	2	0	405	681	1	277	2.03e-142	501
AL025_RS16170	44	97.727	264	6	0	418	681	1000	737	1.60e-128	455
AL025_RS16170	53	100.000	29	0	0	2	30	76	104	6.82e-08	54.7
AL025_RS16175	38	100.000	84	0	0	1	84	2505	2422	1.79e-39	156
AL020_RS13925	2	98.238	681	12	0	1	681	82882	83562	0.0	1192
AL020_RS13925	47	99.464	373	2	0	32	404	373	1	0.0	678
AL020_RS13925	23	99.639	277	1	0	405	681	1	277	4.36e-144	507
AL020_RS13925	44	98.106	264	5	0	418	681	1000	737	3.44e-130	460
AL020_RS13925	53	100.000	29	0	0	2	30	76	104	6.82e-08	54.7
AL020_RS14020	2	90.308	681	66	0	1	681	82882	83562	0.0	893
AL020_RS14020	31	97.917	336	7	0	1	336	2365	2030	7.04e-167	582
AL020_RS14020	23	99.639	277	1	0	405	681	1	277	4.36e-144	507
AL020_RS14020	44	98.106	264	5	0	418	681	1000	737	3.44e-130	460
AL020_RS14020	47	87.123	365	47	0	40	404	365	1	2.72e-116	414
AL020_RS14100	28	100.000	198	0	0	1096	1293	3390	3587	1.49e-101	366
AL020_RS14115	31	99.107	336	3	0	1	336	2365	2030	1.50e-173	604
AL020_RS14115	31	98.328	299	3	1	383	681	2034	1738	4.33e-149	523
AL020_RS14205	21	99.140	1163	10	0	1	1163	21773	22935	0.0	2093
AL020_RS14215	31	98.328	299	3	1	266	564	2034	1738	3.57e-149	523
AL020_RS14215	31	99.543	219	1	0	1	219	2248	2030	6.27e-112	399
AL020_RS14220	31	97.959	49	1	0	1	49	1732	1684	1.45e-17	86.1
AL020_RS14315	31	99.604	757	3	0	423	1179	6131	5375	0.0	1382
AL020_RS14315	31	99.254	134	0	1	226	358	6261	6128	8.57e-64	241
AL020_RS14315	27	84.922	829	109	13	1	821	10627	9807	0.0	824
AL020_RS14315	21	100.000	65	0	0	1	65	21464	21400	1.16e-27	121
AL020_RS14340	31	87.629	194	24	0	23	216	5568	5375	4.06e-60	226
AL020_RS17615	27	97.790	543	1	1	1	543	11337	11868	0.0	926
AL020_RS14360	27	99.715	351	1	0	1	351	12024	12374	0.0	643
AL020_RS14360	21	100.000	100	0	0	351	450	21579	21678	1.51e-47	185
AL020_RS17455	27	98.969	97	1	0	60	156	12581	12677	1.04e-44	174
AL020_RS14375	27	99.596	1237	5	0	1	1237	12696	13932	0.0	2257
AL020_RS14380	35	100.000	582	0	0	76	657	1	582	0.0	1075
AL020_RS14385	35	99.855	1377	2	0	1	1377	582	1958	0.0	2532
AL020_RS17025	35	98.824	85	1	0	1	85	3241	3157	1.78e-37	152
AL020_RS14460	35	100.000	566	0	0	1	566	3513	4078	0.0	1046
AL020_RS14465	21	100.000	39	0	0	1282	1320	28224	28186	3.71e-13	73.1
AL020_RS14470	2	98.238	681	12	0	1	681	82882	83562	0.0	1192
AL020_RS14470	47	99.464	373	2	0	32	404	373	1	0.0	678
AL020_RS14470	23	99.639	277	1	0	405	681	1	277	4.36e-144	507
AL020_RS14470	44	98.106	264	5	0	418	681	1000	737	3.44e-130	460
AL020_RS14470	53	100.000	29	0	0	2	30	76	104	6.82e-08	54.7
AL020_RS14490	21	91.925	161	13	0	66	226	12581	12421	7.78e-60	226
AL020_RS14515	31	99.702	336	1	0	1	336	2365	2030	6.94e-177	616
AL020_RS14515	31	98.328	299	3	1	383	681	2034	1738	4.33e-149	523
AL020_RS14520	2	97.082	377	11	0	5	381	83186	83562	0.0	636
AL020_RS14520	23	99.278	277	2	0	105	381	1	277	1.11e-142	501
AL020_RS14520	44	97.727	264	6	0	118	381	1000	737	8.75e-129	455
AL020_RS14520	47	100.000	100	0	0	5	104	100	1	1.27e-47	185
AL020_RS14535	2	98.238	681	12	0	1	681	82882	83562	0.0	1192
AL020_RS14535	47	99.464	373	2	0	32	404	373	1	0.0	678
AL020_RS14535	23	98.917	277	3	0	405	681	1	277	9.43e-141	496
AL020_RS14535	44	98.106	264	5	0	418	681	1000	737	3.44e-130	460
AL020_RS14535	53	100.000	29	0	0	2	30	76	104	6.82e-08	54.7
AL020_RS14540	21	99.573	1170	5	0	1	1170	26692	27861	0.0	2134
AL020_RS17465	21	99.652	861	3	0	1	861	26453	25593	0.0	1574
AL020_RS14565	21	100.000	828	0	0	1	828	25581	24754	0.0	1530
AL020_RS14570	21	99.647	849	3	0	1	849	24739	23891	0.0	1552
AL020_RS14575	21	99.495	396	2	0	1	396	23878	23483	0.0	721
AL020_RS14590	31	86.658	757	101	0	423	1179	6131	5375	0.0	839
AL020_RS14595	21	100.000	261	0	0	1	261	21168	20908	2.69e-137	483
AL020_RS14600	21	99.691	1293	4	0	1	1293	20634	19342	0.0	2366
AL020_RS14610	21	99.398	1163	7	0	1	1163	21773	22935	0.0	2109
AL020_RS14670	21	99.484	1163	6	0	1	1163	21773	22935	0.0	2115
AL020_RS14680	22	81.921	1510	259	14	1	1503	19850	18348	0.0	1264
AL020_RS14685	22	80.615	650	120	6	37	683	20514	19868	2.66e-141	497
AL020_RS14690	22	82.339	821	141	4	1	819	20706	21524	0.0	710
AL020_RS14740	2	96.145	441	14	1	212	652	83125	83562	0.0	717
AL020_RS14740	2	99.558	226	1	0	1	226	82882	83107	9.34e-116	412
AL020_RS14740	23	98.571	280	1	1	373	652	1	277	1.17e-139	492
AL020_RS14740	44	97.004	267	5	1	386	652	1000	737	9.21e-126	446
AL020_RS14740	47	99.487	195	1	0	32	226	373	179	1.60e-98	355
AL020_RS14740	47	98.710	155	2	0	218	372	155	1	1.28e-74	276
AL020_RS14740	53	100.000	29	0	0	2	30	76	104	6.52e-08	54.7
AL020_RS14755	27	91.549	213	18	0	7	219	9649	9437	1.12e-80	294
AL020_RS14755	31	85.380	171	23	2	1	170	5581	5412	4.22e-45	176
AL020_RS14815	3	76.746	1217	277	6	28	1241	324012	322799	0.0	675
AL020_RS14840	31	86.658	757	101	0	423	1179	6131	5375	0.0	839
AL020_RS14950	42	75.746	503	116	4	752	1251	640	141	5.44e-66	248
AL020_RS14990	2	97.944	681	14	0	1	681	82882	83562	0.0	1181
AL020_RS14990	47	98.928	373	4	0	32	404	373	1	0.0	667
AL020_RS14990	23	99.639	277	1	0	405	681	1	277	4.36e-144	507
AL020_RS14990	44	98.106	264	5	0	418	681	1000	737	3.44e-130	460
AL020_RS14990	53	100.000	29	0	0	2	30	76	104	6.82e-08	54.7
AL020_RS15000	2	98.238	681	12	0	1	681	82882	83562	0.0	1192
AL020_RS15000	47	99.464	373	2	0	32	404	373	1	0.0	678
AL020_RS15000	23	99.639	277	1	0	405	681	1	277	4.36e-144	507
AL020_RS15000	44	98.106	264	5	0	418	681	1000	737	3.44e-130	460
AL020_RS15000	53	100.000	29	0	0	2	30	76	104	6.82e-08	54.7
AL020_RS15535	42	75.746	503	116	4	752	1251	640	141	5.44e-66	248
AL020_RS15775	22	83.618	586	96	0	8	593	23084	23669	1.79e-157	551
AL020_RS15785	2	98.385	681	11	0	1	681	82882	83562	0.0	1197
AL020_RS15785	47	99.732	373	1	0	32	404	373	1	0.0	684
AL020_RS15785	23	99.639	277	1	0	405	681	1	277	4.36e-144	507
AL020_RS15785	44	98.106	264	5	0	418	681	1000	737	3.44e-130	460
AL020_RS15785	53	100.000	29	0	0	2	30	76	104	6.82e-08	54.7
AL020_RS15880	2	98.385	681	11	0	1	681	82882	83562	0.0	1197
AL020_RS15880	47	99.732	373	1	0	32	404	373	1	0.0	684
AL020_RS15880	23	99.639	277	1	0	405	681	1	277	4.36e-144	507
AL020_RS15880	44	98.106	264	5	0	418	681	1000	737	3.44e-130	460
AL020_RS15880	53	100.000	29	0	0	2	30	76	104	6.82e-08	54.7
AL020_RS15885	39	100.000	208	0	0	1	208	1017	810	1.69e-107	385
AL020_RS17125	39	100.000	189	0	0	1	189	997	1185	1.99e-97	350
AL020_RS15890	39	100.000	795	0	0	1	795	2087	1293	0.0	1469
AL020_RS15895	39	100.000	281	0	0	263	543	2460	2180	4.43e-148	520
AL020_RS15895	39	100.000	262	0	0	1	262	262	1	1.62e-137	484
AL020_RS15900	39	100.000	554	0	0	360	913	812	259	0.0	1024
AL020_RS17130	44	98.462	260	4	0	2	261	411	152	4.53e-130	459
AL020_RS17130	38	95.019	261	13	0	1	261	1390	1130	1.29e-115	411
AL020_RS15925	38	99.729	738	2	0	1	738	2297	1560	0.0	1352
AL020_RS15930	38	100.000	84	0	0	1	84	2505	2422	1.79e-39	156
AL020_RS15935	2	98.091	681	13	0	1	681	82882	83562	0.0	1186
AL020_RS15935	47	99.464	373	2	0	32	404	373	1	0.0	678
AL020_RS15935	23	99.278	277	2	0	405	681	1	277	2.03e-142	501
AL020_RS15935	44	97.727	264	6	0	418	681	1000	737	1.60e-128	455
AL020_RS15935	53	100.000	29	0	0	2	30	76	104	6.82e-08	54.7
AL016_RS14615	23	98.305	177	3	0	1	177	101	277	8.74e-86	311
AL016_RS14615	44	97.740	177	4	0	1	177	913	737	4.07e-84	305
AL016_RS14615	2	97.740	177	4	0	1	177	83386	83562	4.07e-84	305
AL016_RS14640	2	97.082	377	11	0	5	381	83186	83562	0.0	636
AL016_RS14640	23	99.278	277	2	0	105	381	1	277	1.11e-142	501
AL016_RS14640	44	97.727	264	6	0	118	381	1000	737	8.75e-129	455
AL016_RS14640	47	100.000	100	0	0	5	104	100	1	1.27e-47	185
AL016_RS14645	31	99.702	336	1	0	1	336	2365	2030	6.94e-177	616
AL016_RS14645	31	98.328	299	3	1	383	681	2034	1738	4.33e-149	523
AL016_RS14680	21	91.925	161	13	0	66	226	12581	12421	7.78e-60	226
AL016_RS14700	2	98.238	681	12	0	1	681	82882	83562	0.0	1192
AL016_RS14700	47	99.464	373	2	0	32	404	373	1	0.0	678
AL016_RS14700	23	99.639	277	1	0	405	681	1	277	4.36e-144	507
AL016_RS14700	44	98.106	264	5	0	418	681	1000	737	3.44e-130	460
AL016_RS14700	53	100.000	29	0	0	2	30	76	104	6.82e-08	54.7
AL016_RS14705	21	100.000	39	0	0	1282	1320	28224	28186	3.71e-13	73.1
AL016_RS14710	35	100.000	566	0	0	1	566	3513	4078	0.0	1046
AL016_RS14720	35	98.824	85	1	0	1	85	3241	3157	1.78e-37	152
AL016_RS14805	35	99.855	1377	2	0	1	1377	582	1958	0.0	2532
AL016_RS14810	35	100.000	582	0	0	76	657	1	582	0.0	1075
AL016_RS14815	27	99.596	1237	5	0	1	1237	12696	13932	0.0	2257
AL016_RS17170	27	98.969	97	1	0	60	156	12581	12677	1.04e-44	174
AL016_RS14830	27	99.715	351	1	0	1	351	12024	12374	0.0	643
AL016_RS14830	21	100.000	100	0	0	351	450	21579	21678	1.51e-47	185
AL016_RS17365	27	97.790	543	1	1	1	543	11337	11868	0.0	926
AL016_RS14845	31	87.629	194	24	0	23	216	5568	5375	4.06e-60	226
AL016_RS14980	31	97.959	49	1	0	1	49	1732	1684	1.45e-17	86.1
AL016_RS14985	31	98.328	299	3	1	266	564	2034	1738	3.57e-149	523
AL016_RS14985	31	99.543	219	1	0	1	219	2248	2030	6.27e-112	399
AL016_RS14990	21	99.140	1163	10	0	1	1163	21773	22935	0.0	2093
AL016_RS15090	31	99.107	336	3	0	1	336	2365	2030	1.50e-173	604
AL016_RS15090	31	98.328	299	3	1	383	681	2034	1738	4.33e-149	523
AL016_RS15110	28	100.000	198	0	0	1096	1293	3390	3587	1.49e-101	366
AL016_RS15190	2	90.308	681	66	0	1	681	82882	83562	0.0	893
AL016_RS15190	31	97.917	336	7	0	1	336	2365	2030	7.04e-167	582
AL016_RS15190	23	99.639	277	1	0	405	681	1	277	4.36e-144	507
AL016_RS15190	44	98.106	264	5	0	418	681	1000	737	3.44e-130	460
AL016_RS15190	47	87.123	365	47	0	40	404	365	1	2.72e-116	414
AL016_RS15295	2	98.238	681	12	0	1	681	82882	83562	0.0	1192
AL016_RS15295	47	99.464	373	2	0	32	404	373	1	0.0	678
AL016_RS15295	23	99.639	277	1	0	405	681	1	277	4.36e-144	507
AL016_RS15295	44	98.106	264	5	0	418	681	1000	737	3.44e-130	460
AL016_RS15295	53	100.000	29	0	0	2	30	76	104	6.82e-08	54.7
AL016_RS15320	2	98.238	681	12	0	1	681	82882	83562	0.0	1192
AL016_RS15320	47	99.464	373	2	0	32	404	373	1	0.0	678
AL016_RS15320	23	99.639	277	1	0	405	681	1	277	4.36e-144	507
AL016_RS15320	44	98.106	264	5	0	418	681	1000	737	3.44e-130	460
AL016_RS15320	53	100.000	29	0	0	2	30	76	104	6.82e-08	54.7
AL016_RS15330	2	98.385	681	11	0	1	681	82882	83562	0.0	1197
AL016_RS15330	47	99.732	373	1	0	32	404	373	1	0.0	684
AL016_RS15330	23	99.639	277	1	0	405	681	1	277	4.36e-144	507
AL016_RS15330	44	98.106	264	5	0	418	681	1000	737	3.44e-130	460
AL016_RS15330	53	100.000	29	0	0	2	30	76	104	6.82e-08	54.7
AL016_RS15375	42	75.746	503	116	4	752	1251	640	141	5.44e-66	248
AL016_RS15485	31	86.658	757	101	0	423	1179	6131	5375	0.0	839
AL016_RS15505	3	76.746	1217	277	6	28	1241	324012	322799	0.0	675
AL016_RS15560	27	91.549	213	18	0	7	219	9649	9437	1.12e-80	294
AL016_RS15560	31	85.380	171	23	2	1	170	5581	5412	4.22e-45	176
AL016_RS15575	2	96.145	441	14	1	212	652	83125	83562	0.0	717
AL016_RS15575	2	99.558	226	1	0	1	226	82882	83107	9.34e-116	412
AL016_RS15575	23	98.571	280	1	1	373	652	1	277	1.17e-139	492
AL016_RS15575	44	97.004	267	5	1	386	652	1000	737	9.21e-126	446
AL016_RS15575	47	99.487	195	1	0	32	226	373	179	1.60e-98	355
AL016_RS15575	47	98.710	155	2	0	218	372	155	1	1.28e-74	276
AL016_RS15575	53	100.000	29	0	0	2	30	76	104	6.52e-08	54.7
AL016_RS15630	22	82.339	821	141	4	1	819	20706	21524	0.0	710
AL016_RS15635	22	80.615	650	120	6	37	683	20514	19868	2.66e-141	497
AL016_RS15640	22	81.921	1510	259	14	1	1503	19850	18348	0.0	1264
AL016_RS15655	21	99.484	1163	6	0	1	1163	21773	22935	0.0	2115
AL016_RS15720	21	99.398	1163	7	0	1	1163	21773	22935	0.0	2109
AL016_RS15725	21	99.691	1293	4	0	1	1293	20634	19342	0.0	2366
AL016_RS15730	21	100.000	261	0	0	1	261	21168	20908	2.69e-137	483
AL016_RS15735	31	86.658	757	101	0	423	1179	6131	5375	0.0	839
AL016_RS15750	21	99.495	396	2	0	1	396	23878	23483	0.0	721
AL016_RS15755	21	99.647	849	3	0	1	849	24739	23891	0.0	1552
AL016_RS15760	21	100.000	828	0	0	1	828	25581	24754	0.0	1530
AL016_RS15765	21	99.768	861	2	0	1	861	26453	25593	0.0	1580
AL016_RS15785	21	99.573	1170	5	0	1	1170	26692	27861	0.0	2134
AL016_RS15790	2	98.238	681	12	0	1	681	82882	83562	0.0	1192
AL016_RS15790	47	99.464	373	2	0	32	404	373	1	0.0	678
AL016_RS15790	23	98.917	277	3	0	405	681	1	277	9.43e-141	496
AL016_RS15790	44	98.106	264	5	0	418	681	1000	737	3.44e-130	460
AL016_RS15790	53	100.000	29	0	0	2	30	76	104	6.82e-08	54.7
AL016_RS16205	2	98.385	681	11	0	1	681	82882	83562	0.0	1197
AL016_RS16205	47	99.732	373	1	0	32	404	373	1	0.0	684
AL016_RS16205	23	99.639	277	1	0	405	681	1	277	4.36e-144	507
AL016_RS16205	44	98.106	264	5	0	418	681	1000	737	3.44e-130	460
AL016_RS16205	53	100.000	29	0	0	2	30	76	104	6.82e-08	54.7
AL016_RS16275	42	75.746	503	116	4	752	1251	640	141	5.44e-66	248
AL016_RS16425	31	86.526	757	102	0	423	1179	6131	5375	0.0	833
AL016_RS16545	2	98.238	681	12	0	1	681	82882	83562	0.0	1192
AL016_RS16545	47	99.732	373	1	0	32	404	373	1	0.0	684
AL016_RS16545	23	99.278	277	2	0	405	681	1	277	2.03e-142	501
AL016_RS16545	44	97.727	264	6	0	418	681	1000	737	1.60e-128	455
AL016_RS16545	53	100.000	29	0	0	2	30	76	104	6.82e-08	54.7
AL016_RS16645	2	98.385	681	11	0	1	681	82882	83562	0.0	1197
AL016_RS16645	47	99.732	373	1	0	32	404	373	1	0.0	684
AL016_RS16645	23	99.639	277	1	0	405	681	1	277	4.36e-144	507
AL016_RS16645	44	98.106	264	5	0	418	681	1000	737	3.44e-130	460
AL016_RS16645	53	100.000	29	0	0	2	30	76	104	6.82e-08	54.7
AL016_RS16660	44	100.000	30	0	0	1	30	712	683	1.22e-08	56.5
AL016_RS16660	23	100.000	30	0	0	1	30	302	331	1.22e-08	56.5
AL016_RS16660	2	100.000	30	0	0	1	30	83587	83616	1.22e-08	56.5
AL016_RS16665	2	98.385	681	11	0	1	681	82882	83562	0.0	1197
AL016_RS16665	47	99.732	373	1	0	32	404	373	1	0.0	684
AL016_RS16665	23	99.639	277	1	0	405	681	1	277	4.36e-144	507
AL016_RS16665	44	98.106	264	5	0	418	681	1000	737	3.44e-130	460
AL016_RS16665	53	100.000	29	0	0	2	30	76	104	6.82e-08	54.7
AL016_RS16675	22	83.788	586	95	0	8	593	23084	23669	3.84e-159	556
AL015_RS15035	2	98.385	681	11	0	1	681	82882	83562	0.0	1197
AL015_RS15035	47	99.732	373	1	0	32	404	373	1	0.0	684
AL015_RS15035	23	99.639	277	1	0	405	681	1	277	4.36e-144	507
AL015_RS15035	44	98.106	264	5	0	418	681	1000	737	3.44e-130	460
AL015_RS15035	53	100.000	29	0	0	2	30	76	104	6.82e-08	54.7
AL015_RS15050	27	91.549	213	18	0	7	219	9649	9437	1.12e-80	294
AL015_RS15050	31	85.380	171	23	2	1	170	5581	5412	4.22e-45	176
AL015_RS15105	3	76.746	1217	277	6	28	1241	324012	322799	0.0	675
AL015_RS15125	31	86.658	757	101	0	423	1179	6131	5375	0.0	839
AL015_RS15230	42	75.746	503	116	4	752	1251	640	141	5.44e-66	248
AL015_RS15325	27	89.214	1196	119	8	1	1191	10627	9437	0.0	1485
AL015_RS15330	31	99.702	336	1	0	1	336	2365	2030	6.94e-177	616
AL015_RS15330	31	98.328	299	3	1	383	681	2034	1738	4.33e-149	523
AL015_RS15450	31	87.629	194	24	0	23	216	5568	5375	4.06e-60	226
AL015_RS17605	27	97.790	543	1	1	1	543	11337	11868	0.0	926
AL015_RS15465	27	99.715	351	1	0	1	351	12024	12374	0.0	643
AL015_RS15465	21	100.000	100	0	0	351	450	21579	21678	1.51e-47	185
AL015_RS17355	27	98.969	97	1	0	60	156	12581	12677	1.04e-44	174
AL015_RS15480	27	99.596	1237	5	0	1	1237	12696	13932	0.0	2257
AL015_RS15485	35	100.000	582	0	0	76	657	1	582	0.0	1075
AL015_RS15490	35	99.855	1377	2	0	1	1377	582	1958	0.0	2532
AL015_RS15555	35	98.824	85	1	0	1	85	3241	3157	4.47e-37	152
AL015_RS15610	9	80.039	1538	296	10	33	1566	82096	83626	0.0	1129
AL015_RS15615	35	98.824	85	1	0	1	85	3241	3157	4.47e-37	152
AL015_RS15625	35	100.000	566	0	0	1	566	3513	4078	0.0	1046
AL015_RS15630	21	100.000	39	0	0	1282	1320	28224	28186	3.71e-13	73.1
AL015_RS15635	2	98.238	681	12	0	1	681	82882	83562	0.0	1192
AL015_RS15635	47	99.464	373	2	0	32	404	373	1	0.0	678
AL015_RS15635	23	99.639	277	1	0	405	681	1	277	4.36e-144	507
AL015_RS15635	44	98.106	264	5	0	418	681	1000	737	3.44e-130	460
AL015_RS15635	53	100.000	29	0	0	2	30	76	104	6.82e-08	54.7
AL015_RS15655	21	91.925	161	13	0	66	226	12581	12421	7.78e-60	226
AL015_RS15680	31	99.702	336	1	0	1	336	2365	2030	6.94e-177	616
AL015_RS15680	31	98.328	299	3	1	383	681	2034	1738	4.33e-149	523
AL015_RS15685	2	97.082	377	11	0	5	381	83186	83562	0.0	636
AL015_RS15685	23	99.278	277	2	0	105	381	1	277	1.11e-142	501
AL015_RS15685	44	97.727	264	6	0	118	381	1000	737	8.75e-129	455
AL015_RS15685	47	100.000	100	0	0	5	104	100	1	1.27e-47	185
AL015_RS15710	23	98.305	177	3	0	1	177	101	277	8.74e-86	311
AL015_RS15710	44	97.740	177	4	0	1	177	913	737	4.07e-84	305
AL015_RS15710	2	97.740	177	4	0	1	177	83386	83562	4.07e-84	305
AL015_RS15730	2	98.385	681	11	0	1	681	82882	83562	0.0	1197
AL015_RS15730	47	99.732	373	1	0	32	404	373	1	0.0	684
AL015_RS15730	23	98.917	277	3	0	405	681	1	277	9.43e-141	496
AL015_RS15730	44	98.106	264	5	0	418	681	1000	737	3.44e-130	460
AL015_RS15730	53	100.000	29	0	0	2	30	76	104	6.82e-08	54.7
AL015_RS15785	21	99.398	1163	7	0	1	1163	21773	22935	0.0	2109
AL015_RS15790	21	99.691	1293	4	0	1	1293	20634	19342	0.0	2366
AL015_RS15795	21	100.000	261	0	0	1	261	21168	20908	2.69e-137	483
AL015_RS15800	31	86.658	757	101	0	423	1179	6131	5375	0.0	839
AL015_RS15815	21	99.495	396	2	0	1	396	23878	23483	0.0	721
AL015_RS15820	21	99.647	849	3	0	1	849	24739	23891	0.0	1552
AL015_RS15825	21	100.000	828	0	0	1	828	25581	24754	0.0	1530
AL015_RS15830	21	99.768	861	2	0	1	861	26453	25593	0.0	1580
AL015_RS15850	21	99.573	1170	5	0	1	1170	26692	27861	0.0	2134
AL015_RS15855	2	98.385	681	11	0	1	681	82882	83562	0.0	1197
AL015_RS15855	47	99.732	373	1	0	32	404	373	1	0.0	684
AL015_RS15855	23	98.917	277	3	0	405	681	1	277	9.43e-141	496
AL015_RS15855	44	98.106	264	5	0	418	681	1000	737	3.44e-130	460
AL015_RS15855	53	100.000	29	0	0	2	30	76	104	6.82e-08	54.7
AL015_RS15875	21	99.484	1163	6	0	1	1163	21773	22935	0.0	2115
AL015_RS15890	22	81.921	1510	259	14	1	1503	19850	18348	0.0	1264
AL015_RS15895	22	80.615	650	120	6	37	683	20514	19868	2.66e-141	497
AL015_RS15900	22	82.339	821	141	4	1	819	20706	21524	0.0	710
AL015_RS15955	2	96.145	441	14	1	212	652	83125	83562	0.0	717
AL015_RS15955	2	99.558	226	1	0	1	226	82882	83107	9.34e-116	412
AL015_RS15955	23	98.571	280	1	1	373	652	1	277	1.17e-139	492
AL015_RS15955	44	97.004	267	5	1	386	652	1000	737	9.21e-126	446
AL015_RS15955	47	99.487	195	1	0	32	226	373	179	1.60e-98	355
AL015_RS15955	47	98.710	155	2	0	218	372	155	1	1.28e-74	276
AL015_RS15955	53	100.000	29	0	0	2	30	76	104	6.52e-08	54.7
AL015_RS15960	39	100.000	208	0	0	1	208	1017	810	1.69e-107	385
AL015_RS15965	39	100.000	189	0	0	1	189	997	1185	1.99e-97	350
AL015_RS15970	39	100.000	795	0	0	1	795	2087	1293	0.0	1469
AL015_RS15975	39	100.000	281	0	0	263	543	2460	2180	4.43e-148	520
AL015_RS15975	39	100.000	262	0	0	1	262	262	1	1.62e-137	484
AL015_RS15980	39	100.000	554	0	0	356	909	812	259	0.0	1024
AL015_RS16005	44	98.462	260	4	0	2	261	411	152	4.53e-130	459
AL015_RS16005	38	95.019	261	13	0	1	261	1390	1130	1.29e-115	411
AL015_RS16010	38	99.458	738	4	0	1	738	2297	1560	0.0	1349
AL015_RS16015	38	98.810	84	1	0	1	84	2505	2422	2.32e-38	152
AL015_RS16020	2	98.385	681	11	0	1	681	82882	83562	0.0	1197
AL015_RS16020	47	99.732	373	1	0	32	404	373	1	0.0	684
AL015_RS16020	23	99.639	277	1	0	405	681	1	277	4.36e-144	507
AL015_RS16020	44	98.106	264	5	0	418	681	1000	737	3.44e-130	460
AL015_RS16020	53	100.000	29	0	0	2	30	76	104	6.82e-08	54.7
AL015_RS16040	2	98.385	681	11	0	1	681	82882	83562	0.0	1197
AL015_RS16040	47	99.732	373	1	0	32	404	373	1	0.0	684
AL015_RS16040	23	99.639	277	1	0	405	681	1	277	4.36e-144	507
AL015_RS16040	44	98.106	264	5	0	418	681	1000	737	3.44e-130	460
AL015_RS16040	53	100.000	29	0	0	2	30	76	104	6.82e-08	54.7
AL015_RS16620	42	75.746	503	116	4	752	1251	640	141	5.44e-66	248
AL015_RS16715	22	83.788	586	95	0	8	593	23084	23669	3.84e-159	556
AL015_RS16795	42	75.746	503	116	4	752	1251	640	141	5.44e-66	248
AL015_RS17615	42	76.712	365	81	2	884	1246	503	141	1.54e-51	200
AL021_RS14775	2	98.385	681	11	0	1	681	82882	83562	0.0	1197
AL021_RS14775	47	99.732	373	1	0	32	404	373	1	0.0	684
AL021_RS14775	23	99.639	277	1	0	405	681	1	277	4.36e-144	507
AL021_RS14775	44	98.106	264	5	0	418	681	1000	737	3.44e-130	460
AL021_RS14775	53	100.000	29	0	0	2	30	76	104	6.82e-08	54.7
AL021_RS14870	2	98.385	681	11	0	1	681	82882	83562	0.0	1197
AL021_RS14870	47	99.732	373	1	0	32	404	373	1	0.0	684
AL021_RS14870	23	99.639	277	1	0	405	681	1	277	4.36e-144	507
AL021_RS14870	44	98.106	264	5	0	418	681	1000	737	3.44e-130	460
AL021_RS14870	53	100.000	29	0	0	2	30	76	104	6.82e-08	54.7
AL021_RS15325	42	75.547	503	117	4	752	1251	640	141	2.53e-64	243
AL021_RS15435	31	86.658	757	101	0	423	1179	6131	5375	0.0	839
AL021_RS15450	3	76.746	1217	277	6	28	1241	324012	322799	0.0	675
AL021_RS15495	27	91.080	213	19	0	7	219	9649	9437	5.19e-79	289
AL021_RS15495	31	84.795	171	24	2	1	170	5581	5412	1.96e-43	171
AL021_RS15510	2	96.145	441	14	1	212	652	83125	83562	0.0	717
AL021_RS15510	2	99.558	226	1	0	1	226	82882	83107	9.34e-116	412
AL021_RS15510	23	98.571	280	1	1	373	652	1	277	1.17e-139	492
AL021_RS15510	44	97.004	267	5	1	386	652	1000	737	9.21e-126	446
AL021_RS15510	47	99.487	195	1	0	32	226	373	179	1.60e-98	355
AL021_RS15510	47	98.710	155	2	0	218	372	155	1	1.28e-74	276
AL021_RS15510	53	100.000	29	0	0	2	30	76	104	6.52e-08	54.7
AL021_RS15565	22	82.339	821	141	4	1	819	20706	21524	0.0	710
AL021_RS15570	22	80.615	650	120	6	37	683	20514	19868	2.66e-141	497
AL021_RS15575	22	81.921	1510	259	14	1	1503	19850	18348	0.0	1264
AL021_RS15585	21	99.484	1163	6	0	1	1163	21773	22935	0.0	2115
AL021_RS15645	21	99.484	1163	6	0	1	1163	21773	22935	0.0	2115
AL021_RS15655	21	99.536	1293	6	0	1	1293	20634	19342	0.0	2355
AL021_RS15680	21	100.000	261	0	0	1	261	21168	20908	2.69e-137	483
AL021_RS15685	31	86.658	757	101	0	423	1179	6131	5375	0.0	839
AL021_RS15690	21	99.573	1170	5	0	1	1170	26692	27861	0.0	2134
AL021_RS15695	21	100.000	39	0	0	1282	1320	28224	28186	3.71e-13	73.1
AL021_RS15700	35	100.000	566	0	0	1	566	3513	4078	0.0	1046
AL021_RS18160	35	98.824	85	1	0	1	85	3241	3157	1.78e-37	152
AL021_RS15790	35	99.927	1377	1	0	1	1377	582	1958	0.0	2538
AL021_RS15795	35	100.000	582	0	0	76	657	1	582	0.0	1075
AL021_RS15800	27	99.677	1237	4	0	1	1237	12696	13932	0.0	2263
AL021_RS18480	27	98.969	97	1	0	60	156	12581	12677	1.04e-44	174
AL021_RS15815	27	99.715	351	1	0	1	351	12024	12374	0.0	643
AL021_RS18625	27	97.790	543	1	1	1	543	11337	11868	0.0	926
AL021_RS15835	31	87.629	194	24	0	23	216	5568	5375	4.06e-60	226
AL021_RS15875	31	99.405	336	2	0	1	336	2365	2030	3.23e-175	610
AL021_RS15875	31	98.328	299	3	1	383	681	2034	1738	4.33e-149	523
AL021_RS15890	22	89.226	594	64	0	3	596	23079	23672	0.0	743
AL021_RS15910	2	98.091	681	13	0	1	681	82882	83562	0.0	1186
AL021_RS15910	47	99.196	373	3	0	32	404	373	1	0.0	673
AL021_RS15910	23	98.917	277	3	0	405	681	1	277	9.43e-141	496
AL021_RS15910	44	98.106	264	5	0	418	681	1000	737	3.44e-130	460
AL021_RS15910	53	100.000	29	0	0	2	30	76	104	6.82e-08	54.7
AL021_RS15945	21	99.312	1163	8	0	1	1163	21773	22935	0.0	2104
AL021_RS15970	2	98.385	681	11	0	1	681	82882	83562	0.0	1197
AL021_RS15970	47	99.732	373	1	0	32	404	373	1	0.0	684
AL021_RS15970	23	99.639	277	1	0	405	681	1	277	4.36e-144	507
AL021_RS15970	44	98.106	264	5	0	418	681	1000	737	3.44e-130	460
AL021_RS15970	53	100.000	29	0	0	2	30	76	104	6.82e-08	54.7
AL021_RS16085	2	97.797	681	15	0	1	681	82882	83562	0.0	1175
AL021_RS16085	47	99.196	373	3	0	32	404	373	1	0.0	673
AL021_RS16085	23	98.917	277	3	0	405	681	1	277	9.43e-141	496
AL021_RS16085	44	97.348	264	7	0	418	681	1000	737	7.45e-127	449
AL021_RS16085	53	100.000	29	0	0	2	30	76	104	6.82e-08	54.7
AL021_RS16140	2	96.804	438	14	0	212	649	83125	83562	0.0	732
AL021_RS16140	2	99.558	226	1	0	1	226	82882	83107	9.30e-116	412
AL021_RS16140	23	99.639	277	1	0	373	649	1	277	4.15e-144	507
AL021_RS16140	44	98.106	264	5	0	386	649	1000	737	3.27e-130	460
AL021_RS16140	47	99.487	195	1	0	32	226	373	179	1.59e-98	355
AL021_RS16140	47	98.710	155	2	0	218	372	155	1	1.27e-74	276
AL021_RS16140	53	100.000	29	0	0	2	30	76	104	6.49e-08	54.7
AL021_RS16145	2	100.000	35	0	0	794	828	83619	83585	3.86e-11	65.8
AL021_RS16145	44	100.000	33	0	0	796	828	682	714	4.99e-10	62.1
AL021_RS16145	23	100.000	32	0	0	797	828	331	300	1.79e-09	60.2
AL021_RS16190	31	99.107	336	3	0	1	336	2365	2030	1.50e-173	604
AL021_RS16190	31	98.328	299	3	1	383	681	2034	1738	4.33e-149	523
AL021_RS16240	21	99.484	1163	6	0	1	1163	21773	22935	0.0	2115
AL021_RS16350	2	98.385	681	11	0	1	681	82882	83562	0.0	1197
AL021_RS16350	47	99.732	373	1	0	32	404	373	1	0.0	684
AL021_RS16350	23	99.639	277	1	0	405	681	1	277	4.36e-144	507
AL021_RS16350	44	98.106	264	5	0	418	681	1000	737	3.44e-130	460
AL021_RS16350	53	100.000	29	0	0	2	30	76	104	6.82e-08	54.7
AL021_RS16465	42	75.746	503	116	4	752	1251	640	141	5.44e-66	248
AL021_RS16665	53	100.000	48	0	0	1	48	48	1	2.26e-18	89.8
AL021_RS16665	2	100.000	48	0	0	1	48	82855	82808	2.26e-18	89.8
AL021_RS16670	2	98.385	681	11	0	1	681	82882	83562	0.0	1197
AL021_RS16670	47	99.732	373	1	0	32	404	373	1	0.0	684
AL021_RS16670	23	99.639	277	1	0	405	681	1	277	4.36e-144	507
AL021_RS16670	44	98.106	264	5	0	418	681	1000	737	3.44e-130	460
AL021_RS16670	53	100.000	29	0	0	2	30	76	104	6.82e-08	54.7
AL021_RS16690	21	99.398	1163	7	0	1	1163	21773	22935	0.0	2109
AL021_RS16700	21	100.000	35	0	0	221	255	21698	21732	1.12e-11	65.8
AL021_RS16745	2	98.238	681	12	0	1	681	82882	83562	0.0	1192
AL021_RS16745	47	99.732	373	1	0	32	404	373	1	0.0	684
AL021_RS16745	23	99.278	277	2	0	405	681	1	277	2.03e-142	501
AL021_RS16745	44	97.727	264	6	0	418	681	1000	737	1.60e-128	455
AL021_RS16745	53	100.000	29	0	0	2	30	76	104	6.82e-08	54.7
AL021_RS18515	38	97.203	143	4	0	2	144	273	131	2.55e-65	243
AL021_RS16750	51	100.000	135	0	0	33	167	135	1	2.41e-67	250
AL021_RS16750	38	100.000	32	0	0	1	32	32	1	4.36e-10	60.2
AL021_RS16750	44	100.000	31	0	0	1	31	32	2	1.57e-09	58.4
AL021_RS16755	40	97.802	273	6	0	1	273	66	338	6.08e-134	472
AL021_RS16760	40	96.412	864	31	0	1	864	340	1203	0.0	1424
AL021_RS16765	38	99.729	738	2	0	1	738	2297	1560	0.0	1352
AL021_RS16770	38	98.810	84	1	0	1	84	2505	2422	8.34e-38	150
AL021_RS18235	38	100.000	101	0	0	12	112	2626	2526	9.10e-49	187
AL021_RS16775	39	100.000	795	0	0	1	795	2087	1293	0.0	1469
AL021_RS16780	39	100.000	252	0	0	1	252	2431	2180	2.60e-132	466
AL021_RS16795	39	100.000	229	0	0	1	229	262	34	1.57e-119	424
AL021_RS16800	39	100.000	554	0	0	356	909	812	259	0.0	1024
AL017_RS15070	3	76.746	1217	277	6	28	1241	324012	322799	0.0	675
AL017_RS15125	27	91.549	213	18	0	7	219	9649	9437	1.12e-80	294
AL017_RS15125	31	85.380	171	23	2	1	170	5581	5412	4.22e-45	176
AL017_RS15140	2	96.145	441	14	1	212	652	83125	83562	0.0	717
AL017_RS15140	2	99.558	226	1	0	1	226	82882	83107	9.34e-116	412
AL017_RS15140	23	98.571	280	1	1	373	652	1	277	1.17e-139	492
AL017_RS15140	44	97.004	267	5	1	386	652	1000	737	9.21e-126	446
AL017_RS15140	47	99.487	195	1	0	32	226	373	179	1.60e-98	355
AL017_RS15140	47	98.710	155	2	0	218	372	155	1	1.28e-74	276
AL017_RS15140	53	100.000	29	0	0	2	30	76	104	6.52e-08	54.7
AL017_RS15195	22	82.339	821	141	4	1	819	20706	21524	0.0	710
AL017_RS15200	22	80.615	650	120	6	37	683	20514	19868	2.66e-141	497
AL017_RS15205	22	81.921	1510	259	14	1	1503	19850	18348	0.0	1264
AL017_RS15220	21	99.484	1163	6	0	1	1163	21773	22935	0.0	2115
AL017_RS15285	21	99.398	1163	7	0	1	1163	21773	22935	0.0	2109
AL017_RS15290	21	99.691	1293	4	0	1	1293	20634	19342	0.0	2366
AL017_RS15295	21	100.000	261	0	0	1	261	21168	20908	2.69e-137	483
AL017_RS15300	31	86.658	757	101	0	423	1179	6131	5375	0.0	839
AL017_RS15315	21	99.495	396	2	0	1	396	23878	23483	0.0	721
AL017_RS15320	21	99.647	849	3	0	1	849	24739	23891	0.0	1552
AL017_RS15325	21	100.000	828	0	0	1	828	25581	24754	0.0	1530
AL017_RS15330	21	99.768	861	2	0	1	861	26453	25593	0.0	1580
AL017_RS15350	21	99.573	1170	5	0	1	1170	26692	27861	0.0	2134
AL017_RS15355	2	98.238	681	11	1	1	680	82882	83562	0.0	1190
AL017_RS15355	47	99.464	373	2	0	32	404	373	1	0.0	678
AL017_RS15355	23	98.917	277	3	0	404	680	1	277	9.42e-141	496
AL017_RS15355	44	98.106	264	5	0	417	680	1000	737	3.44e-130	460
AL017_RS15355	53	100.000	29	0	0	2	30	76	104	6.81e-08	54.7
AL017_RS16985	23	98.305	177	3	0	1	177	101	277	8.74e-86	311
AL017_RS16985	44	97.740	177	4	0	1	177	913	737	4.07e-84	305
AL017_RS16985	2	97.740	177	4	0	1	177	83386	83562	4.07e-84	305
AL017_RS15395	2	97.082	377	11	0	5	381	83186	83562	0.0	636
AL017_RS15395	23	99.278	277	2	0	105	381	1	277	1.11e-142	501
AL017_RS15395	44	97.727	264	6	0	118	381	1000	737	8.75e-129	455
AL017_RS15395	47	100.000	100	0	0	5	104	100	1	1.27e-47	185
AL017_RS15400	31	99.702	336	1	0	1	336	2365	2030	6.94e-177	616
AL017_RS15400	31	98.328	299	3	1	383	681	2034	1738	4.33e-149	523
AL017_RS15405	31	93.548	62	4	0	1	62	1732	1671	9.87e-20	93.5
AL017_RS15430	21	91.925	161	13	0	66	226	12581	12421	7.78e-60	226
AL017_RS15450	2	98.238	681	12	0	1	681	82882	83562	0.0	1192
AL017_RS15450	47	99.464	373	2	0	32	404	373	1	0.0	678
AL017_RS15450	23	99.639	277	1	0	405	681	1	277	4.36e-144	507
AL017_RS15450	44	98.106	264	5	0	418	681	1000	737	3.44e-130	460
AL017_RS15450	53	100.000	29	0	0	2	30	76	104	6.82e-08	54.7
AL017_RS15455	21	100.000	39	0	0	1282	1320	28224	28186	3.71e-13	73.1
AL017_RS15460	35	100.000	566	0	0	1	566	3513	4078	0.0	1046
AL017_RS15470	35	98.824	85	1	0	1	85	3241	3157	1.78e-37	152
AL017_RS15555	35	99.855	1377	2	0	1	1377	582	1958	0.0	2532
AL017_RS15560	35	100.000	582	0	0	76	657	1	582	0.0	1075
AL017_RS15565	27	99.596	1237	5	0	1	1237	12696	13932	0.0	2257
AL017_RS17000	27	98.969	97	1	0	60	156	12581	12677	1.04e-44	174
AL017_RS15580	27	99.715	351	1	0	1	351	12024	12374	0.0	643
AL017_RS15580	21	100.000	100	0	0	351	450	21579	21678	1.51e-47	185
AL017_RS17200	27	97.790	543	1	1	1	543	11337	11868	0.0	926
AL017_RS15595	31	87.629	194	24	0	23	216	5568	5375	4.06e-60	226
AL017_RS15735	31	97.959	49	1	0	1	49	1732	1684	1.45e-17	86.1
AL017_RS15740	31	98.328	299	3	1	266	564	2034	1738	3.57e-149	523
AL017_RS15740	31	99.543	219	1	0	1	219	2248	2030	6.27e-112	399
AL017_RS15745	21	99.140	1163	10	0	1	1163	21773	22935	0.0	2093
AL017_RS15845	31	99.702	336	1	0	1	336	2365	2030	6.94e-177	616
AL017_RS15845	31	98.328	299	3	1	383	681	2034	1738	4.33e-149	523
AL017_RS15850	27	89.214	1196	119	8	1	1191	10627	9437	0.0	1485
AL017_RS15950	42	75.746	503	116	4	752	1251	640	141	5.44e-66	248
AL017_RS16060	31	86.658	757	101	0	423	1179	6131	5375	0.0	839
AL017_RS16065	42	73.559	503	109	15	752	1233	640	141	1.19e-42	171
AL017_RS16470	2	98.238	681	11	1	1	680	82882	83562	0.0	1190
AL017_RS16470	47	99.464	373	1	1	32	403	373	1	0.0	676
AL017_RS16470	23	99.639	277	1	0	404	680	1	277	4.35e-144	507
AL017_RS16470	44	98.106	264	5	0	417	680	1000	737	3.44e-130	460
AL017_RS16470	53	100.000	29	0	0	2	30	76	104	6.81e-08	54.7
AL017_RS16525	2	98.385	681	11	0	1	681	82882	83562	0.0	1197
AL017_RS16525	47	99.732	373	1	0	32	404	373	1	0.0	684
AL017_RS16525	23	99.639	277	1	0	405	681	1	277	4.36e-144	507
AL017_RS16525	44	98.106	264	5	0	418	681	1000	737	3.44e-130	460
AL017_RS16525	53	100.000	29	0	0	2	30	76	104	6.82e-08	54.7
AL017_RS16530	39	100.000	208	0	0	1	208	1017	810	1.69e-107	385
AL017_RS16535	39	100.000	189	0	0	1	189	997	1185	1.99e-97	350
AL017_RS16540	39	100.000	795	0	0	1	795	2087	1293	0.0	1469
AL017_RS16545	39	100.000	281	0	0	263	543	2460	2180	4.43e-148	520
AL017_RS16545	39	100.000	262	0	0	1	262	262	1	1.62e-137	484
AL017_RS16550	39	100.000	554	0	0	356	909	812	259	0.0	1024
AL017_RS16575	44	98.462	260	4	0	2	261	411	152	4.53e-130	459
AL017_RS16575	38	95.019	261	13	0	1	261	1390	1130	1.29e-115	411
AL017_RS16580	38	99.729	738	2	0	1	738	2297	1560	0.0	1352
AL017_RS16585	38	100.000	84	0	0	1	84	2505	2422	1.79e-39	156
AL017_RS16590	2	98.091	681	13	0	1	681	82882	83562	0.0	1186
AL017_RS16590	47	99.464	373	2	0	32	404	373	1	0.0	678
AL017_RS16590	23	99.278	277	2	0	405	681	1	277	2.03e-142	501
AL017_RS16590	44	97.727	264	6	0	418	681	1000	737	1.60e-128	455
AL017_RS16590	53	100.000	29	0	0	2	30	76	104	6.82e-08	54.7
AL017_RS16645	22	83.788	586	95	0	8	593	23084	23669	3.84e-159	556
AL017_RS16655	2	98.385	681	11	0	1	681	82882	83562	0.0	1197
AL017_RS16655	47	99.732	373	1	0	32	404	373	1	0.0	684
AL017_RS16655	23	99.639	277	1	0	405	681	1	277	4.36e-144	507
AL017_RS16655	44	98.106	264	5	0	418	681	1000	737	3.44e-130	460
AL017_RS16655	53	100.000	29	0	0	2	30	76	104	6.82e-08	54.7
AYM22_RS15480	39	99.819	554	1	0	83	636	812	259	0.0	1018
AYM22_RS15485	39	100.000	262	0	0	1	262	262	1	1.58e-137	484
AYM22_RS15485	39	100.000	241	0	0	263	503	2460	2220	7.46e-126	446
AYM22_RS15485	39	100.000	40	0	0	492	531	2219	2180	4.05e-14	75.0
AYM22_RS15490	39	100.000	795	0	0	1	795	2087	1293	0.0	1469
AYM22_RS15495	39	100.000	189	0	0	1	189	997	1185	1.99e-97	350
AYM22_RS15500	39	99.038	208	1	1	1	207	1017	810	7.45e-104	372
LL275_RS12710	31	99.405	336	2	0	1	336	2365	2030	3.23e-175	610
LL275_RS12710	31	97.659	299	5	1	384	682	2034	1738	9.38e-146	512
LL275_RS12715	6	91.549	71	6	0	4	74	155162	155092	2.59e-22	99.0
LL275_RS12715	6	91.549	71	6	0	4	74	155727	155657	2.59e-22	99.0
LL275_RS12760	31	99.405	336	2	0	1	336	2365	2030	2.85e-175	610
LL275_RS12760	31	99.548	221	1	0	383	603	2034	1814	5.19e-113	403
LL275_RS12825	31	98.990	297	3	0	1	297	2326	2030	6.76e-152	532
LL275_RS12825	31	97.659	299	5	1	344	642	2034	1738	8.81e-146	512
LL275_RS12880	31	99.702	336	1	0	1	336	2365	2030	6.31e-177	616
LL275_RS12880	31	99.573	234	1	0	383	616	2034	1801	3.17e-120	427
LL275_RS12970	31	99.405	336	2	0	1	336	2365	2030	3.23e-175	610
LL275_RS12970	31	97.993	299	4	1	384	682	2034	1738	2.02e-147	518
LL275_RS13015	2	79.259	675	132	8	1	671	82882	83552	2.66e-131	464
LL275_RS13015	31	86.441	295	38	1	387	681	2030	1738	1.69e-88	322
LL275_RS13015	53	100.000	28	0	0	2	29	76	103	2.45e-07	52.8
LL275_RS13025	43	99.381	969	6	0	1	969	97	1065	0.0	1757
LL275_RS13065	31	86.441	295	38	1	387	681	2030	1738	1.69e-88	322
LL275_RS13085	31	86.780	295	37	1	387	681	2030	1738	3.64e-90	327
LL275_RS13300	31	86.102	295	39	1	387	681	2030	1738	7.88e-87	316
LL275_RS13320	31	97.993	299	4	1	146	444	2034	1738	1.29e-147	518
LL275_RS13320	31	100.000	80	0	0	20	99	2109	2030	1.95e-36	148
LL275_RS13490	31	98.305	177	3	0	1	177	2365	2189	8.74e-86	311
LL275_RS13500	31	99.407	337	1	1	1	337	2365	2030	3.23e-175	610
LL275_RS13500	31	98.328	299	3	1	384	682	2034	1738	4.33e-149	523
LL275_RS13530	31	99.107	336	3	0	1	336	2365	2030	1.50e-173	604
LL275_RS13530	31	97.659	299	5	1	383	681	2034	1738	9.37e-146	512
LL275_RS13580	31	100.000	456	0	0	10	465	4615	5070	0.0	843
LL275_RS13620	31	86.364	286	35	3	397	682	2020	1739	1.32e-84	309
LL275_RS13650	31	86.824	296	36	3	4	298	2323	2030	3.60e-90	327
LL275_RS13685	31	86.441	295	38	1	387	681	2030	1738	1.69e-88	322
LL275_RS14070	31	98.214	336	6	0	1	336	2365	2030	1.51e-168	588
LL275_RS14070	31	98.662	299	2	1	383	681	2034	1738	9.30e-151	529
LL275_RS14105	31	87.500	296	34	2	387	682	2030	1738	1.68e-93	339
LLUC063_RS12535	31	99.405	336	2	0	1	336	2365	2030	3.23e-175	610
LLUC063_RS12535	31	97.324	299	6	1	383	681	2034	1738	4.36e-144	507
LLUC063_RS12550	31	98.512	336	5	0	1	336	2365	2030	2.06e-170	593
LLUC063_RS12550	31	100.000	55	0	0	383	437	2034	1980	1.52e-22	102
LLUC063_RS12565	31	98.214	336	6	0	1	336	2365	2030	1.51e-168	588
LLUC063_RS12565	31	86.622	299	38	1	383	681	2034	1738	1.01e-90	329
LLUC063_RS12710	31	96.726	336	11	0	1	336	2365	2030	3.30e-160	560
LLUC063_RS12710	31	98.328	299	3	1	383	681	2034	1738	4.33e-149	523
LLUC063_RS12890	31	97.895	285	4	1	106	390	2020	1738	6.83e-140	492
LLUC063_RS12910	31	99.702	336	1	0	1	336	2365	2030	6.94e-177	616
LLUC063_RS12910	31	98.328	299	3	1	383	681	2034	1738	4.33e-149	523
LLUC063_RS12950	31	99.702	336	1	0	1	336	2365	2030	6.94e-177	616
LLUC063_RS12950	31	98.328	299	3	1	383	681	2034	1738	4.33e-149	523
LLJM4_RS12345	31	97.993	299	4	1	311	609	2034	1738	1.79e-147	518
LLJM4_RS12345	31	98.106	264	5	0	1	264	2293	2030	3.07e-130	460
LLJM4_RS12360	31	100.000	77	0	0	1	77	2365	2289	1.27e-35	143
LLJM4_RS12365	6	91.549	71	6	0	4	74	155162	155092	2.59e-22	99.0
LLJM4_RS12365	6	91.549	71	6	0	4	74	155727	155657	2.59e-22	99.0
LLJM4_RS12415	31	98.810	336	4	0	1	336	2365	2030	6.99e-172	599
LLJM4_RS12415	31	98.328	299	3	1	383	681	2034	1738	4.33e-149	523
LLJM4_RS12485	31	86.441	295	38	1	387	681	2030	1738	1.69e-88	322
LLJM4_RS12510	31	100.000	42	0	0	1885	1926	2438	2397	1.17e-14	78.7
LLJM4_RS12525	2	98.385	681	11	0	1	681	82882	83562	0.0	1197
LLJM4_RS12525	47	99.196	373	3	0	32	404	373	1	0.0	673
LLJM4_RS12525	23	98.195	277	5	0	405	681	1	277	2.04e-137	484
LLJM4_RS12525	44	98.864	264	3	0	418	681	1000	737	1.59e-133	472
LLJM4_RS12525	53	100.000	29	0	0	2	30	76	104	6.82e-08	54.7
LLJM4_RS12540	31	86.102	295	39	1	387	681	2030	1738	7.88e-87	316
LLJM4_RS13185	31	96.396	111	2	1	1	111	1846	1738	4.19e-47	182
LLJM4_RS12595	31	86.102	295	39	1	387	681	2030	1738	7.88e-87	316
LLJM4_RS12790	31	96.736	337	10	1	1	337	2365	2030	3.30e-160	560
LLJM4_RS12790	31	97.659	299	5	1	384	682	2034	1738	9.38e-146	512
LLJM4_RS12805	31	99.702	336	1	0	1	336	2365	2030	6.94e-177	616
LLJM4_RS12805	31	97.324	299	6	1	383	681	2034	1738	4.36e-144	507
LLJM4_RS12925	31	85.424	295	41	1	387	681	2030	1738	1.71e-83	305
LLJM3_RS12845	31	99.702	336	1	0	1	336	2365	2030	6.94e-177	616
LLJM3_RS12845	31	97.659	299	5	1	383	681	2034	1738	9.37e-146	512
LLJM3_RS12895	31	99.107	336	3	0	1	336	2365	2030	1.50e-173	604
LLJM3_RS12895	31	97.659	299	5	1	383	681	2034	1738	9.37e-146	512
LLJM3_RS12910	31	99.107	336	3	0	1	336	2365	2030	1.50e-173	604
LLJM3_RS12910	31	97.659	299	5	1	383	681	2034	1738	9.37e-146	512
LLJM3_RS12955	6	91.549	71	6	0	4	74	155162	155092	2.59e-22	99.0
LLJM3_RS12955	6	91.549	71	6	0	4	74	155727	155657	2.59e-22	99.0
LLJM3_RS12960	31	99.702	336	1	0	1	336	2365	2030	6.94e-177	616
LLJM3_RS12960	31	96.990	299	7	1	383	681	2034	1738	2.03e-142	501
LLJM3_RS13090	31	100.000	42	0	0	1885	1926	2438	2397	1.17e-14	78.7
LLJM3_RS13120	31	98.214	336	6	0	1	336	2365	2030	1.51e-168	588
LLJM3_RS13120	31	97.324	299	6	1	383	681	2034	1738	4.36e-144	507
LLJM3_RS13200	31	99.702	336	1	0	1	336	2365	2030	6.94e-177	616
LLJM3_RS13200	31	97.659	299	5	1	383	681	2034	1738	9.37e-146	512
LLJM3_RS13215	31	99.702	336	1	0	1	336	2365	2030	6.94e-177	616
LLJM3_RS13215	31	91.973	299	22	1	383	681	2034	1738	2.10e-117	418
LLJM3_RS13340	31	85.424	295	41	1	387	681	2030	1738	1.71e-83	305
LLJM3_RS13415	31	97.778	225	3	1	1	225	1960	1738	1.84e-108	387
LLJM3_RS13425	31	88.358	335	39	0	1	335	2365	2031	5.88e-113	403
LLJM3_RS13425	31	86.735	294	37	1	388	681	2029	1738	1.31e-89	326
LLJM3_RS13495	31	88.358	335	39	0	1	335	2365	2031	5.89e-113	403
LLJM3_RS13495	31	86.735	294	37	1	389	682	2029	1738	1.31e-89	326
LLJM3_RS13505	31	86.441	295	38	1	388	682	2030	1738	1.70e-88	322
LLJM3_RS13705	2	98.385	681	11	0	1	681	82882	83562	0.0	1197
LLJM3_RS13705	47	99.732	373	1	0	32	404	373	1	0.0	684
LLJM3_RS13705	23	99.639	277	1	0	405	681	1	277	4.36e-144	507
LLJM3_RS13705	44	98.106	264	5	0	418	681	1000	737	3.44e-130	460
LLJM3_RS13705	53	100.000	29	0	0	2	30	76	104	6.82e-08	54.7
LLJM3_RS13720	2	98.385	681	11	0	1	681	82882	83562	0.0	1197
LLJM3_RS13720	47	99.732	373	1	0	32	404	373	1	0.0	684
LLJM3_RS13720	23	99.639	277	1	0	405	681	1	277	4.36e-144	507
LLJM3_RS13720	44	98.106	264	5	0	418	681	1000	737	3.44e-130	460
LLJM3_RS13720	53	100.000	29	0	0	2	30	76	104	6.82e-08	54.7
LLJM3_RS13770	2	98.385	681	11	0	1	681	82882	83562	0.0	1197
LLJM3_RS13770	47	99.732	373	1	0	32	404	373	1	0.0	684
LLJM3_RS13770	23	99.639	277	1	0	405	681	1	277	4.36e-144	507
LLJM3_RS13770	44	98.106	264	5	0	418	681	1000	737	3.44e-130	460
LLJM3_RS13770	53	100.000	29	0	0	2	30	76	104	6.82e-08	54.7
LLJM3_RS13790	2	98.385	681	11	0	1	681	82882	83562	0.0	1197
LLJM3_RS13790	47	99.732	373	1	0	32	404	373	1	0.0	684
LLJM3_RS13790	23	99.639	277	1	0	405	681	1	277	4.36e-144	507
LLJM3_RS13790	44	98.106	264	5	0	418	681	1000	737	3.44e-130	460
LLJM3_RS13790	53	100.000	29	0	0	2	30	76	104	6.82e-08	54.7
LLJM2_RS12310	2	98.385	681	11	0	1	681	82882	83562	0.0	1197
LLJM2_RS12310	47	99.732	373	1	0	32	404	373	1	0.0	684
LLJM2_RS12310	23	99.639	277	1	0	405	681	1	277	4.36e-144	507
LLJM2_RS12310	44	98.106	264	5	0	418	681	1000	737	3.44e-130	460
LLJM2_RS12310	53	100.000	29	0	0	2	30	76	104	6.82e-08	54.7
LLJM2_RS12330	2	98.385	681	11	0	1	681	82882	83562	0.0	1197
LLJM2_RS12330	47	99.732	373	1	0	32	404	373	1	0.0	684
LLJM2_RS12330	23	99.639	277	1	0	405	681	1	277	4.36e-144	507
LLJM2_RS12330	44	98.106	264	5	0	418	681	1000	737	3.44e-130	460
LLJM2_RS12330	53	100.000	29	0	0	2	30	76	104	6.82e-08	54.7
LLJM2_RS12385	31	99.702	336	1	0	1	336	2365	2030	6.62e-177	616
LLJM2_RS12385	31	98.513	269	3	1	383	651	2034	1767	4.22e-134	473
LLJM2_RS12400	31	99.702	336	1	0	1	336	2365	2030	6.94e-177	616
LLJM2_RS12400	31	97.324	299	6	1	383	681	2034	1738	4.36e-144	507
LLJM2_RS12525	31	85.424	295	41	1	387	681	2030	1738	1.71e-83	305
LLJM2_RS12700	31	85.315	286	36	5	1	283	2020	1738	1.90e-79	291
LLJM2_RS12705	31	85.473	296	38	4	112	405	2030	1738	3.58e-83	303
LLJM2_RS12765	31	86.441	295	38	1	387	681	2030	1738	1.69e-88	322
LLJM2_RS12790	31	100.000	42	0	0	1885	1926	2438	2397	1.17e-14	78.7
LLJM2_RS12800	31	86.441	295	38	1	387	681	2030	1738	1.69e-88	322
LLJM2_RS12830	31	93.433	335	22	0	1	335	2365	2031	2.62e-141	497
LLJM2_RS12830	31	88.028	284	32	1	397	680	2020	1739	2.18e-92	335
LLJM2_RS12950	31	99.702	336	1	0	1	336	2365	2030	6.37e-177	616
LLJM2_RS12950	31	99.184	245	2	0	383	627	2034	1790	1.14e-124	442
LLJM2_RS12990	2	98.671	677	8	1	1	677	82882	83557	0.0	1199
LLJM2_RS12990	47	99.464	373	2	0	32	404	373	1	0.0	678
LLJM2_RS12990	23	98.175	274	4	1	405	678	1	273	3.40e-135	477
LLJM2_RS12990	44	99.231	260	1	1	418	677	1000	742	2.05e-132	468
LLJM2_RS12990	53	100.000	29	0	0	2	30	76	104	6.79e-08	54.7
LLJM2_RS13070	31	86.441	295	38	1	387	681	2030	1738	1.69e-88	322
LLJM2_RS13475	31	88.889	180	18	1	4	183	1915	1738	1.57e-58	220
LLJM2_RS13145	31	98.810	336	4	0	1	336	2365	2030	6.99e-172	599
LLJM2_RS13145	31	97.659	299	5	1	383	681	2034	1738	9.37e-146	512
LLJM2_RS13185	6	91.549	71	6	0	4	74	155162	155092	2.59e-22	99.0
LLJM2_RS13185	6	91.549	71	6	0	4	74	155727	155657	2.59e-22	99.0
LLJM2_RS13190	31	99.702	336	1	0	1	336	2365	2030	6.94e-177	616
LLJM2_RS13190	31	91.304	299	24	1	383	681	2034	1738	4.55e-114	407
LLJM2_RS13270	31	91.525	295	23	1	387	681	2030	1738	1.64e-113	405
LLUL8_RS12565	31	99.405	336	2	0	1	336	2365	2030	3.23e-175	610
LLUL8_RS12565	31	98.662	299	2	1	383	681	2034	1738	9.30e-151	529
LLUL8_RS12590	43	99.375	960	6	0	1	960	97	1056	0.0	1740
LLUL8_RS12640	31	86.102	295	39	1	387	681	2030	1738	7.88e-87	316
LLUL8_RS12665	2	98.063	671	13	0	1	671	82882	83552	0.0	1168
LLUL8_RS12665	47	99.732	373	1	0	32	404	373	1	0.0	684
LLUL8_RS12665	23	96.390	277	10	0	405	681	1	277	4.45e-129	457
LLUL8_RS12665	44	97.638	254	6	0	418	671	1000	747	5.80e-123	436
LSAJ23K_RS00295	5	71.598	676	173	15	16	680	15506	14839	2.22e-41	167
LSAT332_RS00240	2	77.548	677	140	11	1	671	82882	83552	2.74e-111	398
LSAT332_RS00240	47	80.000	370	70	4	37	404	368	1	6.22e-73	270
LSAT332_RS00240	31	82.155	297	39	12	391	681	2026	1738	1.36e-64	243
GWA78_RS00115	38	97.222	72	2	0	25	96	2493	2422	2.16e-29	122
GWA78_RS00120	38	99.729	738	2	0	1	738	2297	1560	0.0	1352
GWA88_RS00050	38	99.729	738	2	0	1	738	2297	1560	0.0	1352
GWA88_RS00055	38	97.222	72	2	0	25	96	2493	2422	2.16e-29	122
GWA88_RS00085	38	99.729	738	2	0	1	738	2297	1560	0.0	1352
GWA88_RS00090	38	97.222	72	2	0	25	96	2493	2422	2.16e-29	122
AYM20_RS15470	39	100.000	241	0	0	53	293	2460	2220	4.39e-126	446
AYM20_RS15470	39	100.000	43	0	0	10	52	43	1	5.13e-16	80.5
AYM20_RS15470	39	100.000	40	0	0	282	321	2219	2180	2.38e-14	75.0
AYM20_RS15475	39	100.000	795	0	0	1	795	2087	1293	0.0	1469
AYM20_RS15480	39	100.000	189	0	0	1	189	997	1185	1.99e-97	350
AYM20_RS15485	39	99.038	208	1	1	1	207	1017	810	1.39e-103	372
LL158_RS11330	31	97.993	299	4	1	356	654	2034	1738	1.93e-147	518
LL158_RS11330	31	98.611	288	4	0	22	309	2317	2030	3.23e-145	510
LL158_RS11350	6	91.549	71	6	0	4	74	155162	155092	2.59e-22	99.0
LL158_RS11350	6	91.549	71	6	0	4	74	155727	155657	2.59e-22	99.0
LL158_RS11395	31	98.810	336	4	0	1	336	2365	2030	6.99e-172	599
LL158_RS11395	31	97.993	299	4	1	383	681	2034	1738	2.01e-147	518
LL158_RS11480	31	86.441	295	38	1	387	681	2030	1738	1.69e-88	322
LL158_RS11495	31	97.619	42	1	0	1885	1926	2438	2397	5.44e-13	73.1
LL158_RS11655	24	77.940	1301	273	14	27	1320	2264	971	0.0	800
LL158_RS11660	24	77.940	1301	273	14	27	1320	2264	971	0.0	800
LL158_RS11715	31	95.918	294	8	2	350	641	2029	1738	4.15e-134	473
LL158_RS11715	31	85.473	296	40	3	4	298	2323	2030	1.60e-83	305
LL158_RS11870	31	99.702	336	1	0	1	336	2365	2030	6.94e-177	616
LL158_RS11870	31	96.990	299	7	1	383	681	2034	1738	2.03e-142	501
LL158_RS11915	31	90.149	335	33	0	1	335	2365	2031	5.80e-123	436
LL158_RS11915	31	89.789	284	27	1	397	680	2020	1739	9.98e-101	363
LL158_RS11940	44	99.163	239	2	0	146	384	975	737	1.49e-121	431
LL158_RS11940	2	98.760	242	3	0	143	384	83321	83562	1.49e-121	431
LL158_RS11940	2	87.586	145	18	0	1	145	82918	83062	1.29e-42	169
LL158_RS11940	23	97.934	242	5	0	143	384	36	277	3.22e-118	420
LL158_RS11940	31	91.852	135	11	0	7	141	2323	2189	9.88e-49	189
LL158_RS11940	47	87.586	145	18	0	1	145	368	224	1.29e-42	169
LL158_RS11960	2	85.037	675	87	9	1	665	82882	83552	0.0	675
LL158_RS11960	47	94.172	326	11	3	32	350	373	49	4.35e-139	490
LL158_RS11960	31	86.620	284	36	1	391	674	2020	1739	1.01e-85	313
LL158_RS11960	53	100.000	29	0	0	2	30	76	104	6.76e-08	54.7
LL158_RS12055	31	85.970	335	47	0	1	335	2365	2031	1.24e-99	359
LL158_RS12090	31	86.102	295	39	1	387	681	2030	1738	7.88e-87	316
LL158_RS12220	31	98.810	336	4	0	1	336	2365	2030	6.45e-172	599
LL158_RS12220	31	99.187	246	2	0	383	628	2034	1789	3.20e-125	444
LL158_RS12250	31	99.702	336	1	0	1	336	2365	2030	6.94e-177	616
LL158_RS12250	31	98.328	299	3	1	383	681	2034	1738	4.33e-149	523
LL158_RS12290	24	77.940	1301	273	14	27	1320	2264	971	0.0	800
LL158_RS12305	2	98.825	681	8	0	1	681	82882	83562	0.0	1214
LL158_RS12305	47	99.732	373	1	0	32	404	373	1	0.0	684
LL158_RS12305	23	98.556	277	4	0	405	681	1	277	4.39e-139	490
LL158_RS12305	44	99.242	264	2	0	418	681	1000	737	3.42e-135	477
LL158_RS12305	53	100.000	29	0	0	2	30	76	104	6.82e-08	54.7
LL158_RS12410	31	99.405	336	2	0	1	336	2365	2030	3.23e-175	610
LL158_RS12410	31	97.659	299	5	1	383	681	2034	1738	9.37e-146	512
LL158_RS12470	31	99.702	336	1	0	1	336	2365	2030	6.94e-177	616
LL158_RS12470	31	97.659	299	5	1	383	681	2034	1738	9.37e-146	512
LL158_RS12520	31	100.000	113	0	0	1	113	2365	2253	1.98e-55	209
LL158_RS12525	2	94.933	671	34	0	1	671	82882	83552	0.0	1051
LL158_RS12525	47	99.732	373	1	0	32	404	373	1	0.0	684
LL158_RS12525	23	89.493	276	29	0	405	680	1	276	7.77e-97	350
LL158_RS12525	44	88.213	263	31	0	418	680	1000	738	2.83e-86	315
LL158_RS12525	31	85.650	223	28	3	459	680	1958	1739	2.94e-61	231
LL158_RS12525	53	100.000	29	0	0	2	30	76	104	6.82e-08	54.7
LL158_RS12535	31	86.441	295	38	1	387	681	2030	1738	1.69e-88	322
LL158_RS12545	31	96.396	111	2	1	1	111	1846	1738	4.19e-47	182
LL158_RS12575	31	86.102	295	39	1	387	681	2030	1738	7.88e-87	316
LL158_RS12580	31	99.807	1038	2	0	1	1038	4033	5070	0.0	1906
LL158_RS12585	31	99.255	939	7	0	1	939	3069	4007	0.0	1696
LLUC08_RS11735	31	87.397	365	46	0	1	365	2395	2031	6.11e-118	420
LLUC08_RS11735	31	86.824	296	35	3	417	711	2030	1738	3.81e-90	327
LLUC08_RS11750	31	85.522	297	40	3	4	299	2323	2029	4.69e-84	307
LLUC08_RS11810	2	98.403	501	8	0	1	501	83062	83562	0.0	881
LLUC08_RS11810	23	98.195	277	5	0	225	501	1	277	1.49e-137	484
LLUC08_RS11810	44	99.621	264	1	0	238	501	1000	737	5.35e-137	483
LLUC08_RS11810	47	99.107	224	2	0	1	224	224	1	4.28e-113	403
LLUC08_RS11880	44	97.500	120	2	1	213	332	855	737	3.02e-53	204
LLUC08_RS11880	2	97.500	120	2	1	213	332	83444	83562	3.02e-53	204
LLUC08_RS11880	2	83.019	212	35	1	1	212	82882	83092	2.35e-49	191
LLUC08_RS11880	23	96.667	120	3	1	213	332	159	277	1.41e-51	198
LLUC08_RS11880	47	84.091	176	27	1	37	212	368	194	1.10e-42	169
LLUC08_RS11900	2	81.765	680	116	7	1	676	82882	83557	9.17e-161	562
LLUC08_RS11900	47	87.733	375	42	4	32	404	373	1	2.09e-122	435
LLUC08_RS11900	31	84.397	282	42	2	1	281	2365	2085	1.34e-74	276
LLUC08_RS11900	31	79.252	294	51	9	391	680	2026	1739	1.07e-50	196
LLUC08_RS11900	53	100.000	29	0	0	2	30	76	104	6.82e-08	54.7
LLUC08_RS11990	44	98.745	239	3	0	146	384	975	737	6.91e-120	425
LLUC08_RS11990	2	98.347	242	4	0	143	384	83321	83562	6.91e-120	425
LLUC08_RS11990	2	87.586	145	18	0	1	145	82918	83062	1.29e-42	169
LLUC08_RS11990	23	97.521	242	6	0	143	384	36	277	1.50e-116	414
LLUC08_RS11990	31	91.852	135	11	0	7	141	2323	2189	9.88e-49	189
LLUC08_RS11990	47	87.586	145	18	0	1	145	368	224	1.29e-42	169
LLUC08_RS12020	31	86.102	295	39	1	387	681	2030	1738	7.88e-87	316
LLUC08_RS12050	8	84.091	176	26	2	76	250	11178	11004	7.93e-42	169
LLUC08_RS12065	31	99.327	297	2	0	1	297	2326	2030	1.45e-153	538
LLUC08_RS12065	31	98.997	299	1	1	344	642	2034	1738	1.88e-152	534
LLUC08_RS12230	31	96.429	224	8	0	1	224	1981	1758	1.94e-103	370
LLUC08_RS12390	31	98.662	299	2	1	383	681	2034	1738	9.30e-151	529
LLUC08_RS12435	31	86.441	295	38	1	386	680	2030	1738	1.69e-88	322
LLUC08_RS12450	2	100.000	75	0	0	1	75	82882	82956	1.81e-34	139
LLUC08_RS12450	47	100.000	44	0	0	32	75	373	330	3.09e-17	82.4
LLUC08_RS12450	53	100.000	29	0	0	2	30	76	104	6.73e-09	54.7
LLUC08_RS12465	8	78.983	1946	386	22	1	1935	34010	35943	0.0	1306
LLUC08_RS12470	8	84.524	168	26	0	1	168	36067	36234	1.89e-42	167
LLUC08_RS12515	31	79.771	262	49	4	420	680	1997	1739	6.45e-48	187
GWC90_RS00030	5	78.142	2443	510	22	1	2431	53859	56289	0.0	1531
GWC90_RS00035	5	85.911	291	41	0	10	300	56547	56837	1.55e-85	311
GWC90_RS00045	5	85.463	227	33	0	1	227	57474	57700	2.08e-63	237
GWC90_RS00075	5	80.087	1617	304	17	1	1608	66545	64938	0.0	1186
GWC90_RS00100	2	77.165	127	29	0	145	271	326869	326743	4.44e-14	75.0
GWC90_RS00225	9	77.009	1170	261	8	2	1167	67336	66171	0.0	664
GWC90_RS00240	9	88.227	688	79	2	1	687	58530	59216	0.0	821
GWC90_RS00255	9	90.338	414	40	0	1	414	56713	56300	1.98e-155	544
GWC90_RS00260	9	89.809	471	48	0	1	471	56244	55774	1.03e-173	604
GWC90_RS00265	9	82.678	2084	340	20	7	2081	55684	53613	0.0	1829
GWC90_RS00270	9	86.847	1186	142	10	1	1179	53458	52280	0.0	1314
GWC90_RS00280	9	90.939	309	28	0	1	309	49478	49170	3.30e-117	416
GWC90_RS00285	9	90.032	632	59	3	1	630	49148	48519	0.0	815
GWC90_RS00290	9	91.346	624	54	0	1	624	48493	47870	0.0	854
GWC90_RS00295	9	89.619	289	29	1	3	291	47867	47580	3.16e-102	366
GWC90_RS00300	9	88.688	831	93	1	1	830	47540	46710	0.0	1013
GWC90_RS00310	9	90.230	348	34	0	1	348	46367	46020	7.94e-129	455
GWC90_RS00315	9	93.151	657	45	0	1	657	45953	45297	0.0	965
GWC90_RS00320	9	89.885	435	44	0	1	435	45294	44860	2.07e-160	560
GWC90_RS00325	9	95.263	190	7	2	1	189	44870	44682	2.04e-82	300
GWC90_RS00330	9	91.386	267	23	0	1	267	44658	44392	2.88e-102	366
GWC90_RS00335	9	90.244	369	36	0	1	369	44334	43966	3.88e-137	483
GWC90_RS00345	9	89.444	540	57	0	1	540	43593	43054	0.0	682
GWC90_RS00350	9	96.237	186	7	0	1	186	43035	42850	4.30e-84	305
GWC90_RS00355	9	88.221	399	47	0	1	399	42814	42416	1.96e-135	477
GWC90_RS00360	9	83.364	541	82	7	1	537	42384	41848	2.66e-140	494
GWC90_RS00365	9	94.118	357	21	0	1	357	41687	41331	1.69e-155	544
GWC90_RS00370	9	88.822	501	56	0	1	501	41310	40810	5.05e-177	616
GWC90_RS00380	9	85.068	442	64	2	1	441	40568	40128	4.75e-127	449
GWC90_RS00385	9	76.726	1289	282	18	10	1289	40118	38839	0.0	702
GWC90_RS00395	9	95.000	220	9	2	1	219	37881	37663	1.09e-95	344
GWC90_RS00400	9	96.581	117	4	0	1	117	37630	37514	5.73e-51	195
GWC90_RS00405	9	87.432	366	46	0	1	366	37494	37129	8.50e-119	422
GWC90_RS00410	9	90.816	392	32	4	1	390	37101	36712	8.71e-149	521
GWC90_RS00415	9	83.723	940	151	2	1	939	36631	35693	0.0	887
GWC90_RS00425	9	76.533	848	171	25	7	840	32361	31528	2.00e-123	438
GWC90_RS00450	1	87.302	189	24	0	1	189	251526	251714	2.11e-57	217
GWC90_RS00460	1	76.506	1477	315	28	1	1464	246182	244725	0.0	776
GWC90_RS00590	31	86.658	757	101	0	423	1179	6131	5375	0.0	839
GWC90_RS00645	1	87.748	604	74	0	1	604	202006	202609	0.0	706
GWC90_RS00730	31	86.658	757	101	0	423	1179	6131	5375	0.0	839
GWC90_RS00785	1	87.037	270	35	0	1	270	198354	198085	6.45e-84	305
GWC90_RS00790	1	81.149	2106	383	13	1	2099	197898	195800	0.0	1677
GWC90_RS00880	4	80.736	1386	256	9	1	1379	105590	104209	0.0	1070
GWC90_RS01025	4	73.276	232	50	9	51	279	47820	47598	2.86e-14	75.0
GWC90_RS01030	4	80.821	2581	477	17	17	2588	46756	44185	0.0	2008
GWC90_RS01110	6	81.722	848	142	12	1	843	50930	50091	0.0	695
GWC90_RS01155	4	88.337	523	58	3	1	521	30118	29597	8.82e-180	625
GWC90_RS01160	4	87.562	201	25	0	1	201	29483	29283	2.24e-62	233
GWC90_RS01165	4	88.122	362	39	4	1	360	29222	28863	1.80e-120	427
GWC90_RS01230	1	75.206	1093	240	24	1	1079	175995	174920	2.53e-138	488
GWC90_RS01280	31	86.658	757	101	0	423	1179	6131	5375	0.0	839
GWC90_RS01315	21	99.312	1163	8	0	1	1163	21773	22935	0.0	2104
GWC90_RS01370	43	100.000	31	0	0	1623	1653	1	31	1.30e-08	58.4
GWC90_RS01375	43	99.062	960	9	0	1	960	97	1056	0.0	1724
GWC90_RS01415	28	75.983	1195	265	20	1	1185	4163	5345	4.65e-171	597
GWC90_RS01480	8	74.514	926	225	11	302	1221	87397	88317	2.38e-109	392
GWC90_RS01805	15	77.455	1344	293	9	40	1378	50979	49641	0.0	795
GWC90_RS01820	8	81.379	145	23	4	785	927	7524	7382	4.62e-26	115
GWC90_RS02080	41	96.690	1571	43	7	3	1568	1626	60	0.0	2604
GWC90_RS02085	36	95.786	2919	115	8	1	2916	3128	215	0.0	4702
GWC90_RS02090	36	95.690	116	5	0	1	116	118	3	9.49e-49	187
GWC90_RS02245	2	73.411	944	225	23	3	933	161037	160107	1.74e-90	329
GWC90_RS02670	42	75.746	503	116	4	752	1251	640	141	5.44e-66	248
GWC90_RS02755	8	75.532	282	64	4	1	281	16853	17130	3.96e-32	134
GWC90_RS02865	11	72.740	741	192	10	105	840	61916	61181	6.06e-64	241
GWC90_RS02875	6	74.532	1174	281	15	194	1358	73526	72362	2.00e-140	496
GWC90_RS03155	12	85.550	872	122	4	1	870	71254	72123	0.0	909
GWC90_RS03170	12	87.549	257	26	4	1	254	74978	75231	4.92e-80	292
GWC90_RS03220	3	74.150	588	142	10	317	899	188808	189390	4.01e-62	235
GWC90_RS03235	7	77.707	314	64	6	1	311	47731	48041	2.88e-48	187
GWC90_RS03255	7	69.726	730	205	14	25	746	60922	61643	2.00e-24	110
GWC90_RS03360	8	98.649	74	1	0	1	74	42068	41995	2.56e-32	132
GWC90_RS03380	8	90.291	309	30	0	1	309	42336	42644	7.15e-114	405
GWC90_RS03510	8	92.708	96	7	0	28	123	58176	58271	6.03e-33	139
GWC90_RS03535	8	76.923	1118	252	6	1	1115	65166	66280	0.0	630
GWC90_RS03540	8	80.210	1238	218	21	1	1229	66515	67734	0.0	904
GWC90_RS03620	8	77.355	1444	307	17	19	1452	83739	85172	0.0	837
GWC90_RS03690	20	85.915	71	10	0	595	665	22615	22545	1.72e-14	76.8
GWC90_RS03760	42	75.746	503	116	4	752	1251	640	141	5.44e-66	248
GWC90_RS03845	35	95.978	1069	42	1	228	1296	3156	2089	0.0	1735
GWC90_RS03865	31	86.658	757	101	0	423	1179	6131	5375	0.0	839
GWC90_RS04010	25	78.535	1556	311	20	36	1581	3386	1844	0.0	1002
GWC90_RS04030	4	78.366	2154	421	30	1	2130	238298	240430	0.0	1354
GWC90_RS04035	4	86.891	267	35	0	1	267	237633	237367	2.96e-82	300
GWC90_RS04040	4	82.966	1726	288	5	6	1728	237362	235640	0.0	1554
GWC90_RS04060	7	73.325	776	197	10	85	855	2625	3395	4.89e-75	278
GWC90_RS04075	7	82.073	357	62	2	1	356	4149	4504	3.91e-83	303
GWC90_RS04160	7	75.272	736	160	21	1	725	17731	18455	3.07e-91	331
GWC90_RS04240	8	82.555	963	168	0	1	963	120176	121138	0.0	848
GWC90_RS04270	8	79.216	1429	283	14	1	1422	124344	125765	0.0	981
GWC90_RS04285	41	96.690	1571	43	7	3	1568	1626	60	0.0	2604
GWC90_RS04290	52	100.000	73	0	0	1	73	97	25	1.94e-33	135
GWC90_RS04290	6	100.000	73	0	0	1	73	156150	156078	1.94e-33	135
GWC90_RS04295	36	95.786	2919	115	8	1	2916	3128	215	0.0	4702
GWC90_RS04300	36	95.652	115	5	0	2	116	117	3	3.41e-48	185
GWC90_RS04305	54	100.000	74	0	0	1	74	76	3	5.50e-34	137
GWC90_RS04310	19	93.333	90	5	1	1	90	42	130	3.30e-32	132
GWC90_RS04315	19	98.611	72	1	0	1	72	148	219	3.19e-31	128
GWC90_RS04315	6	98.611	72	1	0	1	72	154606	154535	3.19e-31	128
GWC90_RS04315	6	98.611	72	1	0	1	72	155372	155301	3.19e-31	128
GWC90_RS04320	46	97.260	73	2	0	1	73	598	526	4.20e-30	124
GWC90_RS04320	19	97.260	73	2	0	1	73	247	319	4.20e-30	124
GWC90_RS04325	19	95.890	73	3	0	1	73	330	402	1.96e-28	119
GWC90_RS04330	6	94.805	77	3	1	1	76	154964	154888	2.06e-28	119
GWC90_RS04330	19	94.521	73	4	0	1	73	451	523	9.60e-27	113
GWC90_RS04335	19	97.531	81	2	0	1	81	529	609	1.72e-34	139
GWC90_RS04335	2	97.531	81	2	0	1	81	356582	356502	1.72e-34	139
GWC90_RS04340	19	97.297	74	2	0	1	74	614	687	1.19e-30	126
GWC90_RS04350	19	97.222	72	2	0	1	72	811	882	1.48e-29	122
GWC90_RS04350	2	97.222	72	2	0	1	72	356492	356421	1.48e-29	122
GWC90_RS04355	19	100.000	71	0	0	1	71	908	978	2.42e-32	132
GWC90_RS04360	19	93.023	86	3	3	1	85	992	1075	1.85e-29	122
GWC90_RS04370	19	97.222	72	2	0	1	72	811	882	1.48e-29	122
GWC90_RS04370	2	97.222	72	2	0	1	72	356492	356421	1.48e-29	122
GWC90_RS04375	19	100.000	71	0	0	1	71	908	978	2.42e-32	132
GWC90_RS04380	19	93.023	86	3	3	1	85	992	1075	1.85e-29	122
GWC90_RS04500	42	75.746	503	116	4	752	1251	640	141	5.44e-66	248
GWC90_RS04665	2	80.251	1114	209	8	1	1110	213439	212333	0.0	828
GWC90_RS04770	2	79.481	1194	228	15	1	1184	189330	188144	0.0	832
GWC90_RS04775	2	81.187	1281	235	6	1	1278	187945	186668	0.0	1026
GWC90_RS04780	2	88.768	276	31	0	1	276	186387	186112	6.51e-94	339
GWC90_RS04875	2	78.582	2087	431	15	1	2079	87230	89308	0.0	1363
GWC90_RS04880	2	77.616	1233	256	17	85	1307	89452	90674	0.0	730
GWC90_RS04895	2	78.516	1415	279	18	1	1401	92426	93829	0.0	905
GWC90_RS04935	2	74.690	2260	519	40	1	2226	120995	123235	0.0	955
GWC90_RS05055	31	86.658	757	101	0	423	1179	6131	5375	0.0	839
GWC90_RS05060	35	97.938	97	2	0	387	483	2004	2100	1.64e-42	169
GWC90_RS05065	35	95.978	1069	42	1	228	1296	3156	2089	0.0	1735
GWC90_RS05075	13	91.765	85	5	2	1	84	11168	11085	8.46e-28	117
GWC90_RS05210	3	77.804	1284	277	8	10	1289	68540	67261	0.0	785
GWC90_RS05315	2	81.633	980	176	4	1	978	321630	320653	0.0	809
GWC90_RS05320	2	76.988	1660	326	35	1	1644	320510	318891	0.0	898
GWC90_RS05340	3	81.168	1832	335	8	1	1827	175765	173939	0.0	1463
GWC90_RS05360	3	75.866	3377	760	46	1	3350	170066	166718	0.0	1670
GWC90_RS05610	4	71.807	415	99	13	227	632	183251	183656	2.61e-22	102
GWC90_RS05680	43	99.062	960	9	0	1	960	97	1056	0.0	1724
GWC90_RS05695	2	79.728	1322	253	15	1	1313	207207	205892	0.0	942
GWC90_RS05775	2	77.487	1337	277	21	1	1325	152282	150958	0.0	780
GWC90_RS05830	12	90.076	262	18	8	2	259	54877	55134	4.12e-92	333
GWC90_RS05965	2	76.622	2913	633	45	1	2889	24664	27552	0.0	1563
GWC90_RS06645	6	98.611	72	1	0	3	74	155958	155887	3.31e-31	128
GWC90_RS06675	2	87.245	196	24	1	7	201	305695	305890	4.86e-59	222
GWC90_RS06675	4	85.572	201	29	0	1	201	160241	160041	1.05e-55	211
GWC90_RS06810	42	75.746	503	116	4	752	1251	640	141	5.44e-66	248
GWC90_RS06865	31	86.658	757	101	0	423	1179	6131	5375	0.0	839
GWC90_RS06900	3	79.867	2563	498	14	1	2554	66429	63876	0.0	1858
GWC90_RS07015	35	95.978	1069	42	1	228	1296	3156	2089	0.0	1735
GWC90_RS07025	4	75.418	1375	312	21	1	1362	200578	199217	0.0	643
GWC90_RS07200	4	74.091	1926	468	30	28	1937	223445	221535	0.0	763
GWC90_RS07290	3	77.456	621	132	7	2022	2640	222312	221698	1.55e-100	364
GWC90_RS07345	4	74.627	1005	236	18	6	999	173621	172625	1.86e-119	425
GWC90_RS07400	13	84.406	1834	278	7	1	1830	18278	16449	0.0	1796
GWC90_RS07500	13	81.085	1861	342	8	448	2301	50070	48213	0.0	1478
GWC90_RS07515	13	80.784	1072	194	12	1	1066	52434	51369	0.0	828
GWC90_RS07525	3	76.747	3978	873	45	405	4359	90190	86242	0.0	2174
GWC90_RS07550	42	75.746	503	116	4	752	1251	640	141	5.44e-66	248
GWC90_RS07560	3	80.387	724	140	2	1	723	114888	114166	7.59e-157	549
GWC90_RS07565	3	84.702	889	122	12	1	882	116030	115149	0.0	876
GWC90_RS07570	3	88.832	788	81	7	1	783	116921	116136	0.0	961
GWC90_RS07680	7	75.698	967	215	17	1	957	39348	40304	1.06e-131	466
GWC90_RS07725	7	92.667	150	11	0	1	150	31253	31402	1.62e-57	217
GWC90_RS07880	12	88.556	367	40	2	1	366	618	253	1.82e-125	444
GWC90_RS07895	6	94.444	72	4	0	3	74	155958	155887	3.33e-26	111
GWC90_RS07905	31	86.658	757	101	0	423	1179	6131	5375	0.0	839
GWC90_RS08055	21	99.484	1163	6	0	1	1163	21773	22935	0.0	2115
GWC90_RS08120	21	72.938	1164	273	34	15	1157	21787	22929	1.34e-101	366
GWC90_RS08155	27	84.319	778	118	4	1	776	8421	9196	0.0	758
GWC90_RS08160	27	86.182	977	135	0	1	977	7398	8374	0.0	1057
GWC90_RS08165	27	90.334	1407	134	2	1	1406	5278	6683	0.0	1844
GWC90_RS08170	27	89.683	126	13	0	1	126	5148	5273	6.29e-41	161
GWC90_RS08180	27	88.714	824	93	0	1	824	4332	5155	0.0	1007
GWC90_RS08190	27	88.881	1502	167	0	1	1502	2826	4327	0.0	1849
GWC90_RS08195	27	91.538	390	33	0	1	390	2450	2839	8.65e-154	538
GWC90_RS08210	27	84.369	499	77	1	1	499	247	744	1.15e-138	488
GWC90_RS08215	27	91.743	218	18	0	1	218	13	230	1.88e-83	303
GWC90_RS08225	10	90.042	1185	118	0	1	1185	92221	93405	0.0	1535
GWC90_RS08240	10	88.032	986	116	2	1	985	87009	87993	0.0	1166
GWC90_RS08240	10	93.438	320	21	0	986	1305	90592	90911	2.48e-134	475
GWC90_RS08245	10	85.797	345	49	0	1	345	86595	86939	3.79e-102	366
GWC90_RS08250	10	92.267	375	29	0	1	375	86211	86585	3.86e-152	532
GWC90_RS08255	10	91.111	315	28	0	1	315	85884	86198	1.56e-120	427
GWC90_RS08260	10	86.240	3234	433	11	1	3228	82544	85771	0.0	3496
GWC90_RS08270	10	89.655	348	36	0	1	348	81084	81431	1.72e-125	444
GWC90_RS08295	2	93.103	261	18	0	1	261	48035	48295	2.96e-107	383
GWC90_RS08345	2	74.967	759	182	8	116	870	39664	40418	1.71e-94	342
GWC90_RS08365	31	81.050	971	174	9	1	966	114	1079	0.0	765
GWC90_RS08370	42	75.746	503	116	4	752	1251	640	141	5.44e-66	248
GWC90_RS08395	21	99.484	1163	6	0	1	1163	21773	22935	0.0	2115
GWC90_RS08500	2	93.035	201	14	0	1	201	305690	305890	1.01e-80	294
GWC90_RS08535	3	78.539	438	92	2	1	437	179903	179467	4.53e-78	287
GWC90_RS08780	31	86.658	757	101	0	423	1179	6131	5375	0.0	839
GWC90_RS08790	3	82.366	879	151	4	7	882	123074	122197	0.0	761
GWC90_RS08810	3	75.208	480	112	7	1	475	126295	125818	4.40e-58	220
GWC90_RS08840	3	94.915	177	9	0	1	177	130330	130154	8.86e-76	278
GWC90_RS08870	6	78.848	1423	293	6	1	1419	151454	150036	0.0	953
GWC90_RS08870	3	75.644	427	86	13	1003	1422	263175	262760	2.29e-50	196
GWC90_RS08895	2	75.901	1610	358	23	115	1709	10635	12229	0.0	797
GWC90_RS08965	16	79.167	1008	198	11	1	1002	63825	64826	0.0	688
GWC90_RS09005	43	98.958	960	10	0	1	960	97	1056	0.0	1718
GWC90_RS09055	16	76.889	913	203	6	2	910	49526	50434	4.60e-145	510
GWC90_RS09085	16	79.119	2361	481	12	25	2379	43012	45366	0.0	1618
GWC90_RS09130	19	97.222	72	2	0	1	72	811	882	1.48e-29	122
GWC90_RS09130	2	97.222	72	2	0	1	72	356492	356421	1.48e-29	122
GWC90_RS09135	19	97.531	81	2	0	1	81	529	609	1.72e-34	139
GWC90_RS09135	2	97.531	81	2	0	1	81	356582	356502	1.72e-34	139
GWC90_RS09180	3	82.670	1408	242	2	1	1407	273629	272223	0.0	1247
GWC90_RS09190	3	82.851	1452	241	8	1	1448	276183	274736	0.0	1295
GWC90_RS09275	10	90.762	1299	120	0	1	1299	25163	26461	0.0	1735
GWC90_RS09285	10	80.862	789	145	6	1	786	23034	23819	1.23e-176	616
GWC90_RS09290	10	90.020	1002	100	0	1	1002	21906	22907	0.0	1297
GWC90_RS09295	10	73.679	1041	250	23	10	1038	20838	21866	1.18e-106	383
GWC90_RS09305	4	97.222	72	2	0	1	72	159312	159383	1.48e-29	122
GWC90_RS09615	14	84.328	134	21	0	283	416	49391	49258	3.79e-31	132
GWC90_RS09735	18	78.404	213	46	0	1	213	6760	6548	5.36e-34	139
GWC90_RS09755	1	90.000	50	5	0	403	452	72630	72581	3.02e-11	65.8
GWC90_RS09765	1	80.053	2622	509	13	7	2621	80432	77818	0.0	1932
GWC90_RS09780	6	75.654	1146	252	26	1	1131	108277	107144	1.57e-155	545
GWC90_RS09830	54	100.000	74	0	0	1	74	76	3	5.50e-34	137
GWC90_RS09850	21	99.484	1163	6	0	1	1163	21773	22935	0.0	2115
GWC90_RS09855	54	100.000	74	0	0	1	74	76	3	5.50e-34	137
GWC90_RS09860	36	95.690	116	5	0	1	116	118	3	9.49e-49	187
GWC90_RS09865	36	95.786	2919	115	8	1	2916	3128	215	0.0	4702
GWC90_RS09870	41	96.690	1571	43	7	3	1568	1626	60	0.0	2604
GWC90_RS09965	3	75.488	563	132	6	97	656	6994	6435	6.48e-73	270
GWC90_RS09995	14	75.492	1677	385	22	1	1664	64235	62572	0.0	797
GWC90_RS10060	10	75.733	750	161	19	30	767	34154	34894	5.64e-99	357
GWC90_RS10110	4	79.550	1110	209	16	1	1101	8117	9217	0.0	776
GWC90_RS10120	4	76.587	756	163	11	16	764	10886	10138	7.70e-113	403
GWC90_RS10145	4	78.430	2026	393	37	5	2009	17783	15781	0.0	1280
GWC90_RS10260	3	94.521	73	4	0	1	73	210749	210677	9.10e-27	113
GWC90_RS10300	3	81.041	1076	200	4	1	1074	216636	215563	0.0	854
GWC90_RS10540	3	78.047	1403	308	0	17	1419	287807	286405	0.0	885
GWC90_RS10600	6	94.444	72	4	0	3	74	155958	155887	3.33e-26	111
GWC90_RS10665	31	86.658	757	101	0	423	1179	6131	5375	0.0	839
GWC90_RS10675	42	75.746	503	116	4	752	1251	640	141	5.44e-66	248
GWC90_RS11050	6	78.873	2182	415	40	2	2160	7436	9594	0.0	1434
GWC90_RS11090	7	86.216	370	49	2	1	369	104631	104999	4.02e-112	399
GWC90_RS11095	7	82.851	484	81	2	1	483	104068	104550	5.50e-122	433
GWC90_RS11100	7	86.436	693	88	5	1	690	103056	103745	0.0	754
GWC90_RS11255	3	82.051	234	42	0	1	234	354385	354152	7.94e-52	200
GWC90_RS11260	35	95.978	1069	42	1	228	1296	3156	2089	0.0	1735
GWC90_RS11315	10	76.182	1713	378	27	57	1754	15629	17326	0.0	876
GWC90_RS11370	10	79.275	193	39	1	3	195	6681	6490	2.26e-32	134
GWC90_RS11500	36	95.690	116	5	0	1	116	118	3	9.49e-49	187
GWC90_RS11505	36	95.786	2919	115	8	1	2916	3128	215	0.0	4702
GWC90_RS11510	41	96.690	1571	43	7	3	1568	1626	60	0.0	2604
GWC90_RS11515	43	99.062	960	9	0	1	960	97	1056	0.0	1724
GWC90_RS11660	3	83.333	150	25	0	73	222	12771	12920	5.92e-33	139
GWC90_RS11835	6	94.444	72	4	0	3	74	155958	155887	3.33e-26	111
GWC90_RS11865	31	86.658	757	101	0	423	1179	6131	5375	0.0	839
GWC90_RS11910	19	98.611	72	1	0	1	72	148	219	3.19e-31	128
GWC90_RS11910	6	98.611	72	1	0	1	72	154606	154535	3.19e-31	128
GWC90_RS11910	6	98.611	72	1	0	1	72	155372	155301	3.19e-31	128
GWC90_RS11915	6	100.000	74	0	0	1	74	154793	154720	5.50e-34	137
GWC90_RS11915	6	100.000	74	0	0	1	74	155460	155387	5.50e-34	137
GWC90_RS11920	6	100.000	71	0	0	1	71	154877	154807	2.42e-32	132
GWC90_RS11920	6	100.000	71	0	0	1	71	155540	155470	2.42e-32	132
GWC90_RS11925	6	100.000	73	0	0	1	73	154964	154892	1.94e-33	135
GWC90_RS11930	19	95.890	73	3	0	1	73	330	402	1.96e-28	119
GWC90_RS11935	6	95.946	74	3	0	1	74	155165	155092	5.54e-29	121
GWC90_RS11935	6	95.946	74	3	0	1	74	155730	155657	5.54e-29	121
GWC90_RS11940	6	100.000	90	0	0	1	90	155288	155199	9.05e-43	167
GWC90_RS11940	6	100.000	90	0	0	1	90	155853	155764	9.05e-43	167
GWC90_RS11940	7	91.011	89	8	0	1	89	31498	31586	7.15e-29	121
GWC90_RS11945	19	98.611	72	1	0	1	72	148	219	3.19e-31	128
GWC90_RS11945	6	98.611	72	1	0	1	72	154606	154535	3.19e-31	128
GWC90_RS11945	6	98.611	72	1	0	1	72	155372	155301	3.19e-31	128
GWC90_RS11950	6	100.000	88	0	0	1	88	154709	154622	1.14e-41	163
GWC90_RS11955	6	100.000	74	0	0	1	74	154793	154720	5.50e-34	137
GWC90_RS11955	6	100.000	74	0	0	1	74	155460	155387	5.50e-34	137
GWC90_RS11960	6	100.000	71	0	0	1	71	154877	154807	2.42e-32	132
GWC90_RS11960	6	100.000	71	0	0	1	71	155540	155470	2.42e-32	132
GWC90_RS11965	19	96.053	76	3	0	1	76	330	405	4.44e-30	124
GWC90_RS11970	6	95.946	74	3	0	1	74	155165	155092	5.54e-29	121
GWC90_RS11970	6	95.946	74	3	0	1	74	155730	155657	5.54e-29	121
GWC90_RS11975	6	100.000	90	0	0	1	90	155288	155199	9.05e-43	167
GWC90_RS11975	6	100.000	90	0	0	1	90	155853	155764	9.05e-43	167
GWC90_RS11975	7	91.011	89	8	0	1	89	31498	31586	7.15e-29	121
GWC90_RS11980	6	100.000	74	0	0	1	74	155960	155887	5.50e-34	137
GWC90_RS11985	6	100.000	74	0	0	1	74	156054	155981	5.50e-34	137
GWC90_RS11990	52	100.000	73	0	0	1	73	97	25	1.94e-33	135
GWC90_RS11990	6	100.000	73	0	0	1	73	156150	156078	1.94e-33	135
GWC90_RS11995	6	100.000	74	0	0	1	74	156237	156164	5.50e-34	137
GWC90_RS11995	1	100.000	74	0	0	1	74	413775	413702	5.50e-34	137
GWC90_RS12000	46	94.286	70	4	0	4	73	72	3	4.31e-25	108
GWC90_RS12005	46	100.000	86	0	0	1	86	175	90	1.43e-40	159
GWC90_RS12010	46	100.000	72	0	0	1	72	262	191	6.85e-33	134
GWC90_RS12015	46	100.000	73	0	0	1	73	342	270	1.94e-33	135
GWC90_RS12020	46	96.341	82	3	0	1	82	430	349	2.26e-33	135
GWC90_RS12025	46	100.000	73	0	0	1	73	519	447	1.94e-33	135
GWC90_RS12030	46	97.260	73	2	0	1	73	598	526	4.20e-30	124
GWC90_RS12030	19	97.260	73	2	0	1	73	247	319	4.20e-30	124
GWC90_RS12035	36	95.690	116	5	0	1	116	118	3	9.49e-49	187
GWC90_RS12040	36	95.786	2919	115	8	1	2916	3128	215	0.0	4702
GWC90_RS12045	52	100.000	73	0	0	1	73	97	25	1.94e-33	135
GWC90_RS12045	6	100.000	73	0	0	1	73	156150	156078	1.94e-33	135
GWC90_RS12050	41	96.626	1571	44	7	3	1568	1626	60	0.0	2599
GWC90_RS12075	9	82.719	1655	280	5	373	2025	5614	3964	0.0	1467
GWC90_RS12530	1	76.310	954	220	6	10	960	335686	334736	2.29e-143	505
GWC90_RS12605	1	88.090	445	51	2	1	444	349523	349080	2.15e-150	527
GWC90_RS12685	1	84.993	3645	539	8	1	3641	357166	353526	0.0	3694
GWC90_RS12690	1	85.621	3533	498	10	1	3528	360947	357420	0.0	3701
GWC90_RS12740	1	75.938	1920	418	34	1	1892	383630	385533	0.0	946
GWC90_RS12745	1	77.575	767	157	14	178	936	383178	382419	1.03e-126	449
GWC90_RS12785	46	94.286	70	4	0	4	73	72	3	4.31e-25	108
GWC90_RS12795	6	100.000	74	0	0	1	74	156237	156164	5.50e-34	137
GWC90_RS12795	1	100.000	74	0	0	1	74	413775	413702	5.50e-34	137
GWC90_RS12800	46	94.286	70	4	0	4	73	72	3	4.31e-25	108
GWC90_RS12805	46	100.000	86	0	0	1	86	175	90	1.43e-40	159
GWC90_RS12810	46	100.000	72	0	0	1	72	262	191	6.85e-33	134
GWC90_RS12815	46	100.000	73	0	0	1	73	342	270	1.94e-33	135
GWC90_RS12820	46	96.341	82	3	0	1	82	430	349	2.26e-33	135
GWC90_RS12825	46	100.000	73	0	0	1	73	519	447	1.94e-33	135
GWC90_RS12830	46	97.260	73	2	0	1	73	598	526	4.20e-30	124
GWC90_RS12830	19	97.260	73	2	0	1	73	247	319	4.20e-30	124
GWC90_RS12835	36	95.690	116	5	0	1	116	118	3	9.49e-49	187
GWC90_RS12840	36	95.786	2919	115	8	1	2916	3128	215	0.0	4702
GWC90_RS12845	41	96.690	1571	43	7	3	1568	1626	60	0.0	2604
GWC90_RS12850	5	81.953	676	118	4	1	674	184	857	5.55e-163	569
GWC90_RS12860	5	78.795	1278	259	11	1	1272	2379	3650	0.0	848
GWC90_RS12865	5	80.782	1483	279	5	1	1480	5300	3821	0.0	1155
GWC90_RS12905	5	78.082	1898	390	24	4	1886	23601	21715	0.0	1177
GWC90_RS12935	5	90.299	134	13	0	1	134	46719	46586	2.44e-45	176
GWC90_RS13265	2	98.385	681	11	0	1	681	82882	83562	0.0	1197
GWC90_RS13265	47	99.732	373	1	0	32	404	373	1	0.0	684
GWC90_RS13265	23	99.639	277	1	0	405	681	1	277	4.36e-144	507
GWC90_RS13265	44	98.106	264	5	0	418	681	1000	737	3.44e-130	460
GWC90_RS13265	53	100.000	29	0	0	2	30	76	104	6.82e-08	54.7
GWC90_RS13280	31	86.658	757	101	0	423	1179	6131	5375	0.0	839
GWC90_RS13320	38	99.593	738	3	0	1	738	2297	1560	0.0	1347
GWC90_RS13325	38	98.824	85	0	1	1	85	2505	2422	8.47e-38	150
GWC90_RS13330	51	100.000	135	0	0	33	167	135	1	2.71e-67	250
GWC90_RS13330	38	100.000	73	0	0	168	240	2626	2554	7.91e-33	135
GWC90_RS13330	38	100.000	31	0	0	1	31	32	2	1.76e-09	58.4
GWC90_RS13330	44	100.000	32	0	0	1	32	32	1	4.90e-10	60.2
GWC90_RS13335	44	99.060	532	5	0	1614	2145	683	152	0.0	955
GWC90_RS13335	38	94.231	260	15	0	1886	2145	1389	1130	8.81e-111	398
GWC90_RS13360	21	91.925	161	13	0	66	226	12581	12421	7.78e-60	226
GWC90_RS13380	2	98.238	681	12	0	1	681	82882	83562	0.0	1192
GWC90_RS13380	47	99.464	373	2	0	32	404	373	1	0.0	678
GWC90_RS13380	23	99.639	277	1	0	405	681	1	277	4.36e-144	507
GWC90_RS13380	44	98.106	264	5	0	418	681	1000	737	3.44e-130	460
GWC90_RS13380	53	100.000	29	0	0	2	30	76	104	6.82e-08	54.7
GWC90_RS13400	2	98.385	681	11	0	1	681	82882	83562	0.0	1197
GWC90_RS13400	47	99.732	373	1	0	32	404	373	1	0.0	684
GWC90_RS13400	23	99.639	277	1	0	405	681	1	277	4.36e-144	507
GWC90_RS13400	44	98.106	264	5	0	418	681	1000	737	3.44e-130	460
GWC90_RS13400	53	100.000	29	0	0	2	30	76	104	6.82e-08	54.7
GWC90_RS13415	2	98.385	681	11	0	1	681	82882	83562	0.0	1197
GWC90_RS13415	47	99.732	373	1	0	32	404	373	1	0.0	684
GWC90_RS13415	23	99.639	277	1	0	405	681	1	277	4.36e-144	507
GWC90_RS13415	44	98.106	264	5	0	418	681	1000	737	3.44e-130	460
GWC90_RS13415	53	100.000	29	0	0	2	30	76	104	6.82e-08	54.7
GWC90_RS13525	38	99.593	738	3	0	1	738	2297	1560	0.0	1347
GWC90_RS13530	38	98.810	84	1	0	1	84	2505	2422	8.34e-38	150
GWC90_RS13535	38	100.000	101	0	0	12	112	2626	2526	9.10e-49	187
GWC90_RS13655	2	98.385	681	11	0	1	681	82882	83562	0.0	1197
GWC90_RS13655	47	99.732	373	1	0	32	404	373	1	0.0	684
GWC90_RS13655	23	99.639	277	1	0	405	681	1	277	4.36e-144	507
GWC90_RS13655	44	98.106	264	5	0	418	681	1000	737	3.44e-130	460
GWC90_RS13655	53	100.000	29	0	0	2	30	76	104	6.82e-08	54.7
GWC90_RS13695	44	100.000	35	0	0	140	174	680	714	7.37e-12	65.8
GWC90_RS13695	2	100.000	33	0	0	142	174	83617	83585	9.53e-11	62.1
GWC90_RS13695	23	100.000	32	0	0	143	174	331	300	3.43e-10	60.2
GWC90_RS13700	2	98.385	681	11	0	1	681	82882	83562	0.0	1197
GWC90_RS13700	47	99.732	373	1	0	32	404	373	1	0.0	684
GWC90_RS13700	23	99.639	277	1	0	405	681	1	277	4.36e-144	507
GWC90_RS13700	44	98.106	264	5	0	418	681	1000	737	3.44e-130	460
GWC90_RS13700	53	100.000	29	0	0	2	30	76	104	6.82e-08	54.7
GWC90_RS13705	53	100.000	47	0	0	695	741	1	47	7.34e-18	87.9
GWC90_RS13705	2	100.000	47	0	0	695	741	82808	82854	7.34e-18	87.9
GWC90_RS13805	35	95.978	1069	42	1	228	1296	3156	2089	0.0	1735
GWC90_RS14080	42	75.746	503	116	4	752	1251	640	141	5.44e-66	248
GWB30_RS00270	38	97.222	72	2	0	25	96	2493	2422	2.16e-29	122
GWB30_RS00275	38	99.729	738	2	0	1	738	2297	1560	0.0	1352
GWB32_RS00040	38	97.222	72	2	0	25	96	2493	2422	2.16e-29	122
GWB32_RS00045	38	99.729	738	2	0	1	738	2297	1560	0.0	1352
GWB46_RS00030	38	97.222	72	2	0	25	96	2493	2422	2.16e-29	122
GWB46_RS00035	38	99.729	738	2	0	1	738	2297	1560	0.0	1352
M7W_RS12700	2	97.797	681	15	0	1	681	82882	83562	0.0	1175
M7W_RS12700	47	98.928	373	4	0	32	404	373	1	0.0	667
M7W_RS12700	23	99.639	277	1	0	405	681	1	277	4.36e-144	507
M7W_RS12700	44	98.106	264	5	0	418	681	1000	737	3.44e-130	460
M7W_RS12735	31	86.658	757	101	0	423	1179	6131	5375	0.0	839
M7W_RS12855	21	99.312	1163	8	0	1	1163	21773	22935	0.0	2104
M7W_RS13005	2	98.385	681	11	0	1	681	82882	83562	0.0	1197
M7W_RS13005	47	99.732	373	1	0	32	404	373	1	0.0	684
M7W_RS13005	23	99.639	277	1	0	405	681	1	277	4.36e-144	507
M7W_RS13005	44	98.106	264	5	0	418	681	1000	737	3.44e-130	460
M7W_RS13005	53	100.000	29	0	0	2	30	76	104	6.82e-08	54.7
M7W_RS13260	21	99.484	1163	6	0	1	1163	21773	22935	0.0	2115
M7W_RS13285	31	99.405	336	2	0	1	336	2365	2030	3.23e-175	610
M7W_RS13285	31	98.328	299	3	1	383	681	2034	1738	4.33e-149	523
M7W_RS13375	21	99.312	1163	8	0	1	1163	21773	22935	0.0	2104
M7W_RS13545	31	98.328	299	3	1	266	564	2034	1738	3.57e-149	523
M7W_RS13545	31	99.543	219	1	0	1	219	2248	2030	6.27e-112	399
M7W_RS13555	21	99.312	1163	8	0	1	1163	21773	22935	0.0	2104
M7W_RS13630	2	98.385	681	11	0	1	681	82882	83562	0.0	1197
M7W_RS13630	47	99.732	373	1	0	32	404	373	1	0.0	684
M7W_RS13630	23	99.639	277	1	0	405	681	1	277	4.36e-144	507
M7W_RS13630	44	98.106	264	5	0	418	681	1000	737	3.44e-130	460
M7W_RS13630	53	100.000	29	0	0	2	30	76	104	6.82e-08	54.7
M7W_RS13650	2	97.661	684	13	1	1	684	82882	83562	0.0	1171
M7W_RS13650	47	99.196	373	3	0	32	404	373	1	0.0	673
M7W_RS13650	23	98.571	280	1	1	405	684	1	277	1.23e-139	492
M7W_RS13650	44	97.004	267	5	1	418	684	1000	737	9.68e-126	446
M7W_RS13650	53	100.000	29	0	0	2	30	76	104	6.85e-08	54.7
M7W_RS13750	28	99.556	450	2	0	1	450	12205	11756	0.0	821
M7W_RS13755	28	96.952	525	3	1	1	525	10930	11441	0.0	869
M7W_RS13760	28	99.628	1344	5	0	1	1344	9511	10854	0.0	2455
M7W_RS13765	28	99.251	267	2	0	1	267	9230	9496	2.74e-137	483
M7W_RS13770	28	99.552	669	3	0	1	669	8459	9127	0.0	1219
M7W_RS13775	28	99.118	907	7	1	1	906	8177	7271	0.0	1629
M7W_RS14925	28	98.475	459	3	1	1	459	6877	7331	0.0	806
M7W_RS13780	28	96.838	253	3	2	1	252	6706	6954	7.39e-118	418
M7W_RS13785	28	100.000	297	0	0	1	297	6390	6686	2.99e-157	549
M7W_RS13790	28	99.570	465	2	0	1	465	5933	6397	0.0	848
M7W_RS13795	28	99.211	1267	6	4	1	1266	4133	5396	0.0	2281
M7W_RS13800	28	100.000	198	0	0	1096	1293	3390	3587	1.49e-101	366
GWA22_RS01545	36	79.072	1185	205	32	1611	2775	1487	326	0.0	774
GWA22_RS01545	36	74.209	1043	213	45	476	1497	2719	1712	9.24e-107	385
CDIMF43_RS00215	44	99.451	364	2	0	1614	1977	683	320	0.0	662
CDIMF43_RS00215	38	96.739	92	3	0	1886	1977	1389	1298	1.94e-37	154
CDIMF43_RS00265	44	98.131	107	2	0	1	107	843	737	8.61e-49	187
CDIMF43_RS00265	2	98.131	107	2	0	1	107	83456	83562	8.61e-49	187
CDIMF43_RS00265	23	97.196	107	3	0	1	107	171	277	4.01e-47	182
CDIMF43_RS00290	31	98.361	122	2	0	14	135	5496	5375	5.16e-57	215
CDIMF43_RS00310	2	89.610	385	38	2	1	384	82882	83265	8.69e-139	488
CDIMF43_RS00310	47	89.773	352	34	2	34	384	371	21	4.10e-127	449
CDIMF43_RS00360	2	77.169	657	142	7	1	653	82882	83534	1.35e-104	375
CDIMF43_RS00360	47	80.000	370	70	4	37	404	368	1	6.56e-73	270
CDIMF43_RS00360	31	80.137	292	50	8	391	678	2026	1739	4.04e-55	211
CDIMF43_RS00400	2	93.939	99	3	3	1	96	82882	82980	1.28e-36	147
CDIMF43_RS00400	47	91.176	68	3	3	32	96	373	306	2.19e-19	89.8
CDIMF43_RS00400	53	100.000	29	0	0	2	30	76	104	7.97e-09	54.7
CDIMF43_RS00505	8	78.983	1946	386	22	1	1935	34010	35943	0.0	1306
CDIMF43_RS00510	8	84.524	168	26	0	1	168	36067	36234	1.89e-42	167
LL229_RS12785	24	77.863	1301	274	14	27	1320	2264	971	0.0	795
LL229_RS12845	31	100.000	1038	0	0	1	1038	4033	5070	0.0	1917
LL229_RS12850	31	99.468	939	5	0	1	939	3069	4007	0.0	1707
LL229_RS12940	31	86.441	295	38	1	387	681	2030	1738	1.69e-88	322
LL229_RS12965	31	88.889	126	14	0	1	126	2155	2030	1.24e-38	156
LL229_RS12975	31	99.405	336	2	0	1	336	2365	2030	3.23e-175	610
LL229_RS12975	31	98.662	299	2	1	383	681	2034	1738	9.30e-151	529
LL229_RS13000	43	99.375	960	6	0	1	960	97	1056	0.0	1740
LL229_RS13010	31	98.684	228	1	1	1	228	1963	1738	1.86e-113	403
LL229_RS13105	31	99.405	336	2	0	1	336	2365	2030	3.23e-175	610
LL229_RS13105	31	97.659	299	5	1	383	681	2034	1738	9.37e-146	512
LL229_RS13160	31	99.702	336	1	0	1	336	2365	2030	6.94e-177	616
LL229_RS13160	31	97.659	299	5	1	383	681	2034	1738	9.37e-146	512
LL229_RS13190	31	100.000	113	0	0	1	113	2365	2253	1.98e-55	209
LL229_RS13195	2	94.933	671	34	0	1	671	82882	83552	0.0	1051
LL229_RS13195	47	99.732	373	1	0	32	404	373	1	0.0	684
LL229_RS13195	23	89.493	276	29	0	405	680	1	276	7.77e-97	350
LL229_RS13195	44	88.213	263	31	0	418	680	1000	738	2.83e-86	315
LL229_RS13195	31	85.650	223	28	3	459	680	1958	1739	2.94e-61	231
LL229_RS13195	53	100.000	29	0	0	2	30	76	104	6.82e-08	54.7
LL229_RS13205	31	86.441	295	38	1	387	681	2030	1738	1.69e-88	322
LL229_RS13845	31	96.396	111	2	1	1	111	1846	1738	4.19e-47	182
LL229_RS13280	31	99.107	336	3	0	1	336	2365	2030	1.50e-173	604
LL229_RS13280	31	97.993	299	4	1	383	681	2034	1738	2.01e-147	518
LL229_RS13320	31	99.107	336	3	0	1	336	2365	2030	1.50e-173	604
LL229_RS13320	31	97.993	299	4	1	383	681	2034	1738	2.01e-147	518
LL229_RS13340	31	97.895	285	4	1	106	390	2020	1738	6.83e-140	492
LL229_RS13480	31	99.107	336	3	0	1	336	2365	2030	1.50e-173	604
LL229_RS13480	31	98.328	299	3	1	383	681	2034	1738	4.33e-149	523
LL229_RS13890	31	96.154	78	1	1	1	78	1813	1738	1.28e-30	126
LL229_RS13555	31	86.441	295	38	1	387	681	2030	1738	1.69e-88	322
LL229_RS13585	31	95.266	338	14	1	1	338	2365	2030	2.01e-152	534
LL229_RS13585	31	97.324	299	6	1	385	683	2034	1738	4.37e-144	507
LLJM1_RS13105	31	86.441	295	38	1	387	681	2030	1738	1.69e-88	322
LLJM1_RS13120	44	100.000	28	0	0	1	28	710	683	2.58e-07	52.8
LLJM1_RS13120	23	96.875	32	0	1	1	31	304	335	2.58e-07	52.8
LLJM1_RS13120	2	94.286	35	1	1	1	34	83589	83623	2.58e-07	52.8
LLJM1_RS13125	2	98.385	681	11	0	1	681	82882	83562	0.0	1197
LLJM1_RS13125	47	99.464	373	2	0	32	404	373	1	0.0	678
LLJM1_RS13125	23	98.556	277	4	0	405	681	1	277	4.39e-139	490
LLJM1_RS13125	44	98.485	264	4	0	418	681	1000	737	7.40e-132	466
LLJM1_RS13125	53	100.000	29	0	0	2	30	76	104	6.82e-08	54.7
LLJM1_RS13165	31	99.107	336	3	0	1	336	2365	2030	1.50e-173	604
LLJM1_RS13165	31	94.983	299	13	1	383	681	2034	1738	2.06e-132	468
LLJM1_RS13245	31	86.441	295	38	1	387	681	2030	1738	1.69e-88	322
LLJM1_RS13330	31	89.254	335	36	0	1	335	2365	2031	5.84e-118	420
LLJM1_RS13330	31	87.458	295	35	1	387	681	2030	1738	1.68e-93	339
LLJM1_RS13340	31	89.254	335	36	0	1	335	2365	2031	5.84e-118	420
LLJM1_RS13340	31	87.458	295	35	1	387	681	2030	1738	1.68e-93	339
LLJM1_RS13350	31	99.107	336	3	0	1	336	2365	2030	1.50e-173	604
LLJM1_RS13350	31	98.662	299	2	1	383	681	2034	1738	9.30e-151	529
LLJM1_RS13480	31	98.512	336	5	0	1	336	2365	2030	3.26e-170	593
LLJM1_RS13480	31	97.659	299	5	1	385	683	2034	1738	9.39e-146	512
LLJM1_RS13495	31	99.405	336	2	0	1	336	2365	2030	3.23e-175	610
LLJM1_RS13495	31	97.659	299	5	1	383	681	2034	1738	9.37e-146	512
LLJM1_RS13570	31	89.254	335	36	0	1	335	2365	2031	5.84e-118	420
LLJM1_RS13570	31	87.458	295	35	1	387	681	2030	1738	1.68e-93	339
LLJM1_RS13635	31	99.702	336	1	0	1	336	2365	2030	6.37e-177	616
LLJM1_RS13635	31	99.184	245	2	0	383	627	2034	1790	1.14e-124	442
LLJM1_RS13640	6	91.549	71	6	0	4	74	155162	155092	2.59e-22	99.0
LLJM1_RS13640	6	91.549	71	6	0	4	74	155727	155657	2.59e-22	99.0
LLJM1_RS13685	31	98.810	336	4	0	1	336	2365	2030	6.99e-172	599
LLJM1_RS13685	31	97.659	299	5	1	383	681	2034	1738	9.37e-146	512
LLJM1_RS13765	31	86.441	295	38	1	387	681	2030	1738	1.69e-88	322
LLJM1_RS13790	31	100.000	42	0	0	1885	1926	2438	2397	1.17e-14	78.7
LLJM1_RS13800	31	86.441	295	38	1	387	681	2030	1738	1.69e-88	322
LLJM1_RS13830	31	93.433	335	22	0	1	335	2365	2031	2.62e-141	497
LLJM1_RS13830	31	88.028	284	32	1	397	680	2020	1739	2.18e-92	335
LLJM1_RS14010	2	98.385	681	11	0	1	681	82882	83562	0.0	1197
LLJM1_RS14010	47	99.732	373	1	0	32	404	373	1	0.0	684
LLJM1_RS14010	23	99.639	277	1	0	405	681	1	277	4.36e-144	507
LLJM1_RS14010	44	98.106	264	5	0	418	681	1000	737	3.44e-130	460
LLJM1_RS14010	53	100.000	29	0	0	2	30	76	104	6.82e-08	54.7
LLJM1_RS14015	2	100.000	64	0	0	1	64	82870	82807	3.32e-27	119
LLJM1_RS14015	53	100.000	63	0	0	1	63	63	1	1.19e-26	117
LLJM1_RS14025	31	89.571	163	15	1	2	164	1899	1739	3.92e-54	206
LLJM1_RS14075	31	95.513	156	4	2	79	234	1890	1738	3.41e-66	246
LLJM1_RS14075	31	98.913	92	1	0	4	95	2326	2235	9.81e-42	165
LPICM02_RS00190	31	99.405	336	2	0	1	336	2365	2030	3.23e-175	610
LPICM02_RS00190	31	98.649	296	2	1	386	681	2031	1738	4.33e-149	523
LPICM02_RS10910	31	89.781	137	14	0	1	137	2365	2229	2.50e-45	176
LPICM02_RS00245	31	90.909	66	6	0	1	66	1822	1757	1.93e-19	89.8
DLJ64_RS27865	38	97.222	72	2	0	25	96	2493	2422	2.16e-29	122
DLJ64_RS27870	38	99.729	738	2	0	1	738	2297	1560	0.0	1352
DLJ62_RS24470	38	97.222	72	2	0	25	96	2493	2422	2.16e-29	122
DLJ62_RS24475	38	99.729	738	2	0	1	738	2297	1560	0.0	1352
LL14B4_RS13080	31	87.815	238	26	2	323	559	1973	1738	1.09e-74	276
CCS05_RS12415	2	97.923	674	14	0	2	675	82883	83556	0.0	1168
CCS05_RS12415	47	98.928	373	4	0	32	404	373	1	0.0	667
CCS05_RS12415	23	97.112	277	8	0	405	681	1	277	2.06e-132	468
CCS05_RS12415	44	97.727	264	6	0	418	681	1000	737	1.60e-128	455
CCS05_RS12415	31	82.985	335	57	0	2	336	2364	2030	6.14e-83	303
CCS05_RS12655	8	100.000	315	0	0	1	315	22238	22552	3.14e-167	582
CCS05_RS12660	8	100.000	387	0	0	1	387	22568	22954	0.0	715
CCS05_RS12665	8	100.000	1386	0	0	1	1386	22983	24368	0.0	2560
CCS05_RS12670	8	100.000	153	0	0	1	153	24371	24523	1.61e-77	283
CCS05_RS12675	8	99.917	1206	1	0	1	1206	24546	25751	0.0	2222
CCS05_RS12680	8	100.000	222	0	0	1	222	25794	26015	1.08e-115	411
CCS05_RS12685	8	100.000	498	0	0	1	498	26132	26629	0.0	920
CCS05_RS12690	8	99.803	507	1	0	1	507	26604	27110	0.0	931
CCS05_RS12695	8	99.918	2448	2	0	1	2448	27094	29541	0.0	4510
CCS05_RS12700	8	100.000	2178	0	0	1	2178	29544	31721	0.0	4023
CCS05_RS12705	8	100.000	1002	0	0	1	1002	31718	32719	0.0	1851
CCS05_RS12710	8	99.786	933	2	0	1	933	32716	33648	0.0	1712
CCS05_RS12715	8	99.145	117	1	0	1	117	33893	34009	5.69e-56	211
CCS05_RS12720	8	94.167	1920	112	0	1	1920	34025	35944	0.0	2926
AYM21_RS15470	39	99.819	554	1	0	83	636	812	259	0.0	1018
AYM21_RS15475	39	100.000	262	0	0	1	262	262	1	1.58e-137	484
AYM21_RS15475	39	100.000	241	0	0	263	503	2460	2220	7.46e-126	446
AYM21_RS15475	39	100.000	40	0	0	492	531	2219	2180	4.05e-14	75.0
AYM21_RS15480	39	100.000	795	0	0	1	795	2087	1293	0.0	1469
AYM21_RS15485	39	100.000	189	0	0	1	189	997	1185	1.99e-97	350
AYM21_RS15490	39	99.038	208	1	1	1	207	1017	810	7.45e-104	372
CY94_RS15875	2	82.440	672	116	2	1	671	82882	83552	5.44e-168	586
CY94_RS15875	23	83.333	276	46	0	406	681	2	277	1.74e-68	255
CY94_RS15875	44	83.650	263	43	0	412	674	1006	744	2.92e-66	248
CLH66_RS27140	38	97.222	72	2	0	25	96	2493	2422	2.16e-29	122
CLH66_RS27145	38	99.729	738	2	0	1	738	2297	1560	0.0	1352
LGRDSM20601_RS00225	2	92.815	682	47	2	1	681	82882	83562	0.0	987
LGRDSM20601_RS00225	23	99.278	277	2	0	405	681	1	277	2.03e-142	501
LGRDSM20601_RS00225	47	90.323	372	34	2	34	404	371	1	5.68e-138	486
LGRDSM20601_RS00225	44	98.485	264	4	0	418	681	1000	737	7.40e-132	466
LGRDSM20601_RS00235	2	96.329	681	25	0	1	681	82882	83562	0.0	1120
LGRDSM20601_RS00235	47	97.305	371	10	0	34	404	371	1	0.0	630
LGRDSM20601_RS00235	23	99.278	277	2	0	405	681	1	277	2.03e-142	501
LGRDSM20601_RS00235	44	97.727	264	6	0	418	681	1000	737	1.60e-128	455
TSH58p_RS01805	36	80.315	1016	172	22	1650	2648	1345	341	0.0	743
TSH58p_RS01805	36	76.004	1071	202	36	355	1407	2719	1686	2.35e-142	503
TSH58p_RS01820	41	81.227	1337	206	27	189	1491	1387	62	0.0	1037
TSH58p_RS19065	36	80.413	1016	171	22	1649	2647	1345	341	0.0	749
TSH58p_RS19065	36	76.097	1071	200	37	355	1406	2719	1686	5.04e-144	508
TSH58p_RS19080	41	81.301	1337	205	27	202	1504	1387	62	0.0	1042
TSH58p_RS20770	41	81.227	1337	206	27	189	1491	1387	62	0.0	1037
TSH58p_RS20785	36	80.413	1016	171	22	1649	2647	1345	341	0.0	749
TSH58p_RS20785	36	76.190	1071	199	37	355	1406	2719	1686	1.08e-145	514
TSH58p_RS23360	36	80.413	1016	171	22	1650	2648	1345	341	0.0	749
TSH58p_RS23360	36	75.910	1071	203	36	355	1407	2719	1686	1.09e-140	497
TSH58p_RS23375	41	81.301	1337	205	27	189	1491	1387	62	0.0	1042
TSH58p_RS25075	36	80.413	1016	171	22	1649	2647	1345	341	0.0	749
TSH58p_RS25075	36	76.230	1077	199	38	349	1406	2724	1686	8.38e-147	518
TSH58p_RS25080	41	81.227	1337	206	27	202	1504	1387	62	0.0	1037
TSH58p_RS25630	36	80.413	1016	171	22	1635	2633	1345	341	0.0	749
TSH58p_RS25630	36	76.604	1060	200	39	355	1392	2719	1686	1.78e-153	540
TSH58p_RS25645	41	81.166	1338	205	29	202	1504	1387	62	0.0	1031
TSH58p_RS26495	41	81.301	1337	205	27	202	1504	1387	62	0.0	1042
TSH58p_RS26510	36	80.413	1016	171	22	1650	2648	1345	341	0.0	749
TSH58p_RS26510	36	75.910	1071	203	36	355	1407	2719	1686	1.09e-140	497
LAC30SC_RS10415	38	99.864	738	1	0	1	738	2297	1560	0.0	1358
LAC30SC_RS10420	38	98.810	84	1	0	1	84	2505	2422	8.34e-38	150
LAC30SC_RS10960	38	100.000	73	0	0	12	84	2626	2554	2.34e-33	135
CVCAS_RS12955	31	88.835	206	21	1	1	206	1942	1739	6.40e-68	252
CVCAS_RS12365	31	98.813	337	3	1	1	337	2365	2030	7.00e-172	599
CVCAS_RS12365	31	97.659	299	5	1	384	682	2034	1738	9.38e-146	512
CVCAS_RS12390	31	99.107	336	3	0	1	336	2365	2030	1.43e-173	604
CVCAS_RS12390	31	97.770	269	6	0	383	651	2034	1766	2.54e-131	464
CVCAS_RS12435	31	99.061	213	2	0	25	237	2020	1808	2.70e-107	383
CVCAS_RS12975	31	97.895	285	4	1	16	300	2020	1738	5.17e-140	492
CVCAS_RS12585	2	97.754	668	15	0	1	668	82882	83549	0.0	1151
CVCAS_RS12585	47	99.464	373	2	0	32	404	373	1	0.0	678
CVCAS_RS12585	23	96.751	277	9	0	405	681	1	277	9.57e-131	462
CVCAS_RS12585	44	96.457	254	9	0	418	671	1000	747	5.84e-118	420
CVCAS_RS12585	53	100.000	29	0	0	2	30	76	104	6.82e-08	54.7
EIO_RS15225	41	80.287	1324	195	42	201	1467	1378	64	0.0	939
EIO_RS15235	6	94.643	56	3	0	8	63	154786	154731	5.92e-19	87.9
EIO_RS15235	6	94.643	56	3	0	8	63	155453	155398	5.92e-19	87.9
EIO_RS15240	36	79.028	1173	199	31	1582	2732	1486	339	0.0	760
EIO_RS15240	36	75.199	754	157	29	401	1139	2718	1980	4.34e-90	329
BMWSH_RS25120	46	94.521	73	4	0	1	73	598	526	9.60e-27	113
BMWSH_RS25120	19	94.521	73	4	0	1	73	247	319	9.60e-27	113
BMWSH_RS25135	19	93.056	72	5	0	1	72	811	882	1.58e-24	106
BMWSH_RS25135	2	93.056	72	5	0	1	72	356492	356421	1.58e-24	106
BMWSH_RS25140	46	90.411	73	7	0	1	73	519	447	9.67e-22	97.1
BMWSH_RS25145	46	90.244	82	8	0	1	82	430	349	4.94e-25	108
BMWSH_RS25170	6	100.000	74	0	0	1	74	156237	156164	5.80e-34	137
BMWSH_RS25170	1	100.000	74	0	0	1	74	413775	413702	5.80e-34	137
BMWSH_RS25175	52	98.630	73	1	0	1	73	97	25	9.53e-32	130
BMWSH_RS25175	6	98.630	73	1	0	1	73	156150	156078	9.53e-32	130
BMWSH_RS25185	19	94.366	71	4	0	6	76	335	405	1.24e-25	110
BMWSH_RS25195	6	97.297	74	2	0	1	74	154793	154720	1.19e-30	126
BMWSH_RS25195	6	97.297	74	2	0	1	74	155460	155387	1.19e-30	126
BMWSH_RS25200	19	98.611	72	1	0	1	72	148	219	3.19e-31	128
BMWSH_RS25200	6	98.611	72	1	0	1	72	154606	154535	3.19e-31	128
BMWSH_RS25200	6	98.611	72	1	0	1	72	155372	155301	3.19e-31	128
BMWSH_RS25505	41	90.839	1561	129	13	5	1555	1622	66	0.0	2078
BMWSH_RS25510	36	87.310	2955	316	45	3	2939	3127	214	0.0	3325
LMOSLCC2482_RS00095	2	82.440	672	116	2	1	671	82882	83552	5.44e-168	586
LMOSLCC2482_RS00095	23	83.333	276	46	0	406	681	2	277	1.74e-68	255
LMOSLCC2482_RS00095	44	83.650	263	43	0	412	674	1006	744	2.92e-66	248
LMOSLCC2482_RS14865	31	99.663	297	1	0	1	297	2326	2030	1.50e-155	544
BT4G5_RS30850	6	94.595	74	4	0	1	74	155960	155887	2.58e-27	115
BT4G5_RS30850	1	89.706	68	7	0	7	74	30603	30536	5.62e-19	87.9
AS52_RS25995	19	98.611	72	1	0	1	72	148	219	3.19e-31	128
AS52_RS25995	6	98.611	72	1	0	1	72	154606	154535	3.19e-31	128
AS52_RS25995	6	98.611	72	1	0	1	72	155372	155301	3.19e-31	128
AS52_RS26000	6	97.297	74	2	0	1	74	154793	154720	1.19e-30	126
AS52_RS26000	6	97.297	74	2	0	1	74	155460	155387	1.19e-30	126
AS52_RS26010	19	94.366	71	4	0	6	76	335	405	1.24e-25	110
AS52_RS26020	52	98.630	73	1	0	1	73	97	25	9.53e-32	130
AS52_RS26020	6	98.630	73	1	0	1	73	156150	156078	9.53e-32	130
AS52_RS26025	6	100.000	74	0	0	1	74	156237	156164	5.80e-34	137
AS52_RS26025	1	100.000	74	0	0	1	74	413775	413702	5.80e-34	137
AS52_RS26050	46	90.244	82	8	0	1	82	430	349	4.94e-25	108
AS52_RS26055	46	90.411	73	7	0	1	73	519	447	9.67e-22	97.1
AS52_RS26060	19	93.056	72	5	0	1	72	811	882	1.58e-24	106
AS52_RS26060	2	93.056	72	5	0	1	72	356492	356421	1.58e-24	106
AS52_RS26075	46	93.151	73	5	0	1	73	598	526	4.47e-25	108
AS52_RS26075	19	93.151	73	5	0	1	73	247	319	4.47e-25	108
AS52_RS26085	36	87.343	2955	315	45	3	2939	3127	214	0.0	3330
AS52_RS26090	41	90.956	1559	128	12	5	1552	1622	66	0.0	2085
ARA02_RS09805	31	81.899	337	59	2	1	336	2365	2030	7.99e-77	283
LLUC109_RS11415	31	99.702	336	1	0	1	336	2365	2030	6.94e-177	616
LLUC109_RS11415	31	96.990	299	7	1	383	681	2034	1738	2.03e-142	501
LLUC109_RS11460	31	90.149	335	33	0	1	335	2365	2031	5.80e-123	436
LLUC109_RS11460	31	89.789	284	27	1	397	680	2020	1739	9.98e-101	363
LLUC109_RS11535	31	97.619	42	1	0	1885	1926	2438	2397	5.44e-13	73.1
LLUC109_RS11550	31	86.441	295	38	1	387	681	2030	1738	1.69e-88	322
LLUC109_RS11620	31	98.810	336	4	0	1	336	2365	2030	6.99e-172	599
LLUC109_RS11620	31	97.993	299	4	1	383	681	2034	1738	2.01e-147	518
LLUC109_RS11665	6	91.549	71	6	0	4	74	155162	155092	2.59e-22	99.0
LLUC109_RS11665	6	91.549	71	6	0	4	74	155727	155657	2.59e-22	99.0
LLUC109_RS11675	31	98.810	336	4	0	1	336	2365	2030	6.99e-172	599
LLUC109_RS11675	31	97.993	299	4	1	383	681	2034	1738	2.01e-147	518
LLUC109_RS11735	31	99.702	336	1	0	1	336	2365	2030	6.94e-177	616
LLUC109_RS11735	31	98.328	299	3	1	383	681	2034	1738	4.33e-149	523
LLUC109_RS11755	31	98.810	336	4	0	1	336	2365	2030	6.99e-172	599
LLUC109_RS11755	31	97.659	299	5	1	383	681	2034	1738	9.37e-146	512
LLUC109_RS11885	31	86.441	295	38	1	387	681	2030	1738	1.69e-88	322
LLUC109_RS11970	2	98.825	681	8	0	1	681	82882	83562	0.0	1214
LLUC109_RS11970	47	99.732	373	1	0	32	404	373	1	0.0	684
LLUC109_RS11970	23	98.556	277	4	0	405	681	1	277	4.39e-139	490
LLUC109_RS11970	44	99.242	264	2	0	418	681	1000	737	3.42e-135	477
LLUC109_RS11970	53	100.000	29	0	0	2	30	76	104	6.82e-08	54.7
LLUC109_RS12030	2	98.385	681	11	0	1	681	82882	83562	0.0	1197
LLUC109_RS12030	47	99.732	373	1	0	32	404	373	1	0.0	684
LLUC109_RS12030	23	99.639	277	1	0	405	681	1	277	4.36e-144	507
LLUC109_RS12030	44	98.106	264	5	0	418	681	1000	737	3.44e-130	460
LLUC109_RS12030	53	100.000	29	0	0	2	30	76	104	6.82e-08	54.7
LLUC109_RS12220	31	88.489	139	14	1	3	141	1874	1738	1.54e-42	167
LLUC06_RS12935	2	98.825	681	8	0	1	681	82882	83562	0.0	1214
LLUC06_RS12935	47	99.732	373	1	0	32	404	373	1	0.0	684
LLUC06_RS12935	23	98.556	277	4	0	405	681	1	277	4.39e-139	490
LLUC06_RS12935	44	99.242	264	2	0	418	681	1000	737	3.42e-135	477
LLUC06_RS12935	53	100.000	29	0	0	2	30	76	104	6.82e-08	54.7
LLUC06_RS12945	24	77.940	1301	273	14	27	1320	2264	971	0.0	800
LLUC06_RS12980	31	86.102	295	39	1	387	681	2030	1738	7.88e-87	316
LLUC06_RS13000	2	96.274	671	25	0	1	671	82882	83552	0.0	1101
LLUC06_RS13000	47	99.732	373	1	0	32	404	373	1	0.0	684
LLUC06_RS13000	23	93.502	277	18	0	405	681	1	277	9.77e-116	412
LLUC06_RS13000	44	92.520	254	19	0	418	671	1000	747	2.78e-101	364
LLUC06_RS13000	31	84.821	224	30	3	459	681	1958	1738	1.77e-58	222
LLUC06_RS13000	53	100.000	29	0	0	2	30	76	104	6.82e-08	54.7
LLUC06_RS13190	31	86.441	295	38	1	387	681	2030	1738	1.69e-88	322
LLUC06_RS13205	31	99.405	336	2	0	1	336	2365	2030	3.23e-175	610
LLUC06_RS13205	31	97.659	299	5	1	383	681	2034	1738	9.37e-146	512
LLUC06_RS13330	24	80.913	482	88	4	1	480	1450	971	2.48e-105	377
LLUC06_RS13480	2	96.423	671	24	0	1	671	82882	83552	0.0	1107
LLUC06_RS13480	47	99.732	373	1	0	32	404	373	1	0.0	684
LLUC06_RS13480	23	93.863	277	17	0	405	681	1	277	2.10e-117	418
LLUC06_RS13480	44	92.913	254	18	0	418	671	1000	747	5.97e-103	370
LLUC06_RS13480	31	85.268	224	29	3	459	681	1958	1738	3.80e-60	228
LLUC06_RS13480	53	100.000	29	0	0	2	30	76	104	6.82e-08	54.7
LLUC06_RS13525	2	96.633	683	19	4	1	681	82882	83562	0.0	1131
LLUC06_RS13525	47	96.000	375	11	4	32	404	373	1	4.18e-174	606
LLUC06_RS13525	23	98.917	277	3	0	405	681	1	277	9.43e-141	496
LLUC06_RS13525	44	98.864	264	3	0	418	681	1000	737	1.59e-133	472
LLUC06_RS13525	53	100.000	29	0	0	2	30	76	104	6.82e-08	54.7
LLUC06_RS13635	31	99.405	336	2	0	1	336	2365	2030	3.08e-175	610
LLUC06_RS13635	31	98.513	269	4	0	383	651	2034	1766	1.17e-134	475
LLUC06_RS13680	31	99.107	336	3	0	1	336	2365	2030	1.50e-173	604
LLUC06_RS13680	31	98.662	299	2	1	383	681	2034	1738	9.30e-151	529
LLUC06_RS13705	31	97.895	285	4	1	106	390	2020	1738	6.83e-140	492
AS858_RS00100	6	76.496	234	49	5	355	582	15797	15564	1.57e-28	122
AS858_RS15645	39	99.639	554	2	0	83	636	812	259	0.0	1013
AS858_RS00245	39	100.000	262	0	0	1	262	262	1	1.58e-137	484
AS858_RS00245	39	100.000	241	0	0	263	503	2460	2220	7.46e-126	446
AS858_RS00245	39	100.000	40	0	0	492	531	2219	2180	4.05e-14	75.0
AS858_RS00250	39	99.874	795	1	0	1	795	2087	1293	0.0	1463
AS858_RS15650	39	100.000	189	0	0	1	189	997	1185	1.99e-97	350
AS858_RS15655	39	99.038	208	1	1	1	207	1017	810	1.39e-103	372
AS858_RS16615	39	97.596	208	1	4	1	204	1017	810	5.00e-98	353
AS858_RS15695	39	97.895	190	0	4	1	187	997	1185	3.32e-90	326
AS858_RS00455	39	99.623	795	1	2	1	793	2087	1293	0.0	1450
AS858_RS00460	39	99.618	262	0	1	1	261	262	1	2.63e-135	477
AS858_RS00460	39	99.585	241	0	1	262	501	2460	2220	1.24e-123	438
AS858_RS00460	39	100.000	40	0	0	490	529	2219	2180	4.04e-14	75.0
AS858_RS16620	39	99.097	554	2	3	83	633	812	259	0.0	992
AS858_RS16660	39	98.077	208	1	2	1	205	1017	810	1.08e-99	359
AS858_RS15750	39	98.942	189	0	1	1	187	997	1185	1.53e-93	337
AS858_RS00600	39	99.748	795	1	1	1	794	2087	1293	0.0	1456
AS858_RS00605	39	99.187	246	0	2	1	245	262	18	4.26e-125	442
AS858_RS16665	39	98.741	556	2	5	83	635	812	259	0.0	983
AS858_RS00730	39	98.095	210	1	3	1	209	1017	810	7.41e-101	363
AS858_RS15810	39	98.413	189	0	3	1	188	997	1183	2.58e-91	329
AS858_RS00735	39	98.756	804	1	9	1	797	2087	1286	0.0	1421
AS858_RS00740	39	100.000	262	0	0	1	262	262	1	1.58e-137	484
AS858_RS00740	39	99.585	241	0	1	263	502	2460	2220	1.25e-123	438
AS858_RS00740	39	100.000	40	0	0	491	530	2219	2180	4.05e-14	75.0
AS858_RS16705	39	97.504	601	2	13	83	677	812	219	0.0	1014
C0W45_RS10195	2	98.238	681	12	0	1	681	82882	83562	0.0	1192
C0W45_RS10195	47	99.464	373	2	0	32	404	373	1	0.0	678
C0W45_RS10195	23	99.639	277	1	0	405	681	1	277	4.36e-144	507
C0W45_RS10195	44	98.106	264	5	0	418	681	1000	737	3.44e-130	460
C0W45_RS10195	53	100.000	29	0	0	2	30	76	104	6.82e-08	54.7
DNQ41_RS25035	38	99.729	738	2	0	1	738	2297	1560	0.0	1352
DNQ41_RS25040	38	97.222	72	2	0	25	96	2493	2422	2.16e-29	122
CXB69_RS10070	2	98.385	681	11	0	1	681	82882	83562	0.0	1197
CXB69_RS10070	47	99.464	373	2	0	32	404	373	1	0.0	678
CXB69_RS10070	23	98.921	278	2	1	404	681	1	277	9.43e-141	496
CXB69_RS10070	44	98.485	264	4	0	418	681	1000	737	7.40e-132	466
CXB69_RS10070	53	100.000	29	0	0	2	30	76	104	6.82e-08	54.7
CXB69_RS10135	2	98.385	681	11	0	1	681	82882	83562	0.0	1197
CXB69_RS10135	47	99.464	373	2	0	32	404	373	1	0.0	678
CXB69_RS10135	23	98.921	278	2	1	404	681	1	277	9.43e-141	496
CXB69_RS10135	44	98.485	264	4	0	418	681	1000	737	7.40e-132	466
CXB69_RS10135	53	100.000	29	0	0	2	30	76	104	6.82e-08	54.7
GZS16_RS23245	38	99.729	738	2	0	1	738	2297	1560	0.0	1352
GZS16_RS23250	38	97.222	72	2	0	25	96	2493	2422	2.16e-29	122
Y979_RS24780	8	94.271	1920	110	0	1	1920	34025	35944	0.0	2937
Y979_RS29125	8	99.145	117	1	0	1	117	33893	34009	5.69e-56	211
Y979_RS24785	8	98.907	183	2	0	1	183	33466	33648	9.01e-91	327
Y979_RS24870	8	100.000	149	0	0	1	149	33325	33473	2.64e-75	276
RG50_RS26730	38	99.729	738	2	0	1	738	2297	1560	0.0	1352
RG50_RS26735	38	97.222	72	2	0	25	96	2493	2422	2.16e-29	122
BE962_RS00865	8	99.383	324	2	0	1	324	33325	33648	6.96e-169	588
BE962_RS00870	8	100.000	87	0	0	1	87	33923	34009	4.03e-41	161
BE962_RS00875	8	94.219	1920	111	0	1	1920	34025	35944	0.0	2931
EGCR1_RS15060	28	78.715	249	45	8	5	249	6400	6644	5.63e-40	159
EGCR1_RS15395	2	85.938	64	9	0	502	565	135371	135434	6.26e-12	69.4
EGCR1_RS15915	7	77.691	1152	255	2	25	1175	107818	108968	0.0	702
EGCR1_RS16050	1	76.615	650	134	13	16	658	142299	141661	1.26e-94	342
EGCR1_RS16180	16	70.194	567	153	15	232	790	327	885	1.41e-20	97.1
EGCR1_RS16780	4	87.755	196	24	0	1	196	160241	160046	2.90e-61	230
EGCR1_RS17950	12	71.795	468	115	13	4	465	80118	80574	1.10e-26	117
EGCR1_RS18025	1	71.829	749	187	23	187	923	218866	218130	1.99e-49	193
EGCR1_RS18205	22	84.733	1048	146	10	1	1040	9474	10515	0.0	1037
EGCR1_RS18205	5	90.415	386	37	0	759	1144	82706	82321	2.06e-144	508
EGCR1_RS18335	31	98.182	275	5	0	512	786	2667	2941	3.06e-136	481
EGCR1_RS18420	31	99.736	757	2	0	423	1179	6131	5375	0.0	1387
EGCR1_RS18465	8	83.379	734	120	2	22	754	32902	33634	0.0	678
EGCR1_RS18490	2	98.385	681	11	0	1	681	82882	83562	0.0	1197
EGCR1_RS18490	47	99.464	373	2	0	32	404	373	1	0.0	678
EGCR1_RS18490	23	99.278	277	2	0	405	681	1	277	2.03e-142	501
EGCR1_RS18490	44	98.485	264	4	0	418	681	1000	737	7.40e-132	466
EGCR1_RS18490	53	100.000	29	0	0	2	30	76	104	6.82e-08	54.7
EGCR1_RS18560	2	97.651	681	16	0	1	681	82882	83562	0.0	1170
EGCR1_RS18560	47	98.928	373	4	0	32	404	373	1	0.0	667
EGCR1_RS18560	23	98.917	277	3	0	405	681	1	277	9.43e-141	496
EGCR1_RS18560	44	97.348	264	7	0	418	681	1000	737	7.45e-127	449
EGCR1_RS18560	53	100.000	29	0	0	2	30	76	104	6.82e-08	54.7
EGCR1_RS18615	2	97.797	681	15	0	1	681	82882	83562	0.0	1175
EGCR1_RS18615	47	99.196	373	3	0	32	404	373	1	0.0	673
EGCR1_RS18615	23	98.917	277	3	0	405	681	1	277	9.43e-141	496
EGCR1_RS18615	44	97.348	264	7	0	418	681	1000	737	7.45e-127	449
EGCR1_RS18615	53	100.000	29	0	0	2	30	76	104	6.82e-08	54.7
EGCR1_RS18635	44	97.556	532	13	0	1623	2154	683	152	0.0	911
EGCR1_RS18635	38	96.538	260	9	0	1895	2154	1389	1130	8.72e-121	431
EGCR1_RS18640	38	98.012	855	17	0	1	855	985	131	0.0	1485
EGCR1_RS18645	51	97.778	135	3	0	33	167	135	1	2.43e-62	233
EGCR1_RS18645	40	100.000	49	0	0	168	216	1	49	1.55e-19	91.6
EGCR1_RS18645	38	96.875	32	1	0	1	32	32	1	2.03e-08	54.7
EGCR1_RS18650	40	99.634	273	1	0	1	273	66	338	2.79e-142	499
EGCR1_RS18655	40	97.454	864	22	0	1	864	340	1203	0.0	1474
EGCR1_RS18660	40	99.371	318	2	0	1	318	1644	1961	1.48e-165	577
EGCR1_RS19100	2	97.801	682	13	2	1	681	82882	83562	0.0	1175
EGCR1_RS19100	47	99.196	373	3	0	32	404	373	1	0.0	673
EGCR1_RS19100	23	97.842	278	5	1	404	681	1	277	9.50e-136	479
EGCR1_RS19100	44	96.029	277	10	1	405	681	1012	737	7.45e-127	449
EGCR1_RS19100	53	100.000	29	0	0	2	30	76	104	6.82e-08	54.7
EGCR1_RS19145	44	98.947	95	1	0	1615	1709	683	589	1.67e-42	171
EGCR1_RS19150	27	94.167	240	14	0	1	240	9676	9437	2.58e-102	366
EGCR1_RS19190	2	98.091	681	13	0	1	681	82882	83562	0.0	1186
EGCR1_RS19190	47	99.196	373	3	0	32	404	373	1	0.0	673
EGCR1_RS19190	23	98.917	277	3	0	405	681	1	277	9.43e-141	496
EGCR1_RS19190	44	98.106	264	5	0	418	681	1000	737	3.44e-130	460
EGCR1_RS19190	53	100.000	29	0	0	2	30	76	104	6.82e-08	54.7
B7R44_RS00060	38	99.729	738	2	0	1	738	2297	1560	0.0	1352
B7R44_RS00065	38	97.222	72	2	0	25	96	2493	2422	2.16e-29	122
L3107_RS12340	31	99.405	336	2	0	1	336	2365	2030	2.98e-175	610
L3107_RS12340	31	99.187	246	2	0	383	628	2034	1789	3.20e-125	444
L3107_RS12365	31	99.405	336	2	0	1	336	2365	2030	3.33e-175	610
L3107_RS12365	31	98.780	246	3	0	383	628	2034	1789	1.66e-123	438
L3107_RS12500	31	86.102	295	39	1	375	669	2030	1738	7.74e-87	316
L3107_RS12615	31	97.993	299	4	1	311	609	2034	1738	1.79e-147	518
L3107_RS12615	31	98.106	264	5	0	1	264	2293	2030	3.07e-130	460
L3107_RS12630	31	100.000	77	0	0	1	77	2365	2289	1.27e-35	143
L3107_RS12640	6	91.549	71	6	0	4	74	155162	155092	2.59e-22	99.0
L3107_RS12640	6	91.549	71	6	0	4	74	155727	155657	2.59e-22	99.0
L3107_RS12690	31	98.810	336	4	0	1	336	2365	2030	6.99e-172	599
L3107_RS12690	31	98.328	299	3	1	383	681	2034	1738	4.33e-149	523
L3107_RS12775	31	86.441	295	38	1	387	681	2030	1738	1.69e-88	322
L3107_RS12800	31	100.000	42	0	0	1885	1926	2438	2397	1.17e-14	78.7
L3107_RS12815	2	98.385	681	11	0	1	681	82882	83562	0.0	1197
L3107_RS12815	47	99.196	373	3	0	32	404	373	1	0.0	673
L3107_RS12815	23	98.195	277	5	0	405	681	1	277	2.04e-137	484
L3107_RS12815	44	98.864	264	3	0	418	681	1000	737	1.59e-133	472
L3107_RS12815	53	100.000	29	0	0	2	30	76	104	6.82e-08	54.7
L3107_RS12830	31	86.102	295	39	1	387	681	2030	1738	7.88e-87	316
L3107_RS12885	31	96.396	111	2	1	1	111	1846	1738	4.19e-47	182
L3107_RS12895	31	86.102	295	39	1	387	681	2030	1738	7.88e-87	316
L3107_RS12995	2	94.784	671	35	0	1	671	82882	83552	0.0	1046
L3107_RS12995	47	99.464	373	2	0	32	404	373	1	0.0	678
L3107_RS12995	23	89.493	276	29	0	405	680	1	276	7.77e-97	350
L3107_RS12995	44	88.213	263	31	0	418	680	1000	738	2.83e-86	315
L3107_RS12995	31	85.650	223	28	3	459	680	1958	1739	2.94e-61	231
L3107_RS12995	53	100.000	29	0	0	2	30	76	104	6.82e-08	54.7
L3107_RS13000	31	100.000	113	0	0	1	113	2365	2253	1.98e-55	209
L3107_RS13050	31	99.702	336	1	0	1	336	2365	2030	6.94e-177	616
L3107_RS13050	31	97.659	299	5	1	383	681	2034	1738	9.37e-146	512
L3107_RS13160	31	93.421	152	10	0	1	152	2365	2214	7.38e-60	226
CKK51_RS00390	2	76.765	680	150	7	1	676	82882	83557	4.61e-104	374
CKK51_RS00390	47	79.730	370	71	4	37	404	368	1	2.90e-71	265
CKK51_RS00390	31	80.272	294	48	9	391	680	2026	1739	1.06e-55	213
DWV03_RS28090	38	99.593	738	3	0	1	738	2297	1560	0.0	1347
DWV03_RS28095	38	97.222	72	2	0	25	96	2493	2422	2.16e-29	122
BFC23_RS16310	20	72.062	1285	307	44	118	1376	27088	28346	1.27e-92	337
BFC23_RS17095	2	76.912	680	149	7	1	676	82882	83557	9.91e-106	379
BFC23_RS17095	47	80.000	370	70	4	37	404	368	1	6.22e-73	270
BFC23_RS17095	31	80.546	293	49	7	391	680	2026	1739	2.29e-57	219
BFC23_RS17240	31	95.392	217	10	0	371	587	2667	2883	9.73e-96	346
CXB56_RS01700	8	99.383	324	2	0	1	324	33325	33648	6.96e-169	588
CXB56_RS01710	8	98.291	117	2	0	1	117	33893	34009	2.65e-54	206
CXB56_RS01715	8	93.438	1920	126	0	1	1920	34025	35944	0.0	2848
NCHU2750_RS21925	41	80.934	1327	213	28	192	1484	1385	65	0.0	1013
NCHU2750_RS21935	46	92.424	66	5	0	8	73	591	526	3.48e-21	95.3
NCHU2750_RS21935	19	92.424	66	5	0	8	73	254	319	3.48e-21	95.3
NCHU2750_RS21940	36	81.986	1027	164	16	1689	2700	1346	326	0.0	852
NCHU2750_RS21940	36	73.371	1059	232	44	405	1440	2723	1692	1.18e-95	348
D8N35_RS17755	40	99.686	318	1	0	1	318	1644	1961	3.17e-167	582
D8N35_RS17760	40	97.436	117	3	0	1	117	1087	1203	1.23e-52	200
D8N35_RS17790	40	99.074	864	8	0	1	864	340	1203	0.0	1552
D8N35_RS17795	40	99.267	273	2	0	1	273	66	338	1.30e-140	494
D8N35_RS17800	51	100.000	135	0	0	33	167	135	1	2.41e-67	250
D8N35_RS17800	40	100.000	49	0	0	168	216	1	49	1.55e-19	91.6
D8N35_RS17800	38	100.000	32	0	0	1	32	32	1	4.36e-10	60.2
D8N35_RS17800	44	100.000	31	0	0	1	31	32	2	1.57e-09	58.4
D8N35_RS17805	38	99.532	855	4	0	1	855	985	131	0.0	1557
D8N35_RS17820	39	100.000	262	0	0	1	262	262	1	8.37e-138	484
D8N35_RS17825	39	100.000	554	0	0	356	909	812	259	0.0	1024
D8N35_RS17830	38	97.872	141	3	0	1	141	1414	1274	6.93e-66	244
D8N35_RS17830	44	99.138	116	1	0	26	141	411	296	2.53e-55	209
D8N35_RS17840	38	100.000	738	0	0	1	738	2297	1560	0.0	1363
D8N35_RS17845	38	100.000	84	0	0	1	84	2505	2422	1.79e-39	156
D8N35_RS17850	38	100.000	101	0	0	12	112	2626	2526	9.10e-49	187
D8N35_RS17855	39	100.000	795	0	0	1	795	2087	1293	0.0	1469
D8N35_RS17860	38	100.000	738	0	0	1	738	2297	1560	0.0	1363
D8N35_RS17865	38	100.000	84	0	0	1	84	2505	2422	1.79e-39	156
D8N35_RS17870	51	100.000	135	0	0	33	167	135	1	3.06e-67	250
D8N35_RS17870	38	97.087	103	1	1	168	270	2626	2526	6.82e-44	172
D8N35_RS17870	38	100.000	31	0	0	1	31	32	2	1.99e-09	58.4
D8N35_RS17870	44	100.000	32	0	0	1	32	32	1	5.54e-10	60.2
D8N35_RS17875	44	99.060	532	5	0	1614	2145	683	152	0.0	955
D8N35_RS17875	38	94.231	260	15	0	1886	2145	1389	1130	8.81e-111	398
D8N35_RS17895	31	94.792	192	10	0	10	201	2750	2941	2.18e-82	300
D8N35_RS17900	21	78.710	310	59	7	34	339	21803	22109	1.43e-51	200
D8N35_RS18070	23	100.000	29	0	0	1	29	304	332	2.67e-08	54.7
D8N35_RS18070	44	100.000	28	0	0	1	28	710	683	9.61e-08	52.8
D8N35_RS18070	2	100.000	28	0	0	1	28	83589	83616	9.61e-08	52.8
D8N35_RS18075	2	98.227	677	12	0	5	681	82886	83562	0.0	1184
D8N35_RS18075	47	99.732	373	1	0	32	404	373	1	0.0	684
D8N35_RS18075	23	98.917	277	3	0	405	681	1	277	9.43e-141	496
D8N35_RS18075	44	98.106	264	5	0	418	681	1000	737	3.44e-130	460
D8N35_RS18090	2	97.944	681	14	0	1	681	82882	83562	0.0	1181
D8N35_RS18090	47	99.732	373	1	0	32	404	373	1	0.0	684
D8N35_RS18090	23	98.917	277	3	0	405	681	1	277	9.43e-141	496
D8N35_RS18090	44	97.348	264	7	0	418	681	1000	737	7.45e-127	449
EAH50_RS25325	8	100.000	28	0	0	204	231	36269	36242	7.86e-08	52.8
EAH50_RS00195	8	89.222	167	18	0	2	168	36068	36234	3.09e-55	209
EAH50_RS00200	8	93.854	1920	118	0	1	1920	34025	35944	0.0	2892
EAH50_RS00205	8	95.726	117	5	0	1	117	33893	34009	2.67e-49	189
EAH50_RS00210	8	96.368	468	17	0	1	468	33181	33648	0.0	771
EAH50_RS00575	38	99.729	738	2	0	1	738	2297	1560	0.0	1352
EAH50_RS00580	38	97.222	72	2	0	25	96	2493	2422	2.16e-29	122
GL982_RS10335	2	71.429	602	132	32	199	783	293450	292872	7.65e-28	122
C9J79_RS09710	39	100.000	494	0	0	104	597	752	259	0.0	913
C9J79_RS09715	39	100.000	281	0	0	263	543	2460	2180	4.43e-148	520
C9J79_RS09715	39	99.618	262	1	0	1	262	262	1	7.53e-136	479
C9J79_RS09720	39	100.000	795	0	0	1	795	2087	1293	0.0	1469
EG819_RS27405	38	99.729	738	2	0	1	738	2297	1560	0.0	1352
EG819_RS27410	38	97.222	72	2	0	25	96	2493	2422	2.16e-29	122
GTK48_RS22865	8	96.368	468	17	0	1	468	33181	33648	0.0	771
GTK48_RS22870	8	95.726	117	5	0	1	117	33893	34009	2.67e-49	189
GTK48_RS22875	8	93.854	1920	118	0	1	1920	34025	35944	0.0	2892
GTK64_RS22610	8	96.368	468	17	0	1	468	33181	33648	0.0	771
GTK64_RS22615	8	95.726	117	5	0	1	117	33893	34009	2.67e-49	189
GTK64_RS22620	8	93.854	1920	118	0	1	1920	34025	35944	0.0	2892
EL353_RS13760	42	75.746	503	116	4	752	1251	640	141	5.44e-66	248
EL353_RS13875	31	86.658	757	99	2	422	1176	6131	5375	0.0	837
EL353_RS13890	3	76.746	1217	277	6	28	1241	324012	322799	0.0	675
EL353_RS13930	27	91.549	213	18	0	7	219	9649	9437	1.12e-80	294
EL353_RS13930	31	85.380	171	23	2	1	170	5581	5412	4.22e-45	176
EL353_RS13945	2	96.145	441	14	1	212	652	83125	83562	0.0	717
EL353_RS13945	2	99.558	226	1	0	1	226	82882	83107	9.34e-116	412
EL353_RS13945	23	98.571	280	1	1	373	652	1	277	1.17e-139	492
EL353_RS13945	44	97.004	267	5	1	386	652	1000	737	9.21e-126	446
EL353_RS13945	47	99.487	195	1	0	32	226	373	179	1.60e-98	355
EL353_RS13945	47	98.710	155	2	0	218	372	155	1	1.28e-74	276
EL353_RS13945	53	100.000	29	0	0	2	30	76	104	6.52e-08	54.7
EL353_RS13995	22	82.339	821	141	4	1	819	20706	21524	0.0	710
EL353_RS14000	22	80.615	650	120	6	37	683	20514	19868	2.66e-141	497
EL353_RS14005	22	81.921	1510	259	14	1	1503	19850	18348	0.0	1264
EL353_RS14020	21	99.484	1163	6	0	1	1163	21773	22935	0.0	2115
EL353_RS14100	21	99.398	1163	7	0	1	1163	21773	22935	0.0	2109
EL353_RS14110	21	99.691	1293	4	0	1	1293	20634	19342	0.0	2366
EL353_RS14115	21	100.000	261	0	0	1	261	21168	20908	2.69e-137	483
EL353_RS14120	31	86.658	757	101	0	423	1179	6131	5375	0.0	839
EL353_RS14135	21	99.495	396	2	0	1	396	23878	23483	0.0	721
EL353_RS14140	21	99.647	849	3	0	1	849	24739	23891	0.0	1552
EL353_RS14145	21	100.000	828	0	0	1	828	25581	24754	0.0	1530
EL353_RS14150	21	99.764	846	2	0	1	846	26438	25593	0.0	1552
EL353_RS14155	21	99.573	1170	5	0	1	1170	26692	27861	0.0	2134
EL353_RS14160	21	100.000	39	0	0	1282	1320	28224	28186	3.71e-13	73.1
EL353_RS14165	35	100.000	566	0	0	1	566	3513	4078	0.0	1046
EL353_RS14175	35	98.824	85	1	0	1	85	3241	3157	3.26e-37	152
EL353_RS14250	35	95.978	1069	42	1	228	1296	3156	2089	0.0	1735
EL353_RS14265	35	99.855	1377	2	0	1	1377	582	1958	0.0	2532
EL353_RS14270	35	100.000	582	0	0	76	657	1	582	0.0	1075
EL353_RS14275	27	99.596	1237	5	0	1	1237	12696	13932	0.0	2257
EL353_RS14280	27	98.969	97	1	0	60	156	12581	12677	1.04e-44	174
EL353_RS14290	27	99.715	351	1	0	1	351	12024	12374	0.0	643
EL353_RS14290	21	100.000	100	0	0	351	450	21579	21678	1.51e-47	185
EL353_RS15110	27	97.790	543	1	1	1	543	11337	11868	0.0	926
EL353_RS14315	31	87.629	194	24	0	23	216	5568	5375	4.06e-60	226
EL353_RS14340	27	98.741	1191	15	0	1	1191	10627	9437	0.0	2117
EL353_RS14340	31	97.015	134	3	1	226	358	6261	6128	8.72e-59	224
EL353_RS14340	21	100.000	65	0	0	1	65	21464	21400	1.18e-27	121
EL353_RS14355	31	98.512	336	5	0	1	336	2365	2030	3.25e-170	593
EL353_RS14355	31	97.659	299	5	1	383	681	2034	1738	9.37e-146	512
EL353_RS14410	2	98.238	681	12	0	1	681	82882	83562	0.0	1192
EL353_RS14410	47	99.732	373	1	0	32	404	373	1	0.0	684
EL353_RS14410	23	99.639	277	1	0	405	681	1	277	4.36e-144	507
EL353_RS14410	44	98.106	264	5	0	418	681	1000	737	3.44e-130	460
EL353_RS14415	21	97.949	195	4	0	1	195	21773	21967	4.47e-94	339
EL353_RS14530	21	99.398	1163	7	0	1	1163	21773	22935	0.0	2109
EL353_RS14565	21	99.398	1163	7	0	1	1163	21773	22935	0.0	2109
EL353_RS14620	27	89.130	1196	120	8	1	1191	10627	9437	0.0	1480
EL353_RS14690	2	98.385	681	11	0	1	681	82882	83562	0.0	1197
EL353_RS14690	47	99.732	373	1	0	32	404	373	1	0.0	684
EL353_RS14690	23	98.917	277	3	0	405	681	1	277	9.43e-141	496
EL353_RS14690	44	98.106	264	5	0	418	681	1000	737	3.44e-130	460
EL353_RS14690	53	100.000	29	0	0	2	30	76	104	6.82e-08	54.7
EL353_RS14735	2	98.385	681	11	0	1	681	82882	83562	0.0	1197
EL353_RS14735	47	99.732	373	1	0	32	404	373	1	0.0	684
EL353_RS14735	23	99.639	277	1	0	405	681	1	277	4.36e-144	507
EL353_RS14735	44	98.106	264	5	0	418	681	1000	737	3.44e-130	460
EL353_RS14735	53	100.000	29	0	0	2	30	76	104	6.82e-08	54.7
EL353_RS14770	2	98.385	681	11	0	1	681	82882	83562	0.0	1197
EL353_RS14770	47	99.732	373	1	0	32	404	373	1	0.0	684
EL353_RS14770	23	99.639	277	1	0	405	681	1	277	4.36e-144	507
EL353_RS14770	44	98.106	264	5	0	418	681	1000	737	3.44e-130	460
EL353_RS14770	53	100.000	29	0	0	2	30	76	104	6.82e-08	54.7
EL353_RS14815	39	81.762	488	87	2	356	842	812	326	5.81e-114	407
EL353_RS14865	8	100.000	315	0	0	1	315	22238	22552	3.14e-167	582
EL353_RS14870	8	100.000	387	0	0	1	387	22568	22954	0.0	715
EL353_RS14875	8	100.000	1386	0	0	1	1386	22983	24368	0.0	2560
EL353_RS14880	8	100.000	153	0	0	1	153	24371	24523	1.61e-77	283
EL353_RS14885	8	99.917	1206	1	0	1	1206	24546	25751	0.0	2222
EL353_RS14890	8	100.000	222	0	0	1	222	25794	26015	1.08e-115	411
EL353_RS14895	8	100.000	498	0	0	1	498	26132	26629	0.0	920
EL353_RS14900	8	100.000	507	0	0	1	507	26604	27110	0.0	937
EL353_RS14905	8	99.918	2448	2	0	1	2448	27094	29541	0.0	4510
EL353_RS14910	8	92.132	2186	156	7	1	2178	29544	31721	0.0	3070
EL353_RS14915	8	99.501	1002	5	0	1	1002	31718	32719	0.0	1823
EL353_RS14920	8	99.786	933	2	0	1	933	32716	33648	0.0	1712
EL353_RS14930	8	99.145	117	1	0	1	117	33893	34009	5.69e-56	211
EL353_RS14935	8	96.458	1920	68	0	1	1920	34025	35944	0.0	3169
LLCC_RS12440	31	98.810	336	3	1	1	335	2365	2030	2.51e-171	597
LLCC_RS12440	31	97.993	299	4	1	382	680	2034	1738	2.01e-147	518
LLCC_RS12525	31	86.441	295	38	1	387	681	2030	1738	1.69e-88	322
LLCC_RS12550	31	100.000	42	0	0	1885	1926	2438	2397	1.17e-14	78.7
LLCC_RS12690	24	77.940	1301	273	14	27	1320	2264	971	0.0	800
LLCC_RS12770	2	85.630	675	89	8	1	671	82882	83552	0.0	702
LLCC_RS12770	47	95.399	326	13	2	32	356	373	49	2.01e-147	518
LLCC_RS12770	31	86.620	284	36	1	397	680	2020	1739	1.02e-85	313
LLCC_RS12770	53	100.000	29	0	0	2	30	76	104	6.82e-08	54.7
LLCC_RS12790	44	99.163	239	2	0	146	384	975	737	1.49e-121	431
LLCC_RS12790	2	98.760	242	3	0	143	384	83321	83562	1.49e-121	431
LLCC_RS12790	2	87.586	145	18	0	1	145	82918	83062	1.29e-42	169
LLCC_RS12790	23	97.934	242	5	0	143	384	36	277	3.22e-118	420
LLCC_RS12790	31	91.852	135	11	0	7	141	2323	2189	9.88e-49	189
LLCC_RS12790	47	87.586	145	18	0	1	145	368	224	1.29e-42	169
LLCC_RS12900	31	98.810	336	4	0	1	336	2365	2030	6.99e-172	599
LLCC_RS12900	31	97.993	299	4	1	383	681	2034	1738	2.01e-147	518
LLCC_RS12910	6	91.549	71	6	0	4	74	155162	155092	2.59e-22	99.0
LLCC_RS12910	6	91.549	71	6	0	4	74	155727	155657	2.59e-22	99.0
LLCC_RS13325	31	99.405	336	2	0	1	336	2365	2030	3.23e-175	610
LLCC_RS13325	31	97.324	299	6	1	383	681	2034	1738	4.36e-144	507
LLCC_RS13345	31	99.405	336	2	0	1	336	2365	2030	2.98e-175	610
LLCC_RS13345	31	99.187	246	2	0	383	628	2034	1789	3.20e-125	444
LLCC_RS13515	31	99.405	336	2	0	1	336	2365	2030	3.23e-175	610
LLCC_RS13515	31	97.659	299	5	1	383	681	2034	1738	9.37e-146	512
LLCC_RS13560	31	97.297	111	1	1	1	111	1846	1738	9.00e-49	187
LLCC_RS13610	31	99.405	336	2	0	1	336	2365	2030	3.23e-175	610
LLCC_RS13610	31	97.659	299	5	1	383	681	2034	1738	9.37e-146	512
LLCC_RS13660	31	98.512	336	4	1	1	335	2365	2030	7.38e-170	592
LLCC_RS13660	31	100.000	55	0	0	382	436	2034	1980	1.52e-22	102
DWB25_RS27910	8	100.000	28	0	0	204	231	36269	36242	7.86e-08	52.8
DWB25_RS25005	8	89.222	167	18	0	2	168	36068	36234	3.09e-55	209
DWB25_RS25010	8	93.854	1920	118	0	1	1920	34025	35944	0.0	2892
DWB25_RS25015	8	95.726	117	5	0	1	117	33893	34009	2.67e-49	189
DWB25_RS25020	8	96.368	468	17	0	1	468	33181	33648	0.0	771
BtSCAC15_RS29715	6	95.946	74	3	0	1	74	155960	155887	5.54e-29	121
BtSCAC15_RS30375	42	78.194	454	97	2	805	1257	593	141	3.22e-78	289
CFM90_RS26185	41	79.501	1322	224	37	246	1541	1368	68	0.0	896
CFM90_RS26200	36	80.642	1028	175	19	1760	2771	1345	326	0.0	774
CFM90_RS26200	36	75.862	1044	220	31	377	1401	2718	1688	2.45e-142	503
ENE68_RS22415	8	99.383	324	2	0	1	324	33325	33648	6.96e-169	588
ENE68_RS22425	8	98.291	117	2	0	1	117	33893	34009	2.65e-54	206
ENE68_RS22430	8	94.271	1920	109	1	1	1919	34025	35944	0.0	2935
CRG85_RS23665	8	99.383	324	2	0	1	324	33325	33648	6.96e-169	588
CRG85_RS23675	8	99.145	117	1	0	1	117	33893	34009	5.69e-56	211
CRG85_RS23680	8	94.271	1920	110	0	1	1920	34025	35944	0.0	2937
EQB37_RS14155	42	75.746	503	116	4	752	1251	640	141	5.44e-66	248
EQB37_RS14270	31	86.658	757	101	0	423	1179	6131	5375	0.0	839
EQB37_RS14285	3	76.746	1217	277	6	28	1241	324012	322799	0.0	675
EQB37_RS14325	27	91.549	213	18	0	7	219	9649	9437	1.12e-80	294
EQB37_RS14325	31	85.380	171	23	2	1	170	5581	5412	4.22e-45	176
EQB37_RS14340	2	96.145	441	14	1	212	652	83125	83562	0.0	717
EQB37_RS14340	2	99.558	226	1	0	1	226	82882	83107	9.34e-116	412
EQB37_RS14340	23	98.571	280	1	1	373	652	1	277	1.17e-139	492
EQB37_RS14340	44	97.004	267	5	1	386	652	1000	737	9.21e-126	446
EQB37_RS14340	47	99.487	195	1	0	32	226	373	179	1.60e-98	355
EQB37_RS14340	47	98.710	155	2	0	218	372	155	1	1.28e-74	276
EQB37_RS14340	53	100.000	29	0	0	2	30	76	104	6.52e-08	54.7
EQB37_RS14390	22	82.339	821	141	4	1	819	20706	21524	0.0	710
EQB37_RS14395	22	80.615	650	120	6	37	683	20514	19868	2.66e-141	497
EQB37_RS14400	22	81.921	1510	259	14	1	1503	19850	18348	0.0	1264
EQB37_RS14415	21	99.484	1163	6	0	1	1163	21773	22935	0.0	2115
EQB37_RS14440	35	98.824	85	1	0	1	85	3241	3157	4.47e-37	152
EQB37_RS14485	21	99.484	1163	6	0	1	1163	21773	22935	0.0	2115
EQB37_RS14490	21	99.691	1293	4	0	1	1293	20634	19342	0.0	2366
EQB37_RS14495	21	100.000	261	0	0	1	261	21168	20908	2.69e-137	483
EQB37_RS14500	31	86.658	757	101	0	423	1179	6131	5375	0.0	839
EQB37_RS14515	21	99.495	396	2	0	1	396	23878	23483	0.0	721
EQB37_RS14520	21	99.647	849	3	0	1	849	24739	23891	0.0	1552
EQB37_RS14525	21	100.000	828	0	0	1	828	25581	24754	0.0	1530
EQB37_RS14530	21	99.764	846	2	0	1	846	26438	25593	0.0	1552
EQB37_RS14535	21	99.588	486	2	0	1	486	26692	27177	0.0	887
EQB37_RS14555	21	99.425	696	3	1	1	696	27167	27861	0.0	1262
EQB37_RS14560	2	98.385	681	11	0	1	681	82882	83562	0.0	1197
EQB37_RS14560	47	99.732	373	1	0	32	404	373	1	0.0	684
EQB37_RS14560	23	98.917	277	3	0	405	681	1	277	9.43e-141	496
EQB37_RS14560	44	98.106	264	5	0	418	681	1000	737	3.44e-130	460
EQB37_RS14560	53	100.000	29	0	0	2	30	76	104	6.82e-08	54.7
EQB37_RS14585	23	98.305	177	3	0	1	177	101	277	8.74e-86	311
EQB37_RS14585	44	97.740	177	4	0	1	177	913	737	4.07e-84	305
EQB37_RS14585	2	97.740	177	4	0	1	177	83386	83562	4.07e-84	305
EQB37_RS14605	31	99.702	336	1	0	1	336	2365	2030	6.94e-177	616
EQB37_RS14605	31	98.328	299	3	1	383	681	2034	1738	4.33e-149	523
EQB37_RS14615	2	97.082	377	11	0	5	381	83186	83562	0.0	636
EQB37_RS14615	23	99.278	277	2	0	105	381	1	277	1.11e-142	501
EQB37_RS14615	44	97.727	264	6	0	118	381	1000	737	8.75e-129	455
EQB37_RS14615	47	100.000	100	0	0	5	104	100	1	1.27e-47	185
EQB37_RS14630	31	99.702	336	1	0	1	336	2365	2030	6.94e-177	616
EQB37_RS14630	31	98.328	299	3	1	383	681	2034	1738	4.33e-149	523
EQB37_RS14655	21	91.925	161	13	0	66	226	12581	12421	7.78e-60	226
EQB37_RS14675	2	98.238	681	12	0	1	681	82882	83562	0.0	1192
EQB37_RS14675	47	99.464	373	2	0	32	404	373	1	0.0	678
EQB37_RS14675	23	99.639	277	1	0	405	681	1	277	4.36e-144	507
EQB37_RS14675	44	98.106	264	5	0	418	681	1000	737	3.44e-130	460
EQB37_RS14675	53	100.000	29	0	0	2	30	76	104	6.82e-08	54.7
EQB37_RS14680	21	100.000	39	0	0	1282	1320	28224	28186	3.71e-13	73.1
EQB37_RS14685	35	100.000	566	0	0	1	566	3513	4078	0.0	1046
EQB37_RS14695	35	98.824	85	1	0	1	85	3241	3157	4.47e-37	152
EQB37_RS14700	9	80.039	1538	296	10	33	1566	82096	83626	0.0	1129
EQB37_RS14825	35	98.824	85	1	0	1	85	3241	3157	4.47e-37	152
EQB37_RS14880	21	89.243	1097	118	0	1	1097	20634	19538	0.0	1373
EQB37_RS14885	35	99.927	1377	1	0	1	1377	582	1958	0.0	2538
EQB37_RS14890	35	100.000	582	0	0	76	657	1	582	0.0	1075
EQB37_RS14895	27	99.677	1237	4	0	1	1237	12696	13932	0.0	2263
EQB37_RS14900	27	98.969	97	1	0	60	156	12581	12677	1.04e-44	174
EQB37_RS14910	27	99.715	351	1	0	1	351	12024	12374	0.0	643
EQB37_RS14910	21	99.000	100	1	0	351	450	21579	21678	7.02e-46	180
EQB37_RS15940	27	97.790	543	1	1	1	543	11337	11868	0.0	926
EQB37_RS14930	2	98.238	681	12	0	1	681	82882	83562	0.0	1192
EQB37_RS14930	47	99.732	373	1	0	32	404	373	1	0.0	684
EQB37_RS14930	23	99.639	277	1	0	405	681	1	277	4.36e-144	507
EQB37_RS14930	44	98.106	264	5	0	418	681	1000	737	3.44e-130	460
EQB37_RS15220	42	75.746	503	116	4	752	1251	640	141	5.44e-66	248
EQB37_RS15315	22	83.788	586	95	0	8	593	23084	23669	3.84e-159	556
EQB37_RS15345	44	97.260	73	2	0	3	75	809	737	4.36e-30	124
EQB37_RS15345	23	97.260	73	2	0	3	75	205	277	4.36e-30	124
EQB37_RS15345	2	97.260	73	2	0	3	75	83490	83562	4.36e-30	124
EQB37_RS15355	2	98.390	621	10	0	1	621	82882	83502	0.0	1092
EQB37_RS15355	47	99.732	373	1	0	32	404	373	1	0.0	684
EQB37_RS15355	23	100.000	216	0	0	405	620	1	216	7.54e-112	399
EQB37_RS15355	44	97.585	207	5	0	418	624	1000	794	1.66e-98	355
EQB37_RS15355	53	100.000	29	0	0	2	30	76	104	6.76e-08	54.7
EQB37_RS15390	2	98.385	681	11	0	1	681	82882	83562	0.0	1197
EQB37_RS15390	47	99.732	373	1	0	32	404	373	1	0.0	684
EQB37_RS15390	23	99.639	277	1	0	405	681	1	277	4.36e-144	507
EQB37_RS15390	44	98.106	264	5	0	418	681	1000	737	3.44e-130	460
EQB37_RS15390	53	100.000	29	0	0	2	30	76	104	6.82e-08	54.7
EQB37_RS15400	2	98.385	681	11	0	1	681	82882	83562	0.0	1197
EQB37_RS15400	47	99.732	373	1	0	32	404	373	1	0.0	684
EQB37_RS15400	23	99.639	277	1	0	405	681	1	277	4.36e-144	507
EQB37_RS15400	44	98.106	264	5	0	418	681	1000	737	3.44e-130	460
EQB37_RS15400	53	100.000	29	0	0	2	30	76	104	6.82e-08	54.7
EQB37_RS15415	31	86.658	757	101	0	423	1179	6131	5375	0.0	839
EQB37_RS15460	2	98.238	681	12	0	1	681	82882	83562	0.0	1192
EQB37_RS15460	47	99.732	373	1	0	32	404	373	1	0.0	684
EQB37_RS15460	23	99.278	277	2	0	405	681	1	277	2.03e-142	501
EQB37_RS15460	44	97.727	264	6	0	418	681	1000	737	1.60e-128	455
EQB37_RS15460	53	100.000	29	0	0	2	30	76	104	6.82e-08	54.7
EQB37_RS15465	44	100.000	34	0	0	864	897	681	714	1.51e-10	63.9
EQB37_RS15465	23	97.222	36	1	0	862	897	335	300	5.41e-10	62.1
EQB37_RS15465	2	100.000	33	0	0	865	897	83617	83585	5.41e-10	62.1
EQB37_RS15490	8	96.302	1352	50	0	14	1365	34593	35944	0.0	2220
EQB37_RS15495	2	98.385	681	11	0	1	681	82882	83562	0.0	1197
EQB37_RS15495	47	99.732	373	1	0	32	404	373	1	0.0	684
EQB37_RS15495	23	99.639	277	1	0	405	681	1	277	4.36e-144	507
EQB37_RS15495	44	98.106	264	5	0	418	681	1000	737	3.44e-130	460
EQB37_RS15495	53	100.000	29	0	0	2	30	76	104	6.82e-08	54.7
EQB37_RS15500	38	98.062	258	5	0	1	258	388	131	2.69e-127	449
EQB37_RS15505	51	100.000	135	0	0	33	167	135	1	2.41e-67	250
EQB37_RS15505	38	100.000	32	0	0	1	32	32	1	4.36e-10	60.2
EQB37_RS15505	44	100.000	31	0	0	1	31	32	2	1.57e-09	58.4
EQB37_RS15510	40	97.802	273	6	0	1	273	66	338	6.08e-134	472
EQB37_RS15515	40	96.412	864	31	0	1	864	340	1203	0.0	1424
EQB37_RS15520	38	99.729	738	2	0	1	738	2297	1560	0.0	1352
EQB37_RS15525	38	98.810	84	1	0	1	84	2505	2422	8.34e-38	150
EQB37_RS15530	38	100.000	101	0	0	12	112	2626	2526	9.10e-49	187
EQB37_RS15535	39	100.000	795	0	0	1	795	2087	1293	0.0	1469
EQB37_RS15540	39	100.000	252	0	0	1	252	2431	2180	2.60e-132	466
EQB37_RS15555	39	100.000	229	0	0	1	229	262	34	1.57e-119	424
EQB37_RS15560	39	100.000	554	0	0	356	909	812	259	0.0	1024
EQB37_RS15585	35	98.824	85	1	0	1	85	3241	3157	4.47e-37	152
EQB37_RS15605	23	100.000	31	0	0	1	31	302	332	3.43e-09	58.4
EQB37_RS15605	44	100.000	30	0	0	1	30	712	683	1.24e-08	56.5
EQB37_RS15605	2	100.000	30	0	0	1	30	83587	83616	1.24e-08	56.5
EQB37_RS15610	2	98.385	681	11	0	1	681	82882	83562	0.0	1197
EQB37_RS15610	47	99.732	373	1	0	32	404	373	1	0.0	684
EQB37_RS15610	23	99.639	277	1	0	405	681	1	277	4.36e-144	507
EQB37_RS15610	44	98.106	264	5	0	418	681	1000	737	3.44e-130	460
EQB37_RS15610	53	100.000	29	0	0	2	30	76	104	6.82e-08	54.7
EQB37_RS15635	2	98.385	681	11	0	1	681	82882	83562	0.0	1197
EQB37_RS15635	47	99.732	373	1	0	32	404	373	1	0.0	684
EQB37_RS15635	23	99.639	277	1	0	405	681	1	277	4.36e-144	507
EQB37_RS15635	44	98.106	264	5	0	418	681	1000	737	3.44e-130	460
EQB37_RS15635	53	100.000	29	0	0	2	30	76	104	6.82e-08	54.7
EQB37_RS15660	21	99.484	1163	6	0	1	1163	21773	22935	0.0	2115
EQB37_RS15665	21	100.000	35	0	0	221	255	21698	21732	1.12e-11	65.8
EQB50_RS13655	21	99.226	1163	8	1	1	1162	21773	22935	0.0	2097
EQB50_RS13705	42	75.746	503	116	4	752	1251	640	141	5.44e-66	248
EQB50_RS13860	2	98.238	681	12	0	1	681	82882	83562	0.0	1192
EQB50_RS13860	47	99.464	373	2	0	32	404	373	1	0.0	678
EQB50_RS13860	23	99.278	277	2	0	405	681	1	277	2.03e-142	501
EQB50_RS13860	44	98.106	264	5	0	418	681	1000	737	3.44e-130	460
EQB50_RS13860	53	100.000	29	0	0	2	30	76	104	6.82e-08	54.7
EQB50_RS13920	22	82.339	821	141	4	1	819	20706	21524	0.0	710
EQB50_RS13925	22	80.615	650	120	6	37	683	20514	19868	2.66e-141	497
EQB50_RS13930	22	81.921	1510	259	14	1	1503	19850	18348	0.0	1264
EQB50_RS13940	21	99.484	1163	6	0	1	1163	21773	22935	0.0	2115
EQB50_RS13980	31	86.658	757	101	0	423	1179	6131	5375	0.0	839
EQB50_RS14085	2	94.048	672	38	2	1	671	82882	83552	0.0	1018
EQB50_RS14085	47	99.196	373	3	0	32	404	373	1	0.0	673
EQB50_RS14085	23	88.489	278	30	2	405	681	1	277	2.18e-92	335
EQB50_RS14085	31	92.377	223	15	1	459	681	1958	1738	7.88e-87	316
EQB50_RS14085	44	87.451	255	30	2	418	671	1000	747	1.33e-79	292
EQB50_RS14085	53	100.000	29	0	0	2	30	76	104	6.82e-08	54.7
EQB50_RS14090	53	100.000	37	0	0	1290	1326	1	37	4.82e-12	69.4
EQB50_RS14090	2	100.000	37	0	0	1290	1326	82808	82844	4.82e-12	69.4
EQB50_RS14190	31	99.604	757	3	0	423	1179	6131	5375	0.0	1382
EQB50_RS14190	31	99.254	134	0	1	226	358	6261	6128	8.57e-64	241
EQB50_RS14190	27	84.922	829	109	13	1	821	10627	9807	0.0	824
EQB50_RS14190	21	100.000	65	0	0	1	65	21464	21400	1.16e-27	121
EQB50_RS14290	2	98.385	681	11	0	1	681	82882	83562	0.0	1197
EQB50_RS14290	47	99.732	373	1	0	32	404	373	1	0.0	684
EQB50_RS14290	23	99.639	277	1	0	405	681	1	277	4.36e-144	507
EQB50_RS14290	44	98.106	264	5	0	418	681	1000	737	3.44e-130	460
EQB50_RS14290	53	100.000	29	0	0	2	30	76	104	6.82e-08	54.7
EQB50_RS14295	51	100.000	135	0	0	33	167	135	1	3.06e-67	250
EQB50_RS14295	38	97.087	103	1	1	168	270	2626	2526	6.82e-44	172
EQB50_RS14295	38	100.000	31	0	0	1	31	32	2	1.99e-09	58.4
EQB50_RS14295	44	100.000	32	0	0	1	32	32	1	5.54e-10	60.2
EQB50_RS14300	38	100.000	84	0	0	1	84	2505	2422	1.79e-39	156
EQB50_RS14305	38	99.729	738	2	0	1	738	2297	1560	0.0	1352
EQB50_RS14315	44	98.462	260	4	0	2	261	411	152	4.53e-130	459
EQB50_RS14315	38	95.019	261	13	0	1	261	1390	1130	1.29e-115	411
EQB50_RS14340	39	100.000	554	0	0	356	909	812	259	0.0	1024
EQB50_RS14345	39	100.000	281	0	0	263	543	2460	2180	4.43e-148	520
EQB50_RS14345	39	100.000	262	0	0	1	262	262	1	1.62e-137	484
EQB50_RS14350	39	100.000	795	0	0	1	795	2087	1293	0.0	1469
EQB50_RS14355	39	100.000	189	0	0	1	189	997	1185	1.99e-97	350
EQB50_RS14360	39	100.000	102	0	0	1	102	1017	916	2.58e-49	189
EQB50_RS14365	2	98.385	681	11	0	1	681	82882	83562	0.0	1197
EQB50_RS14365	47	99.732	373	1	0	32	404	373	1	0.0	684
EQB50_RS14365	23	99.639	277	1	0	405	681	1	277	4.36e-144	507
EQB50_RS14365	44	98.106	264	5	0	418	681	1000	737	3.44e-130	460
EQB50_RS14365	53	100.000	29	0	0	2	30	76	104	6.82e-08	54.7
EQB50_RS14400	22	83.788	586	95	0	8	593	23084	23669	3.84e-159	556
EQB53_RS13440	42	75.746	503	116	4	752	1251	640	141	5.44e-66	248
EQB53_RS13590	21	99.398	1163	7	0	1	1163	21773	22935	0.0	2109
EQB53_RS13735	22	82.339	821	141	4	1	819	20706	21524	0.0	710
EQB53_RS13740	22	80.615	650	120	6	37	683	20514	19868	2.66e-141	497
EQB53_RS13745	22	81.921	1510	259	14	1	1503	19850	18348	0.0	1264
EQB53_RS13755	21	99.484	1163	6	0	1	1163	21773	22935	0.0	2115
EQB53_RS13900	31	99.107	336	3	0	1	336	2365	2030	1.50e-173	604
EQB53_RS13900	31	98.328	299	3	1	383	681	2034	1738	4.33e-149	523
EQB53_RS14020	21	99.398	1163	7	0	1	1163	21773	22935	0.0	2109
EQB53_RS14160	2	97.368	684	15	1	1	684	82882	83562	0.0	1160
EQB53_RS14160	47	99.196	373	3	0	32	404	373	1	0.0	673
EQB53_RS14160	23	97.857	280	3	1	405	684	1	277	2.65e-136	481
EQB53_RS14160	44	96.255	267	7	1	418	684	1000	737	2.10e-122	435
EQB53_RS14160	53	100.000	29	0	0	2	30	76	104	6.85e-08	54.7
EQB53_RS14215	2	98.385	681	11	0	1	681	82882	83562	0.0	1197
EQB53_RS14215	47	99.732	373	1	0	32	404	373	1	0.0	684
EQB53_RS14215	23	99.639	277	1	0	405	681	1	277	4.36e-144	507
EQB53_RS14215	44	98.106	264	5	0	418	681	1000	737	3.44e-130	460
EQB53_RS14215	53	100.000	29	0	0	2	30	76	104	6.82e-08	54.7
EQB53_RS14220	39	100.000	208	0	0	1	208	1017	810	1.34e-107	385
EQB53_RS14220	44	100.000	32	0	0	404	435	683	714	9.21e-10	60.2
EQB53_RS14220	23	100.000	32	0	0	404	435	331	300	9.21e-10	60.2
EQB53_RS14220	2	100.000	32	0	0	404	435	83616	83585	9.21e-10	60.2
EQB53_RS14225	39	100.000	178	0	0	1	178	997	1174	2.69e-91	329
EQB53_RS14245	38	100.000	738	0	0	1	738	2297	1560	0.0	1363
EQB53_RS14250	38	98.810	84	1	0	1	84	2505	2422	8.34e-38	150
EQB53_RS14260	39	100.000	795	0	0	1	795	2087	1293	0.0	1469
EQB53_RS14265	39	100.000	281	0	0	263	543	2460	2180	4.43e-148	520
EQB53_RS14265	39	100.000	262	0	0	1	262	262	1	1.62e-137	484
EQB53_RS14270	39	100.000	554	0	0	356	909	812	259	0.0	1024
EQB53_RS14345	2	98.385	681	11	0	1	681	82882	83562	0.0	1197
EQB53_RS14345	47	99.732	373	1	0	32	404	373	1	0.0	684
EQB53_RS14345	23	99.639	277	1	0	405	681	1	277	4.36e-144	507
EQB53_RS14345	44	98.106	264	5	0	418	681	1000	737	3.44e-130	460
EQB53_RS14345	53	100.000	29	0	0	2	30	76	104	6.82e-08	54.7
EQB53_RS14410	23	100.000	61	0	0	17	77	1	61	9.77e-27	113
EQB53_RS14410	2	92.208	77	6	0	1	77	83270	83346	1.26e-25	110
EQB53_RS14410	44	97.917	48	1	0	30	77	1000	953	7.66e-18	84.2
EQB53_RS14415	31	89.552	335	35	0	1	335	2365	2031	1.26e-119	425
EQB53_RS14425	40	96.581	117	4	0	1	117	1087	1203	5.73e-51	195
EQB53_RS14430	38	100.000	738	0	0	1	738	2297	1560	0.0	1363
EQB53_RS14435	38	98.810	84	1	0	1	84	2505	2422	8.34e-38	150
EQB53_RS14445	40	99.606	254	1	0	1	254	1644	1897	1.04e-131	464
EQB53_RS14450	2	97.357	681	18	0	1	681	82882	83562	0.0	1158
EQB53_RS14450	47	97.855	373	8	0	32	404	373	1	0.0	645
EQB53_RS14450	23	99.639	277	1	0	405	681	1	277	4.36e-144	507
EQB53_RS14450	44	98.106	264	5	0	418	681	1000	737	3.44e-130	460
EQB53_RS14450	31	84.226	336	53	0	1	336	2365	2030	3.64e-90	327
EQB53_RS14450	53	100.000	29	0	0	2	30	76	104	6.82e-08	54.7
EQB53_RS14465	2	98.385	681	11	0	1	681	82882	83562	0.0	1197
EQB53_RS14465	47	99.732	373	1	0	32	404	373	1	0.0	684
EQB53_RS14465	23	99.639	277	1	0	405	681	1	277	4.36e-144	507
EQB53_RS14465	44	98.106	264	5	0	418	681	1000	737	3.44e-130	460
EQB53_RS14465	53	100.000	29	0	0	2	30	76	104	6.82e-08	54.7
EQB53_RS14485	2	98.385	681	11	0	1	681	82882	83562	0.0	1197
EQB53_RS14485	47	99.732	373	1	0	32	404	373	1	0.0	684
EQB53_RS14485	23	99.639	277	1	0	405	681	1	277	4.36e-144	507
EQB53_RS14485	44	98.106	264	5	0	418	681	1000	737	3.44e-130	460
EQB53_RS14485	53	100.000	29	0	0	2	30	76	104	6.82e-08	54.7
EQB53_RS14520	2	99.742	388	1	0	1	388	82882	83269	0.0	712
EQB53_RS14520	47	99.720	357	1	0	32	388	373	17	0.0	654
EQB53_RS14520	53	100.000	29	0	0	2	30	76	104	3.80e-08	54.7
EQB39_RS14455	42	75.746	503	116	4	752	1251	640	141	5.44e-66	248
EQB39_RS14570	31	86.658	757	101	0	423	1179	6131	5375	0.0	839
EQB39_RS14585	3	76.746	1217	277	6	28	1241	324012	322799	0.0	675
EQB39_RS14625	27	91.549	213	18	0	7	219	9649	9437	1.12e-80	294
EQB39_RS14625	31	85.380	171	23	2	1	170	5581	5412	4.22e-45	176
EQB39_RS14640	2	98.385	681	11	0	1	681	82882	83562	0.0	1197
EQB39_RS14640	47	99.732	373	1	0	32	404	373	1	0.0	684
EQB39_RS14640	23	99.639	277	1	0	405	681	1	277	4.36e-144	507
EQB39_RS14640	44	98.106	264	5	0	418	681	1000	737	3.44e-130	460
EQB39_RS14640	53	100.000	29	0	0	2	30	76	104	6.82e-08	54.7
EQB39_RS14690	22	82.339	821	141	4	1	819	20706	21524	0.0	710
EQB39_RS14695	22	80.615	650	120	6	37	683	20514	19868	2.66e-141	497
EQB39_RS14700	22	81.921	1510	259	14	1	1503	19850	18348	0.0	1264
EQB39_RS14715	21	99.484	1163	6	0	1	1163	21773	22935	0.0	2115
EQB39_RS14740	35	98.824	85	1	0	1	85	3241	3157	4.47e-37	152
EQB39_RS14785	21	99.484	1163	6	0	1	1163	21773	22935	0.0	2115
EQB39_RS14790	21	99.691	1293	4	0	1	1293	20634	19342	0.0	2366
EQB39_RS14795	21	100.000	261	0	0	1	261	21168	20908	2.69e-137	483
EQB39_RS14800	31	86.658	757	101	0	423	1179	6131	5375	0.0	839
EQB39_RS14815	21	99.495	396	2	0	1	396	23878	23483	0.0	721
EQB39_RS14820	21	99.647	849	3	0	1	849	24739	23891	0.0	1552
EQB39_RS14825	21	100.000	828	0	0	1	828	25581	24754	0.0	1530
EQB39_RS14830	21	99.764	846	2	0	1	846	26438	25593	0.0	1552
EQB39_RS14835	21	99.588	486	2	0	1	486	26692	27177	0.0	887
EQB39_RS14855	21	99.425	696	3	1	1	696	27167	27861	0.0	1262
EQB39_RS14860	2	98.385	681	11	0	1	681	82882	83562	0.0	1197
EQB39_RS14860	47	99.732	373	1	0	32	404	373	1	0.0	684
EQB39_RS14860	23	98.917	277	3	0	405	681	1	277	9.43e-141	496
EQB39_RS14860	44	98.106	264	5	0	418	681	1000	737	3.44e-130	460
EQB39_RS14860	53	100.000	29	0	0	2	30	76	104	6.82e-08	54.7
EQB39_RS14885	23	98.305	177	3	0	1	177	101	277	8.74e-86	311
EQB39_RS14885	44	97.740	177	4	0	1	177	913	737	4.07e-84	305
EQB39_RS14885	2	97.740	177	4	0	1	177	83386	83562	4.07e-84	305
EQB39_RS14905	31	99.702	336	1	0	1	336	2365	2030	6.94e-177	616
EQB39_RS14905	31	98.328	299	3	1	383	681	2034	1738	4.33e-149	523
EQB39_RS14915	2	97.082	377	11	0	5	381	83186	83562	0.0	636
EQB39_RS14915	23	99.278	277	2	0	105	381	1	277	1.11e-142	501
EQB39_RS14915	44	97.727	264	6	0	118	381	1000	737	8.75e-129	455
EQB39_RS14915	47	100.000	100	0	0	5	104	100	1	1.27e-47	185
EQB39_RS14930	31	99.702	336	1	0	1	336	2365	2030	6.94e-177	616
EQB39_RS14930	31	98.328	299	3	1	383	681	2034	1738	4.33e-149	523
EQB39_RS14955	21	91.925	161	13	0	66	226	12581	12421	7.78e-60	226
EQB39_RS14975	2	98.238	681	12	0	1	681	82882	83562	0.0	1192
EQB39_RS14975	47	99.464	373	2	0	32	404	373	1	0.0	678
EQB39_RS14975	23	99.639	277	1	0	405	681	1	277	4.36e-144	507
EQB39_RS14975	44	98.106	264	5	0	418	681	1000	737	3.44e-130	460
EQB39_RS14975	53	100.000	29	0	0	2	30	76	104	6.82e-08	54.7
EQB39_RS14980	21	100.000	39	0	0	1282	1320	28224	28186	3.71e-13	73.1
EQB39_RS14985	35	100.000	566	0	0	1	566	3513	4078	0.0	1046
EQB39_RS14995	35	98.824	85	1	0	1	85	3241	3157	4.47e-37	152
EQB39_RS15000	9	80.039	1538	296	10	33	1566	82096	83626	0.0	1129
EQB39_RS15125	35	98.824	85	1	0	1	85	3241	3157	4.47e-37	152
EQB39_RS15180	21	89.243	1097	118	0	1	1097	20634	19538	0.0	1373
EQB39_RS15185	35	99.927	1377	1	0	1	1377	582	1958	0.0	2538
EQB39_RS15190	35	100.000	582	0	0	76	657	1	582	0.0	1075
EQB39_RS15195	27	99.677	1237	4	0	1	1237	12696	13932	0.0	2263
EQB39_RS15200	27	98.969	97	1	0	60	156	12581	12677	1.04e-44	174
EQB39_RS15210	27	99.715	351	1	0	1	351	12024	12374	0.0	643
EQB39_RS15210	21	99.000	100	1	0	351	450	21579	21678	7.02e-46	180
EQB39_RS16235	27	97.790	543	1	1	1	543	11337	11868	0.0	926
EQB39_RS15230	2	98.238	681	12	0	1	681	82882	83562	0.0	1192
EQB39_RS15230	47	99.732	373	1	0	32	404	373	1	0.0	684
EQB39_RS15230	23	99.639	277	1	0	405	681	1	277	4.36e-144	507
EQB39_RS15230	44	98.106	264	5	0	418	681	1000	737	3.44e-130	460
EQB39_RS15520	42	75.746	503	116	4	752	1251	640	141	5.44e-66	248
EQB39_RS15615	22	83.788	586	95	0	8	593	23084	23669	3.84e-159	556
EQB39_RS15645	44	97.260	73	2	0	3	75	809	737	4.36e-30	124
EQB39_RS15645	23	97.260	73	2	0	3	75	205	277	4.36e-30	124
EQB39_RS15645	2	97.260	73	2	0	3	75	83490	83562	4.36e-30	124
EQB39_RS15670	2	98.385	681	11	0	1	681	82882	83562	0.0	1197
EQB39_RS15670	47	99.732	373	1	0	32	404	373	1	0.0	684
EQB39_RS15670	23	99.639	277	1	0	405	681	1	277	4.36e-144	507
EQB39_RS15670	44	98.106	264	5	0	418	681	1000	737	3.44e-130	460
EQB39_RS15670	53	100.000	29	0	0	2	30	76	104	6.82e-08	54.7
EQB39_RS15685	31	86.658	757	101	0	423	1179	6131	5375	0.0	839
EQB39_RS15705	23	100.000	31	0	0	1	31	302	332	3.43e-09	58.4
EQB39_RS15705	44	100.000	30	0	0	1	30	712	683	1.24e-08	56.5
EQB39_RS15705	2	100.000	30	0	0	1	30	83587	83616	1.24e-08	56.5
EQB39_RS15710	2	98.385	681	11	0	1	681	82882	83562	0.0	1197
EQB39_RS15710	47	99.732	373	1	0	32	404	373	1	0.0	684
EQB39_RS15710	23	99.639	277	1	0	405	681	1	277	4.36e-144	507
EQB39_RS15710	44	98.106	264	5	0	418	681	1000	737	3.44e-130	460
EQB39_RS15710	53	100.000	29	0	0	2	30	76	104	6.82e-08	54.7
EQB39_RS15735	2	98.385	681	11	0	1	681	82882	83562	0.0	1197
EQB39_RS15735	47	99.732	373	1	0	32	404	373	1	0.0	684
EQB39_RS15735	23	99.639	277	1	0	405	681	1	277	4.36e-144	507
EQB39_RS15735	44	98.106	264	5	0	418	681	1000	737	3.44e-130	460
EQB39_RS15735	53	100.000	29	0	0	2	30	76	104	6.82e-08	54.7
EQB39_RS15760	21	99.398	1163	7	0	1	1163	21773	22935	0.0	2109
EQB39_RS15765	21	100.000	35	0	0	221	255	21698	21732	1.12e-11	65.8
EQB39_RS15810	2	98.385	681	11	0	1	681	82882	83562	0.0	1197
EQB39_RS15810	47	99.732	373	1	0	32	404	373	1	0.0	684
EQB39_RS15810	23	99.639	277	1	0	405	681	1	277	4.36e-144	507
EQB39_RS15810	44	98.106	264	5	0	418	681	1000	737	3.44e-130	460
EQB39_RS15810	53	100.000	29	0	0	2	30	76	104	6.82e-08	54.7
EQB39_RS15815	44	100.000	34	0	0	864	897	681	714	1.51e-10	63.9
EQB39_RS15815	23	97.222	36	1	0	862	897	335	300	5.41e-10	62.1
EQB39_RS15815	2	100.000	33	0	0	865	897	83617	83585	5.41e-10	62.1
EQB39_RS15840	8	96.302	1352	50	0	14	1365	34593	35944	0.0	2220
EQB39_RS15845	2	98.385	681	11	0	1	681	82882	83562	0.0	1197
EQB39_RS15845	47	99.732	373	1	0	32	404	373	1	0.0	684
EQB39_RS15845	23	99.639	277	1	0	405	681	1	277	4.36e-144	507
EQB39_RS15845	44	98.106	264	5	0	418	681	1000	737	3.44e-130	460
EQB39_RS15845	53	100.000	29	0	0	2	30	76	104	6.82e-08	54.7
EQB39_RS15850	38	98.062	258	5	0	1	258	388	131	2.69e-127	449
EQB39_RS15855	51	100.000	135	0	0	33	167	135	1	2.41e-67	250
EQB39_RS15855	38	100.000	32	0	0	1	32	32	1	4.36e-10	60.2
EQB39_RS15855	44	100.000	31	0	0	1	31	32	2	1.57e-09	58.4
EQB39_RS15860	40	97.802	273	6	0	1	273	66	338	6.08e-134	472
EQB39_RS15865	40	96.412	864	31	0	1	864	340	1203	0.0	1424
EQB39_RS15870	38	99.729	738	2	0	1	738	2297	1560	0.0	1352
EQB39_RS15875	38	98.810	84	1	0	1	84	2505	2422	8.34e-38	150
EQB39_RS15880	38	100.000	101	0	0	12	112	2626	2526	9.10e-49	187
EQB39_RS15885	39	100.000	795	0	0	1	795	2087	1293	0.0	1469
EQB39_RS15890	39	100.000	252	0	0	1	252	2431	2180	2.60e-132	466
EQB39_RS15905	39	100.000	229	0	0	1	229	262	34	1.57e-119	424
EQB39_RS15910	39	100.000	554	0	0	356	909	812	259	0.0	1024
EQB39_RS15935	35	98.824	85	1	0	1	85	3241	3157	4.47e-37	152
EQB45_RS14695	42	75.746	503	116	4	752	1251	640	141	5.44e-66	248
EQB45_RS14955	2	98.091	681	13	0	1	681	82882	83562	0.0	1186
EQB45_RS14955	47	99.732	373	1	0	32	404	373	1	0.0	684
EQB45_RS14955	23	99.639	277	1	0	405	681	1	277	4.36e-144	507
EQB45_RS14955	44	98.106	264	5	0	418	681	1000	737	3.44e-130	460
EQB45_RS14995	2	97.032	438	13	0	212	649	83125	83562	0.0	737
EQB45_RS14995	2	99.558	226	1	0	1	226	82882	83107	9.30e-116	412
EQB45_RS14995	23	99.639	277	1	0	373	649	1	277	4.15e-144	507
EQB45_RS14995	44	98.106	264	5	0	386	649	1000	737	3.27e-130	460
EQB45_RS14995	47	99.487	195	1	0	32	226	373	179	1.59e-98	355
EQB45_RS14995	47	99.355	155	1	0	218	372	155	1	2.74e-76	281
EQB45_RS14995	53	100.000	29	0	0	2	30	76	104	6.49e-08	54.7
EQB45_RS15010	21	95.238	84	2	2	1	84	21487	21568	3.02e-32	132
EQB45_RS15010	27	97.222	72	2	0	1	72	10650	10721	1.82e-29	122
EQB45_RS15015	27	92.045	1144	87	4	1	1142	10627	9486	0.0	1605
EQB45_RS15015	31	95.522	201	9	0	979	1179	5575	5375	2.97e-88	322
EQB45_RS15015	31	99.254	134	0	1	226	358	6261	6128	8.57e-64	241
EQB45_RS15015	21	98.462	65	1	0	1	65	21464	21400	5.42e-26	115
EQB45_RS15120	35	95.857	1062	43	1	228	1289	3156	2096	0.0	1716
EQB45_RS15160	2	98.091	681	13	0	1	681	82882	83562	0.0	1186
EQB45_RS15160	47	99.196	373	3	0	32	404	373	1	0.0	673
EQB45_RS15160	23	98.917	277	3	0	405	681	1	277	9.43e-141	496
EQB45_RS15160	44	98.106	264	5	0	418	681	1000	737	3.44e-130	460
EQB45_RS15160	53	100.000	29	0	0	2	30	76	104	6.82e-08	54.7
EQB45_RS15185	2	98.385	681	11	0	1	681	82882	83562	0.0	1197
EQB45_RS15185	47	99.464	373	2	0	32	404	373	1	0.0	678
EQB45_RS15185	23	99.278	277	2	0	405	681	1	277	2.03e-142	501
EQB45_RS15185	44	98.485	264	4	0	418	681	1000	737	7.40e-132	466
EQB45_RS15185	53	100.000	29	0	0	2	30	76	104	6.82e-08	54.7
EQB45_RS15300	2	90.308	681	66	0	1	681	82882	83562	0.0	893
EQB45_RS15300	31	99.107	336	3	0	1	336	2365	2030	1.50e-173	604
EQB45_RS15300	23	99.639	277	1	0	405	681	1	277	4.36e-144	507
EQB45_RS15300	44	98.106	264	5	0	418	681	1000	737	3.44e-130	460
EQB45_RS15300	47	87.123	365	47	0	40	404	365	1	2.72e-116	414
EQB45_RS15325	31	100.000	74	0	0	298	371	2438	2365	3.50e-33	137
EQB45_RS15330	31	99.405	336	2	0	1	336	2365	2030	3.23e-175	610
EQB45_RS15330	31	97.993	299	4	1	383	681	2034	1738	2.01e-147	518
EQB45_RS15340	2	98.385	681	11	0	1	681	82882	83562	0.0	1197
EQB45_RS15340	47	99.732	373	1	0	32	404	373	1	0.0	684
EQB45_RS15340	23	99.639	277	1	0	405	681	1	277	4.36e-144	507
EQB45_RS15340	44	98.106	264	5	0	418	681	1000	737	3.44e-130	460
EQB45_RS15340	53	100.000	29	0	0	2	30	76	104	6.82e-08	54.7
EQB45_RS15360	22	89.226	594	64	0	3	596	23079	23672	0.0	743
EQB45_RS15380	31	99.702	336	1	0	1	336	2365	2030	6.94e-177	616
EQB45_RS15380	31	98.328	299	3	1	383	681	2034	1738	4.33e-149	523
EQB45_RS15535	21	99.398	1163	7	0	1	1163	21773	22935	0.0	2109
EQB45_RS15550	22	81.921	1510	259	14	1	1503	19850	18348	0.0	1264
EQB45_RS15555	22	80.615	650	120	6	37	683	20514	19868	2.66e-141	497
EQB45_RS15560	22	82.339	821	141	4	1	819	20706	21524	0.0	710
EQB45_RS15625	2	97.032	438	13	0	212	649	83125	83562	0.0	737
EQB45_RS15625	2	99.558	226	1	0	1	226	82882	83107	9.30e-116	412
EQB45_RS15625	23	99.639	277	1	0	373	649	1	277	4.15e-144	507
EQB45_RS15625	44	98.106	264	5	0	386	649	1000	737	3.27e-130	460
EQB45_RS15625	47	99.487	195	1	0	32	226	373	179	1.59e-98	355
EQB45_RS15625	47	99.355	155	1	0	218	372	155	1	2.74e-76	281
EQB45_RS15625	53	100.000	29	0	0	2	30	76	104	6.49e-08	54.7
EQB45_RS15640	27	91.549	213	18	0	7	219	9649	9437	1.12e-80	294
EQB45_RS15640	31	85.380	171	23	2	1	170	5581	5412	4.22e-45	176
EQB45_RS15680	3	75.241	622	150	4	4	623	323418	322799	1.39e-79	292
EQB45_RS15685	2	98.385	681	11	0	1	681	82882	83562	0.0	1197
EQB45_RS15685	47	99.732	373	1	0	32	404	373	1	0.0	684
EQB45_RS15685	23	99.639	277	1	0	405	681	1	277	4.36e-144	507
EQB45_RS15685	44	98.106	264	5	0	418	681	1000	737	3.44e-130	460
EQB45_RS15685	53	100.000	29	0	0	2	30	76	104	6.82e-08	54.7
EQB45_RS15690	2	100.000	141	0	0	1	141	82882	83022	6.88e-71	261
EQB45_RS15690	47	100.000	110	0	0	32	141	373	264	1.18e-53	204
EQB45_RS15690	53	100.000	29	0	0	2	30	76	104	1.25e-08	54.7
EQB45_RS15695	40	96.415	781	28	0	84	864	423	1203	0.0	1288
EQB45_RS15700	40	83.154	279	35	11	1	273	66	338	1.44e-65	244
EQB45_RS15705	51	97.037	135	4	0	33	167	135	1	1.13e-60	228
EQB45_RS15705	38	100.000	32	0	0	1	32	32	1	4.36e-10	60.2
EQB45_RS15705	44	100.000	31	0	0	1	31	32	2	1.57e-09	58.4
EQB45_RS15710	38	97.778	855	19	0	1	855	985	131	0.0	1474
EQB45_RS15720	44	98.462	260	4	0	2	261	411	152	4.53e-130	459
EQB45_RS15720	38	95.019	261	13	0	1	261	1390	1130	1.29e-115	411
EQB45_RS15730	38	99.593	738	3	0	1	738	2297	1560	0.0	1347
EQB45_RS15740	38	100.000	55	0	0	1	55	2505	2451	1.82e-23	102
EQB45_RS15745	51	100.000	135	0	0	33	167	135	1	2.71e-67	250
EQB45_RS15745	38	100.000	73	0	0	168	240	2626	2554	7.91e-33	135
EQB45_RS15745	38	100.000	31	0	0	1	31	32	2	1.76e-09	58.4
EQB45_RS15745	44	100.000	32	0	0	1	32	32	1	4.90e-10	60.2
EQB45_RS15750	44	98.698	384	5	0	1	384	535	152	0.0	682
EQB45_RS15750	38	94.231	260	15	0	125	384	1389	1130	1.51e-111	398
EQB45_RS15755	2	98.385	681	11	0	1	681	82882	83562	0.0	1197
EQB45_RS15755	47	99.732	373	1	0	32	404	373	1	0.0	684
EQB45_RS15755	23	98.917	277	3	0	405	681	1	277	9.43e-141	496
EQB45_RS15755	44	98.106	264	5	0	418	681	1000	737	3.44e-130	460
EQB45_RS15755	53	100.000	29	0	0	2	30	76	104	6.82e-08	54.7
EQB45_RS15785	2	97.082	377	11	0	5	381	83186	83562	0.0	636
EQB45_RS15785	23	99.278	277	2	0	105	381	1	277	1.11e-142	501
EQB45_RS15785	44	97.727	264	6	0	118	381	1000	737	8.75e-129	455
EQB45_RS15785	47	100.000	100	0	0	5	104	100	1	1.27e-47	185
EQB45_RS15795	31	99.702	336	1	0	1	336	2365	2030	6.94e-177	616
EQB45_RS15795	31	98.328	299	3	1	383	681	2034	1738	4.33e-149	523
EQB45_RS15800	31	93.548	62	4	0	1	62	1732	1671	9.87e-20	93.5
EQB45_RS15820	21	91.925	161	13	0	66	226	12581	12421	7.78e-60	226
EQB45_RS15845	2	98.385	681	11	0	1	681	82882	83562	0.0	1197
EQB45_RS15845	47	99.732	373	1	0	32	404	373	1	0.0	684
EQB45_RS15845	23	99.639	277	1	0	405	681	1	277	4.36e-144	507
EQB45_RS15845	44	98.106	264	5	0	418	681	1000	737	3.44e-130	460
EQB45_RS15845	53	100.000	29	0	0	2	30	76	104	6.82e-08	54.7
EQB45_RS15850	21	100.000	39	0	0	1282	1320	28224	28186	3.71e-13	73.1
EQB45_RS15855	35	100.000	566	0	0	1	566	3513	4078	0.0	1046
EQB45_RS15865	35	98.824	85	1	0	1	85	3241	3157	1.78e-37	152
EQB45_RS15945	35	99.855	1377	2	0	1	1377	582	1958	0.0	2532
EQB45_RS15950	35	100.000	582	0	0	76	657	1	582	0.0	1075
EQB45_RS15955	27	99.677	1237	4	0	1	1237	12696	13932	0.0	2263
EQB45_RS15960	27	98.969	97	1	0	60	156	12581	12677	1.04e-44	174
EQB45_RS15970	27	99.715	351	1	0	1	351	12024	12374	0.0	643
EQB45_RS15970	21	99.000	100	1	0	351	450	21579	21678	7.02e-46	180
EQB45_RS16660	27	97.790	543	1	1	1	543	11337	11868	0.0	926
EQB45_RS15990	2	98.238	681	12	0	1	681	82882	83562	0.0	1192
EQB45_RS15990	47	99.732	373	1	0	32	404	373	1	0.0	684
EQB45_RS15990	23	99.639	277	1	0	405	681	1	277	4.36e-144	507
EQB45_RS15990	44	98.106	264	5	0	418	681	1000	737	3.44e-130	460
EQB45_RS16115	2	98.532	681	10	0	1	681	82882	83562	0.0	1203
EQB45_RS16115	47	99.732	373	1	0	32	404	373	1	0.0	684
EQB45_RS16115	23	99.278	277	2	0	405	681	1	277	2.03e-142	501
EQB45_RS16115	44	98.485	264	4	0	418	681	1000	737	7.40e-132	466
EQB45_RS16115	53	100.000	29	0	0	2	30	76	104	6.82e-08	54.7
EQB45_RS16165	44	100.000	154	0	0	687	840	683	530	2.76e-77	285
EQB45_RS16170	2	98.385	681	11	0	1	681	82882	83562	0.0	1197
EQB45_RS16170	47	99.732	373	1	0	32	404	373	1	0.0	684
EQB45_RS16170	23	98.917	277	3	0	405	681	1	277	9.43e-141	496
EQB45_RS16170	44	98.106	264	5	0	418	681	1000	737	3.44e-130	460
EQB45_RS16170	53	100.000	29	0	0	2	30	76	104	6.82e-08	54.7
EQB45_RS16175	21	99.573	1170	5	0	1	1170	26692	27861	0.0	2134
EQB45_RS16180	21	100.000	248	0	0	1	248	26453	26206	4.30e-130	459
EQB45_RS16185	2	98.385	681	11	0	1	681	82882	83562	0.0	1197
EQB45_RS16185	47	99.732	373	1	0	32	404	373	1	0.0	684
EQB45_RS16185	23	99.639	277	1	0	405	681	1	277	4.36e-144	507
EQB45_RS16185	44	98.106	264	5	0	418	681	1000	737	3.44e-130	460
EQB45_RS16185	53	100.000	29	0	0	2	30	76	104	6.82e-08	54.7
EQB45_RS16210	39	100.000	554	0	0	356	909	812	259	0.0	1024
EQB45_RS16215	39	100.000	253	0	0	229	481	2432	2180	1.44e-132	468
EQB45_RS16215	39	100.000	229	0	0	1	229	262	34	3.15e-119	424
EQB45_RS16220	2	98.091	681	11	1	1	679	82882	83562	0.0	1184
EQB45_RS16220	47	99.732	373	1	0	32	404	373	1	0.0	684
EQB45_RS16220	23	99.278	277	0	1	405	679	1	277	7.27e-142	499
EQB45_RS16220	44	97.348	264	5	1	418	679	1000	737	2.67e-126	448
EQB45_RS16220	53	100.000	29	0	0	2	30	76	104	6.80e-08	54.7
EQB45_RS16250	2	98.385	681	11	0	1	681	82882	83562	0.0	1197
EQB45_RS16250	47	99.732	373	1	0	32	404	373	1	0.0	684
EQB45_RS16250	23	99.639	277	1	0	405	681	1	277	4.36e-144	507
EQB45_RS16250	44	98.106	264	5	0	418	681	1000	737	3.44e-130	460
EQB45_RS16250	53	100.000	29	0	0	2	30	76	104	6.82e-08	54.7
EQB45_RS16315	2	98.385	681	11	0	1	681	82882	83562	0.0	1197
EQB45_RS16315	47	99.732	373	1	0	32	404	373	1	0.0	684
EQB45_RS16315	23	99.639	277	1	0	405	681	1	277	4.36e-144	507
EQB45_RS16315	44	98.106	264	5	0	418	681	1000	737	3.44e-130	460
EQB45_RS16315	53	100.000	29	0	0	2	30	76	104	6.82e-08	54.7
EQB45_RS16345	31	100.000	37	0	0	648	684	2438	2402	2.45e-12	69.4
EQB45_RS16350	2	89.868	681	69	0	1	681	82882	83562	0.0	876
EQB45_RS16350	31	99.702	336	1	0	1	336	2365	2030	6.94e-177	616
EQB45_RS16350	23	99.278	277	2	0	405	681	1	277	2.03e-142	501
EQB45_RS16350	44	97.727	264	6	0	418	681	1000	737	1.60e-128	455
EQB45_RS16350	47	86.575	365	49	0	40	404	365	1	5.88e-113	403
EQB45_RS16385	2	89.868	681	69	0	1	681	82882	83562	0.0	876
EQB45_RS16385	31	99.702	336	1	0	1	336	2365	2030	6.94e-177	616
EQB45_RS16385	23	99.278	277	2	0	405	681	1	277	2.03e-142	501
EQB45_RS16385	44	97.727	264	6	0	418	681	1000	737	1.60e-128	455
EQB45_RS16385	47	86.575	365	49	0	40	404	365	1	5.88e-113	403
EQB49_RS14550	21	99.484	1163	6	0	1	1163	21773	22935	0.0	2115
EQB49_RS14690	42	75.746	503	116	4	752	1251	640	141	5.44e-66	248
EQB49_RS14790	2	98.091	681	13	0	1	681	82882	83562	0.0	1186
EQB49_RS14790	47	99.732	373	1	0	32	404	373	1	0.0	684
EQB49_RS14790	23	99.639	277	1	0	405	681	1	277	4.36e-144	507
EQB49_RS14790	44	98.106	264	5	0	418	681	1000	737	3.44e-130	460
EQB49_RS14840	22	82.339	821	141	4	1	819	20706	21524	0.0	710
EQB49_RS14845	22	80.615	650	120	6	37	683	20514	19868	2.66e-141	497
EQB49_RS14850	22	81.921	1510	259	14	1	1503	19850	18348	0.0	1264
EQB49_RS14865	21	99.484	1163	6	0	1	1163	21773	22935	0.0	2115
EQB49_RS14920	21	99.398	1163	7	0	1	1163	21773	22935	0.0	2109
EQB49_RS14925	21	99.691	1293	4	0	1	1293	20634	19342	0.0	2366
EQB49_RS14930	21	100.000	261	0	0	1	261	21168	20908	2.69e-137	483
EQB49_RS14935	31	86.658	757	101	0	423	1179	6131	5375	0.0	839
EQB49_RS14955	21	99.495	396	2	0	1	396	23878	23483	0.0	721
EQB49_RS14960	21	99.647	849	3	0	1	849	24739	23891	0.0	1552
EQB49_RS14965	21	100.000	828	0	0	1	828	25581	24754	0.0	1530
EQB49_RS14970	21	99.764	846	2	0	1	846	26438	25593	0.0	1552
EQB49_RS14975	21	99.588	486	2	0	1	486	26692	27177	0.0	887
EQB49_RS14995	21	99.425	696	3	1	1	696	27167	27861	0.0	1262
EQB49_RS15000	2	98.385	681	11	0	1	681	82882	83562	0.0	1197
EQB49_RS15000	47	99.732	373	1	0	32	404	373	1	0.0	684
EQB49_RS15000	23	98.917	277	3	0	405	681	1	277	9.43e-141	496
EQB49_RS15000	44	98.106	264	5	0	418	681	1000	737	3.44e-130	460
EQB49_RS15000	53	100.000	29	0	0	2	30	76	104	6.82e-08	54.7
EQB49_RS15015	23	98.305	177	3	0	1	177	101	277	8.74e-86	311
EQB49_RS15015	44	97.740	177	4	0	1	177	913	737	4.07e-84	305
EQB49_RS15015	2	97.740	177	4	0	1	177	83386	83562	4.07e-84	305
EQB49_RS15035	2	97.082	377	11	0	5	381	83186	83562	0.0	636
EQB49_RS15035	23	99.278	277	2	0	105	381	1	277	1.11e-142	501
EQB49_RS15035	44	97.727	264	6	0	118	381	1000	737	8.75e-129	455
EQB49_RS15035	47	100.000	100	0	0	5	104	100	1	1.27e-47	185
EQB49_RS15045	31	99.702	336	1	0	1	336	2365	2030	6.94e-177	616
EQB49_RS15045	31	98.328	299	3	1	383	681	2034	1738	4.33e-149	523
EQB49_RS15070	21	91.925	161	13	0	66	226	12581	12421	7.78e-60	226
EQB49_RS15090	2	98.238	681	12	0	1	681	82882	83562	0.0	1192
EQB49_RS15090	47	99.464	373	2	0	32	404	373	1	0.0	678
EQB49_RS15090	23	99.639	277	1	0	405	681	1	277	4.36e-144	507
EQB49_RS15090	44	98.106	264	5	0	418	681	1000	737	3.44e-130	460
EQB49_RS15090	53	100.000	29	0	0	2	30	76	104	6.82e-08	54.7
EQB49_RS15095	21	100.000	39	0	0	1282	1320	28224	28186	3.71e-13	73.1
EQB49_RS15100	35	100.000	566	0	0	1	566	3513	4078	0.0	1046
EQB49_RS15110	35	98.824	85	1	0	1	85	3241	3157	1.78e-37	152
EQB49_RS15190	35	99.927	1377	1	0	1	1377	582	1958	0.0	2538
EQB49_RS15195	35	100.000	582	0	0	76	657	1	582	0.0	1075
EQB49_RS15200	27	99.677	1237	4	0	1	1237	12696	13932	0.0	2263
EQB49_RS15205	27	98.969	97	1	0	60	156	12581	12677	1.04e-44	174
EQB49_RS15215	27	99.715	351	1	0	1	351	12024	12374	0.0	643
EQB49_RS16350	27	97.790	543	1	1	1	543	11337	11868	0.0	926
EQB49_RS15240	31	87.629	194	24	0	23	216	5568	5375	4.06e-60	226
EQB49_RS15285	31	99.405	336	2	0	1	336	2365	2030	3.23e-175	610
EQB49_RS15285	31	97.659	299	5	1	383	681	2034	1738	9.37e-146	512
EQB49_RS15290	22	90.685	569	53	0	14	582	23102	23670	0.0	758
EQB49_RS15345	31	99.405	336	2	0	1	336	2365	2030	3.23e-175	610
EQB49_RS15345	31	95.987	299	10	1	383	681	2034	1738	2.04e-137	484
EQB49_RS15365	31	92.727	55	4	0	108	162	2451	2397	2.43e-16	80.5
EQB49_RS15370	31	98.516	337	4	1	1	337	2365	2030	3.26e-170	593
EQB49_RS15370	31	87.333	300	34	3	384	682	2034	1738	4.68e-94	340
EQB49_RS15390	21	93.243	74	5	0	554	627	20868	20795	1.65e-24	110
EQB49_RS15435	21	99.398	1163	7	0	1	1163	21773	22935	0.0	2109
EQB49_RS15650	2	97.797	681	15	0	1	681	82882	83562	0.0	1175
EQB49_RS15650	47	99.196	373	3	0	32	404	373	1	0.0	673
EQB49_RS15650	23	98.917	277	3	0	405	681	1	277	9.43e-141	496
EQB49_RS15650	44	97.348	264	7	0	418	681	1000	737	7.45e-127	449
EQB49_RS15650	53	100.000	29	0	0	2	30	76	104	6.82e-08	54.7
EQB49_RS15710	2	97.260	438	12	0	212	649	83125	83562	0.0	743
EQB49_RS15710	2	99.558	226	1	0	1	226	82882	83107	9.30e-116	412
EQB49_RS15710	23	99.639	277	1	0	373	649	1	277	4.15e-144	507
EQB49_RS15710	44	98.106	264	5	0	386	649	1000	737	3.27e-130	460
EQB49_RS15710	47	99.487	195	1	0	32	226	373	179	1.59e-98	355
EQB49_RS15710	47	100.000	155	0	0	218	372	155	1	5.88e-78	287
EQB49_RS15710	53	100.000	29	0	0	2	30	76	104	6.49e-08	54.7
EQB49_RS15715	2	100.000	35	0	0	794	828	83619	83585	3.86e-11	65.8
EQB49_RS15715	44	100.000	33	0	0	796	828	682	714	4.99e-10	62.1
EQB49_RS15715	23	100.000	32	0	0	797	828	331	300	1.79e-09	60.2
EQB49_RS15765	31	98.220	337	5	1	1	337	2365	2030	1.52e-168	588
EQB49_RS15765	31	98.328	299	3	1	384	682	2034	1738	4.33e-149	523
EQB49_RS15820	39	100.000	208	0	0	1	208	1017	810	1.78e-107	385
EQB49_RS15825	39	100.000	189	0	0	1	189	997	1185	1.99e-97	350
EQB49_RS15830	39	100.000	795	0	0	1	795	2087	1293	0.0	1469
EQB49_RS15835	39	100.000	281	0	0	263	543	2460	2180	4.43e-148	520
EQB49_RS15835	39	100.000	262	0	0	1	262	262	1	1.62e-137	484
EQB49_RS15840	39	100.000	554	0	0	356	909	812	259	0.0	1024
EQB49_RS15900	43	98.750	960	12	0	1	960	97	1056	0.0	1707
EQB49_RS15905	2	98.091	681	13	0	1	681	82882	83562	0.0	1186
EQB49_RS15905	47	99.732	373	1	0	32	404	373	1	0.0	684
EQB49_RS15905	23	99.278	277	2	0	405	681	1	277	2.03e-142	501
EQB49_RS15905	44	97.727	264	6	0	418	681	1000	737	1.60e-128	455
EQB49_RS15970	44	100.000	51	0	0	1	51	733	683	3.64e-20	95.3
EQB49_RS15970	23	100.000	51	0	0	1	51	281	331	3.64e-20	95.3
EQB49_RS15970	2	100.000	51	0	0	1	51	83566	83616	3.64e-20	95.3
EQB49_RS15975	2	98.238	681	12	0	1	681	82882	83562	0.0	1192
EQB49_RS15975	47	99.732	373	1	0	32	404	373	1	0.0	684
EQB49_RS15975	23	99.639	277	1	0	405	681	1	277	4.36e-144	507
EQB49_RS15975	44	98.106	264	5	0	418	681	1000	737	3.44e-130	460
EQB49_RS15980	38	98.810	84	1	0	1	84	2505	2422	8.34e-38	150
EQB49_RS15985	38	99.729	738	2	0	1	738	2297	1560	0.0	1352
EQB49_RS15990	40	95.262	781	37	0	84	864	423	1203	0.0	1238
EQB49_RS15995	40	84.588	279	31	11	1	273	66	338	3.08e-72	267
EQB49_RS16000	51	97.037	135	4	0	27	161	135	1	1.10e-60	228
EQB49_RS16005	38	96.140	855	33	0	1	855	985	131	0.0	1397
EQB49_RS16030	2	99.706	681	2	0	1	681	82882	83562	0.0	1247
EQB49_RS16030	47	99.464	373	2	0	32	404	373	1	0.0	678
EQB49_RS16030	44	100.000	277	0	0	405	681	1013	737	9.37e-146	512
EQB49_RS16030	23	96.377	276	10	0	406	681	2	277	1.60e-128	455
EQB49_RS16030	53	100.000	29	0	0	2	30	76	104	6.82e-08	54.7
EQB49_RS16040	21	91.925	161	13	0	66	226	12581	12421	7.78e-60	226
EQB56_RS15140	21	99.484	1163	6	0	1	1163	21773	22935	0.0	2115
EQB56_RS15280	42	75.746	503	116	4	752	1251	640	141	5.44e-66	248
EQB56_RS15380	2	98.091	681	13	0	1	681	82882	83562	0.0	1186
EQB56_RS15380	47	99.732	373	1	0	32	404	373	1	0.0	684
EQB56_RS15380	23	99.639	277	1	0	405	681	1	277	4.36e-144	507
EQB56_RS15380	44	98.106	264	5	0	418	681	1000	737	3.44e-130	460
EQB56_RS15435	22	82.339	821	141	4	1	819	20706	21524	0.0	710
EQB56_RS15440	22	80.615	650	120	6	37	683	20514	19868	2.66e-141	497
EQB56_RS15445	22	81.921	1510	259	14	1	1503	19850	18348	0.0	1264
EQB56_RS15460	21	99.484	1163	6	0	1	1163	21773	22935	0.0	2115
EQB56_RS15525	21	99.484	1163	6	0	1	1163	21773	22935	0.0	2115
EQB56_RS15535	21	99.691	1293	4	0	1	1293	20634	19342	0.0	2366
EQB56_RS15540	21	100.000	261	0	0	1	261	21168	20908	2.69e-137	483
EQB56_RS15545	31	86.658	757	101	0	423	1179	6131	5375	0.0	839
EQB56_RS15560	21	99.495	396	2	0	1	396	23878	23483	0.0	721
EQB56_RS15565	21	99.647	849	3	0	1	849	24739	23891	0.0	1552
EQB56_RS15570	21	100.000	828	0	0	1	828	25581	24754	0.0	1530
EQB56_RS15575	21	99.764	846	2	0	1	846	26438	25593	0.0	1552
EQB56_RS15580	21	99.588	486	2	0	1	486	26692	27177	0.0	887
EQB56_RS15595	2	98.385	681	11	0	1	681	82882	83562	0.0	1197
EQB56_RS15595	47	99.732	373	1	0	32	404	373	1	0.0	684
EQB56_RS15595	23	98.917	277	3	0	405	681	1	277	9.43e-141	496
EQB56_RS15595	44	98.106	264	5	0	418	681	1000	737	3.44e-130	460
EQB56_RS15595	53	100.000	29	0	0	2	30	76	104	6.82e-08	54.7
EQB56_RS15610	23	98.305	177	3	0	1	177	101	277	8.74e-86	311
EQB56_RS15610	44	97.740	177	4	0	1	177	913	737	4.07e-84	305
EQB56_RS15610	2	97.740	177	4	0	1	177	83386	83562	4.07e-84	305
EQB56_RS15630	31	99.702	336	1	0	1	336	2365	2030	6.94e-177	616
EQB56_RS15630	31	98.328	299	3	1	383	681	2034	1738	4.33e-149	523
EQB56_RS15640	2	97.082	377	11	0	5	381	83186	83562	0.0	636
EQB56_RS15640	23	99.278	277	2	0	105	381	1	277	1.11e-142	501
EQB56_RS15640	44	97.727	264	6	0	118	381	1000	737	8.75e-129	455
EQB56_RS15640	47	100.000	100	0	0	5	104	100	1	1.27e-47	185
EQB56_RS15650	31	100.000	74	0	0	2	75	2438	2365	5.60e-34	137
EQB56_RS15655	31	99.702	336	1	0	1	336	2365	2030	6.94e-177	616
EQB56_RS15655	31	98.328	299	3	1	383	681	2034	1738	4.33e-149	523
EQB56_RS15680	21	91.925	161	13	0	66	226	12581	12421	7.78e-60	226
EQB56_RS15700	2	98.238	681	12	0	1	681	82882	83562	0.0	1192
EQB56_RS15700	47	99.464	373	2	0	32	404	373	1	0.0	678
EQB56_RS15700	23	99.639	277	1	0	405	681	1	277	4.36e-144	507
EQB56_RS15700	44	98.106	264	5	0	418	681	1000	737	3.44e-130	460
EQB56_RS15700	53	100.000	29	0	0	2	30	76	104	6.82e-08	54.7
EQB56_RS15705	21	100.000	39	0	0	1282	1320	28224	28186	3.71e-13	73.1
EQB56_RS15710	35	100.000	566	0	0	1	566	3513	4078	0.0	1046
EQB56_RS15720	35	98.824	85	1	0	1	85	3241	3157	4.47e-37	152
EQB56_RS15725	9	80.039	1538	296	10	33	1566	82096	83626	0.0	1129
EQB56_RS15850	35	98.824	85	1	0	1	85	3241	3157	4.47e-37	152
EQB56_RS15905	21	89.243	1097	118	0	1	1097	20634	19538	0.0	1373
EQB56_RS15910	35	99.927	1377	1	0	1	1377	582	1958	0.0	2538
EQB56_RS15915	35	100.000	582	0	0	76	657	1	582	0.0	1075
EQB56_RS15920	27	99.677	1237	4	0	1	1237	12696	13932	0.0	2263
EQB56_RS15925	27	98.969	97	1	0	60	156	12581	12677	1.04e-44	174
EQB56_RS15935	27	99.715	351	1	0	1	351	12024	12374	0.0	643
EQB56_RS17085	27	97.790	543	1	1	1	543	11337	11868	0.0	926
EQB56_RS15960	31	87.629	194	24	0	23	216	5568	5375	4.06e-60	226
EQB56_RS16005	31	99.405	336	2	0	1	336	2365	2030	3.23e-175	610
EQB56_RS16005	31	97.659	299	5	1	383	681	2034	1738	9.37e-146	512
EQB56_RS16010	22	90.685	569	53	0	14	582	23102	23670	0.0	758
EQB56_RS16065	31	99.405	336	2	0	1	336	2365	2030	3.23e-175	610
EQB56_RS16065	31	95.987	299	10	1	383	681	2034	1738	2.04e-137	484
EQB56_RS16085	31	92.727	55	4	0	108	162	2451	2397	2.43e-16	80.5
EQB56_RS16090	31	98.516	337	4	1	1	337	2365	2030	3.26e-170	593
EQB56_RS16090	31	87.333	300	34	3	384	682	2034	1738	4.68e-94	340
EQB56_RS16110	21	93.243	74	5	0	554	627	20868	20795	1.65e-24	110
EQB56_RS16155	21	99.140	1163	10	0	1	1163	21773	22935	0.0	2093
EQB56_RS16225	35	95.978	1069	42	1	228	1296	3156	2089	0.0	1735
EQB56_RS16280	2	97.797	681	15	0	1	681	82882	83562	0.0	1175
EQB56_RS16280	47	99.196	373	3	0	32	404	373	1	0.0	673
EQB56_RS16280	23	98.917	277	3	0	405	681	1	277	9.43e-141	496
EQB56_RS16280	44	97.348	264	7	0	418	681	1000	737	7.45e-127	449
EQB56_RS16280	53	100.000	29	0	0	2	30	76	104	6.82e-08	54.7
EQB56_RS16355	2	96.804	438	14	0	212	649	83125	83562	0.0	732
EQB56_RS16355	2	99.558	226	1	0	1	226	82882	83107	9.30e-116	412
EQB56_RS16355	23	99.639	277	1	0	373	649	1	277	4.15e-144	507
EQB56_RS16355	44	98.106	264	5	0	386	649	1000	737	3.27e-130	460
EQB56_RS16355	47	99.487	195	1	0	32	226	373	179	1.59e-98	355
EQB56_RS16355	47	98.710	155	2	0	218	372	155	1	1.27e-74	276
EQB56_RS16355	53	100.000	29	0	0	2	30	76	104	6.49e-08	54.7
EQB56_RS16360	2	100.000	35	0	0	794	828	83619	83585	3.86e-11	65.8
EQB56_RS16360	44	100.000	33	0	0	796	828	682	714	4.99e-10	62.1
EQB56_RS16360	23	100.000	32	0	0	797	828	331	300	1.79e-09	60.2
EQB56_RS16410	31	99.107	336	3	0	1	336	2365	2030	1.50e-173	604
EQB56_RS16410	31	98.328	299	3	1	383	681	2034	1738	4.33e-149	523
EQB56_RS16615	44	100.000	51	0	0	1	51	733	683	3.64e-20	95.3
EQB56_RS16615	23	100.000	51	0	0	1	51	281	331	3.64e-20	95.3
EQB56_RS16615	2	100.000	51	0	0	1	51	83566	83616	3.64e-20	95.3
EQB56_RS16620	2	98.238	681	12	0	1	681	82882	83562	0.0	1192
EQB56_RS16620	47	99.732	373	1	0	32	404	373	1	0.0	684
EQB56_RS16620	23	99.639	277	1	0	405	681	1	277	4.36e-144	507
EQB56_RS16620	44	98.106	264	5	0	418	681	1000	737	3.44e-130	460
EQB56_RS16625	38	98.810	84	1	0	1	84	2505	2422	8.34e-38	150
EQB56_RS16630	38	99.729	738	2	0	1	738	2297	1560	0.0	1352
EQB56_RS16635	40	95.262	781	37	0	84	864	423	1203	0.0	1238
EQB56_RS16640	40	84.588	279	31	11	1	273	66	338	3.08e-72	267
EQB56_RS16645	51	97.037	135	4	0	27	161	135	1	1.10e-60	228
EQB56_RS16650	38	96.140	855	33	0	1	855	985	131	0.0	1397
EQB56_RS16660	39	100.000	208	0	0	1	208	1017	810	1.78e-107	385
EQB56_RS16665	39	100.000	189	0	0	1	189	997	1185	1.99e-97	350
EQB56_RS16670	39	100.000	795	0	0	1	795	2087	1293	0.0	1469
EQB56_RS16675	39	100.000	281	0	0	263	543	2460	2180	4.43e-148	520
EQB56_RS16675	39	100.000	262	0	0	1	262	262	1	1.62e-137	484
EQB56_RS16680	39	100.000	554	0	0	356	909	812	259	0.0	1024
EQB56_RS16725	43	98.750	960	12	0	1	960	97	1056	0.0	1707
EQB56_RS16730	2	98.091	681	13	0	1	681	82882	83562	0.0	1186
EQB56_RS16730	47	99.732	373	1	0	32	404	373	1	0.0	684
EQB56_RS16730	23	99.278	277	2	0	405	681	1	277	2.03e-142	501
EQB56_RS16730	44	97.727	264	6	0	418	681	1000	737	1.60e-128	455
EQB38_RS15725	21	99.484	1163	6	0	1	1163	21773	22935	0.0	2115
EQB38_RS15865	42	75.746	503	116	4	752	1251	640	141	5.44e-66	248
EQB38_RS15965	2	98.091	681	13	0	1	681	82882	83562	0.0	1186
EQB38_RS15965	47	99.732	373	1	0	32	404	373	1	0.0	684
EQB38_RS15965	23	99.639	277	1	0	405	681	1	277	4.36e-144	507
EQB38_RS15965	44	98.106	264	5	0	418	681	1000	737	3.44e-130	460
EQB38_RS16060	21	91.951	410	33	0	14	423	27452	27861	7.18e-165	575
EQB38_RS16105	21	99.398	1163	7	0	1	1163	21773	22935	0.0	2109
EQB38_RS16115	21	99.691	1293	4	0	1	1293	20634	19342	0.0	2366
EQB38_RS16120	21	100.000	261	0	0	1	261	21168	20908	2.69e-137	483
EQB38_RS16125	31	86.658	757	101	0	423	1179	6131	5375	0.0	839
EQB38_RS16130	21	99.573	1170	5	0	1	1170	26692	27861	0.0	2134
EQB38_RS16135	21	100.000	39	0	0	1282	1320	28224	28186	3.71e-13	73.1
EQB38_RS16140	35	100.000	566	0	0	1	566	3513	4078	0.0	1046
EQB38_RS16150	35	98.824	85	1	0	1	85	3241	3157	1.78e-37	152
EQB38_RS16230	35	99.927	1377	1	0	1	1377	582	1958	0.0	2538
EQB38_RS16235	35	100.000	582	0	0	76	657	1	582	0.0	1075
EQB38_RS16240	27	99.677	1237	4	0	1	1237	12696	13932	0.0	2263
EQB38_RS16245	27	98.969	97	1	0	60	156	12581	12677	1.04e-44	174
EQB38_RS16255	27	99.715	351	1	0	1	351	12024	12374	0.0	643
EQB38_RS17365	27	97.790	543	1	1	1	543	11337	11868	0.0	926
EQB38_RS16280	31	87.629	194	24	0	23	216	5568	5375	4.06e-60	226
EQB38_RS16325	31	99.405	336	2	0	1	336	2365	2030	3.23e-175	610
EQB38_RS16325	31	97.659	299	5	1	383	681	2034	1738	9.37e-146	512
EQB38_RS16330	22	90.685	569	53	0	14	582	23102	23670	0.0	758
EQB38_RS16385	31	99.405	336	2	0	1	336	2365	2030	2.93e-175	610
EQB38_RS16385	31	96.234	239	9	0	383	621	2034	1796	1.16e-109	392
EQB38_RS16405	31	92.727	55	4	0	108	162	2451	2397	2.43e-16	80.5
EQB38_RS16410	31	98.516	337	4	1	1	337	2365	2030	3.26e-170	593
EQB38_RS16410	31	87.333	300	34	3	384	682	2034	1738	4.68e-94	340
EQB38_RS16430	21	93.243	74	5	0	554	627	20868	20795	1.65e-24	110
EQB38_RS16475	21	99.312	1163	8	0	1	1163	21773	22935	0.0	2104
EQB38_RS16550	35	95.978	1069	42	1	228	1296	3156	2089	0.0	1735
EQB38_RS16605	2	97.797	681	15	0	1	681	82882	83562	0.0	1175
EQB38_RS16605	47	99.196	373	3	0	32	404	373	1	0.0	673
EQB38_RS16605	23	98.917	277	3	0	405	681	1	277	9.43e-141	496
EQB38_RS16605	44	97.348	264	7	0	418	681	1000	737	7.45e-127	449
EQB38_RS16605	53	100.000	29	0	0	2	30	76	104	6.82e-08	54.7
EQB38_RS16680	2	96.804	438	14	0	212	649	83125	83562	0.0	732
EQB38_RS16680	2	99.558	226	1	0	1	226	82882	83107	9.30e-116	412
EQB38_RS16680	23	99.639	277	1	0	373	649	1	277	4.15e-144	507
EQB38_RS16680	44	98.106	264	5	0	386	649	1000	737	3.27e-130	460
EQB38_RS16680	47	99.487	195	1	0	32	226	373	179	1.59e-98	355
EQB38_RS16680	47	98.710	155	2	0	218	372	155	1	1.27e-74	276
EQB38_RS16680	53	100.000	29	0	0	2	30	76	104	6.49e-08	54.7
EQB38_RS16685	2	100.000	35	0	0	794	828	83619	83585	3.86e-11	65.8
EQB38_RS16685	44	100.000	33	0	0	796	828	682	714	4.99e-10	62.1
EQB38_RS16685	23	100.000	32	0	0	797	828	331	300	1.79e-09	60.2
EQB38_RS16735	31	99.107	336	3	0	1	336	2365	2030	1.50e-173	604
EQB38_RS16735	31	98.328	299	3	1	383	681	2034	1738	4.33e-149	523
EQB38_RS16765	38	100.000	82	0	0	1	82	1641	1560	2.25e-38	152
EQB38_RS16805	2	98.385	681	11	0	1	681	82882	83562	0.0	1197
EQB38_RS16805	47	99.732	373	1	0	32	404	373	1	0.0	684
EQB38_RS16805	23	99.639	277	1	0	405	681	1	277	4.36e-144	507
EQB38_RS16805	44	98.106	264	5	0	418	681	1000	737	3.44e-130	460
EQB38_RS16805	53	100.000	29	0	0	2	30	76	104	6.82e-08	54.7
EQB38_RS16875	2	98.091	681	13	0	1	681	82882	83562	0.0	1186
EQB38_RS16875	47	99.732	373	1	0	32	404	373	1	0.0	684
EQB38_RS16875	23	99.278	277	2	0	405	681	1	277	2.03e-142	501
EQB38_RS16875	44	97.727	264	6	0	418	681	1000	737	1.60e-128	455
EQB38_RS16905	2	100.000	70	0	0	1	70	82876	82807	6.34e-31	130
EQB38_RS16905	53	100.000	69	0	0	1	69	69	1	2.28e-30	128
EQB38_RS16910	2	98.091	681	13	0	1	681	82882	83562	0.0	1186
EQB38_RS16910	47	99.732	373	1	0	32	404	373	1	0.0	684
EQB38_RS16910	23	99.278	277	2	0	405	681	1	277	2.03e-142	501
EQB38_RS16910	44	97.727	264	6	0	418	681	1000	737	1.60e-128	455
EQB38_RS16915	43	98.750	960	12	0	1	960	97	1056	0.0	1707
EQB38_RS16925	2	98.238	681	12	0	1	681	82882	83562	0.0	1192
EQB38_RS16925	47	99.464	373	2	0	32	404	373	1	0.0	678
EQB38_RS16925	23	99.639	277	1	0	405	681	1	277	4.36e-144	507
EQB38_RS16925	44	98.106	264	5	0	418	681	1000	737	3.44e-130	460
EQB38_RS16925	53	100.000	29	0	0	2	30	76	104	6.82e-08	54.7
EQB38_RS16945	21	91.925	161	13	0	66	226	12581	12421	7.78e-60	226
EQB38_RS16970	44	99.060	532	5	0	1614	2145	683	152	0.0	955
EQB38_RS16970	38	94.231	260	15	0	1886	2145	1389	1130	8.81e-111	398
EQB38_RS16975	51	100.000	135	0	0	33	167	135	1	2.71e-67	250
EQB38_RS16975	38	100.000	73	0	0	168	240	2626	2554	7.91e-33	135
EQB38_RS16975	38	100.000	31	0	0	1	31	32	2	1.76e-09	58.4
EQB38_RS16975	44	100.000	32	0	0	1	32	32	1	4.90e-10	60.2
EQB38_RS16980	38	98.824	85	0	1	1	85	2505	2422	8.47e-38	150
EQB38_RS16985	38	99.543	656	3	0	1	656	2297	1642	0.0	1195
EQB38_RS17005	2	98.385	681	11	0	1	681	82882	83562	0.0	1197
EQB38_RS17005	47	99.732	373	1	0	32	404	373	1	0.0	684
EQB38_RS17005	23	99.639	277	1	0	405	681	1	277	4.36e-144	507
EQB38_RS17005	44	98.106	264	5	0	418	681	1000	737	3.44e-130	460
EQB38_RS17005	53	100.000	29	0	0	2	30	76	104	6.82e-08	54.7
EQB38_RS17020	2	98.385	681	11	0	1	681	82882	83562	0.0	1197
EQB38_RS17020	47	99.732	373	1	0	32	404	373	1	0.0	684
EQB38_RS17020	23	99.639	277	1	0	405	681	1	277	4.36e-144	507
EQB38_RS17020	44	98.106	264	5	0	418	681	1000	737	3.44e-130	460
EQB38_RS17020	53	100.000	29	0	0	2	30	76	104	6.82e-08	54.7
EQB55_RS13580	21	99.484	1163	6	0	1	1163	21773	22935	0.0	2115
EQB55_RS13730	42	75.547	503	117	4	752	1251	640	141	2.53e-64	243
EQB55_RS13845	31	86.298	759	101	2	423	1180	6131	5375	0.0	822
EQB55_RS13860	3	76.746	1217	277	6	28	1241	324012	322799	0.0	675
EQB55_RS13900	27	91.549	213	18	0	7	219	9649	9437	1.12e-80	294
EQB55_RS13900	31	85.380	171	23	2	1	170	5581	5412	4.22e-45	176
EQB55_RS13915	2	96.804	438	14	0	212	649	83125	83562	0.0	732
EQB55_RS13915	2	99.558	226	1	0	1	226	82882	83107	9.30e-116	412
EQB55_RS13915	23	99.639	277	1	0	373	649	1	277	4.15e-144	507
EQB55_RS13915	44	98.106	264	5	0	386	649	1000	737	3.27e-130	460
EQB55_RS13915	47	99.487	195	1	0	32	226	373	179	1.59e-98	355
EQB55_RS13915	47	98.710	155	2	0	218	372	155	1	1.27e-74	276
EQB55_RS13915	53	100.000	29	0	0	2	30	76	104	6.49e-08	54.7
EQB55_RS13965	22	82.339	821	141	4	1	819	20706	21524	0.0	710
EQB55_RS13970	22	80.615	650	120	6	37	683	20514	19868	2.66e-141	497
EQB55_RS13975	22	81.921	1510	259	14	1	1503	19850	18348	0.0	1264
EQB55_RS13990	21	99.484	1163	6	0	1	1163	21773	22935	0.0	2115
EQB55_RS14055	21	98.972	1167	7	4	1	1166	21773	22935	0.0	2084
EQB55_RS14075	21	99.691	1293	4	0	1	1293	20634	19342	0.0	2366
EQB55_RS14080	21	100.000	261	0	0	1	261	21168	20908	2.69e-137	483
EQB55_RS14085	31	86.658	757	101	0	423	1179	6131	5375	0.0	839
EQB55_RS14100	21	99.495	396	2	0	1	396	23878	23483	0.0	721
EQB55_RS14105	21	99.647	849	3	0	1	849	24739	23891	0.0	1552
EQB55_RS14110	21	100.000	828	0	0	1	828	25581	24754	0.0	1530
EQB55_RS14115	21	99.764	846	2	0	1	846	26438	25593	0.0	1552
EQB55_RS14120	21	99.573	1170	5	0	1	1170	26692	27861	0.0	2134
EQB55_RS14125	21	100.000	39	0	0	1282	1320	28224	28186	3.71e-13	73.1
EQB55_RS14130	35	100.000	566	0	0	1	566	3513	4078	0.0	1046
EQB55_RS14140	35	98.824	85	1	0	1	85	3241	3157	1.78e-37	152
EQB55_RS14235	35	99.855	1377	2	0	1	1377	582	1958	0.0	2532
EQB55_RS14240	35	100.000	582	0	0	76	657	1	582	0.0	1075
EQB55_RS14245	27	99.596	1237	5	0	1	1237	12696	13932	0.0	2257
EQB55_RS14250	27	98.969	97	1	0	60	156	12581	12677	1.04e-44	174
EQB55_RS14265	31	87.629	194	24	0	23	216	5568	5375	4.06e-60	226
EQB55_RS14295	2	98.240	682	11	1	1	682	82882	83562	0.0	1192
EQB55_RS14295	47	99.465	374	1	1	32	405	373	1	0.0	678
EQB55_RS14295	23	99.639	277	1	0	406	682	1	277	4.36e-144	507
EQB55_RS14295	44	98.106	264	5	0	419	682	1000	737	3.45e-130	460
EQB55_RS14295	53	100.000	29	0	0	2	30	76	104	6.83e-08	54.7
EQB55_RS14330	2	98.238	681	11	1	1	680	82882	83562	0.0	1190
EQB55_RS14330	47	99.464	373	1	1	32	403	373	1	0.0	676
EQB55_RS14330	23	99.639	277	1	0	404	680	1	277	4.35e-144	507
EQB55_RS14330	44	98.106	264	5	0	417	680	1000	737	3.44e-130	460
EQB55_RS14330	53	100.000	29	0	0	2	30	76	104	6.81e-08	54.7
EQB55_RS14340	39	100.000	208	0	0	1	208	1017	810	1.78e-107	385
EQB55_RS14345	39	100.000	189	0	0	1	189	997	1185	1.99e-97	350
EQB55_RS14350	39	99.499	799	0	2	1	799	2087	1293	0.0	1450
EQB55_RS14355	39	97.569	288	0	2	264	551	2460	2180	4.57e-138	486
EQB55_RS14355	39	99.620	263	0	1	1	263	262	1	7.64e-136	479
EQB55_RS14360	39	99.598	497	1	1	356	852	812	317	0.0	905
EQB55_RS14365	38	97.872	141	3	0	1	141	1414	1274	6.93e-66	244
EQB55_RS14365	44	99.138	116	1	0	26	141	411	296	2.53e-55	209
EQB55_RS14375	38	99.729	738	2	0	1	738	2297	1560	0.0	1352
EQB55_RS14380	38	98.810	84	1	0	1	84	2505	2422	8.34e-38	150
EQB55_RS14385	51	100.000	135	0	0	33	167	135	1	2.71e-67	250
EQB55_RS14385	38	100.000	73	0	0	168	240	2626	2554	7.91e-33	135
EQB55_RS14385	38	100.000	31	0	0	1	31	32	2	1.76e-09	58.4
EQB55_RS14385	44	100.000	32	0	0	1	32	32	1	4.90e-10	60.2
EQB55_RS14390	44	97.876	518	11	0	14	531	669	152	0.0	896
EQB55_RS14390	38	94.615	260	14	0	272	531	1389	1130	4.55e-113	403
EQB55_RS14395	44	100.000	30	0	0	1	30	640	669	1.32e-08	56.5
EQB55_RS14445	39	81.762	488	87	2	356	842	812	326	5.81e-114	407
EQB55_RS14515	39	81.762	488	87	2	356	842	812	326	5.81e-114	407
EQB55_RS14580	31	98.662	299	2	1	14	312	2034	1738	4.11e-151	529
EQB55_RS14655	21	71.737	1157	279	42	12	1143	21779	22912	4.95e-76	281
EQB55_RS14730	2	98.238	681	12	0	1	681	82882	83562	0.0	1192
EQB55_RS14730	47	99.464	373	2	0	32	404	373	1	0.0	678
EQB55_RS14730	23	99.639	277	1	0	405	681	1	277	4.36e-144	507
EQB55_RS14730	44	98.106	264	5	0	418	681	1000	737	3.44e-130	460
EQB55_RS14730	53	100.000	29	0	0	2	30	76	104	6.82e-08	54.7
EQB55_RS14790	2	96.804	438	14	0	212	649	83125	83562	0.0	732
EQB55_RS14790	2	99.558	226	1	0	1	226	82882	83107	9.30e-116	412
EQB55_RS14790	23	99.639	277	1	0	373	649	1	277	4.15e-144	507
EQB55_RS14790	44	98.106	264	5	0	386	649	1000	737	3.27e-130	460
EQB55_RS14790	47	99.487	195	1	0	32	226	373	179	1.59e-98	355
EQB55_RS14790	47	98.710	155	2	0	218	372	155	1	1.27e-74	276
EQB55_RS14790	53	100.000	29	0	0	2	30	76	104	6.49e-08	54.7
EQB55_RS14795	2	100.000	35	0	0	794	828	83619	83585	3.86e-11	65.8
EQB55_RS14795	44	100.000	33	0	0	796	828	682	714	4.99e-10	62.1
EQB55_RS14795	23	100.000	32	0	0	797	828	331	300	1.79e-09	60.2
EQB55_RS14845	31	99.107	336	3	0	1	336	2365	2030	1.50e-173	604
EQB55_RS14845	31	98.328	299	3	1	383	681	2034	1738	4.33e-149	523
EQB55_RS14880	2	98.385	681	11	0	1	681	82882	83562	0.0	1197
EQB55_RS14880	47	99.732	373	1	0	32	404	373	1	0.0	684
EQB55_RS14880	23	99.639	277	1	0	405	681	1	277	4.36e-144	507
EQB55_RS14880	44	98.106	264	5	0	418	681	1000	737	3.44e-130	460
EQB55_RS14880	53	100.000	29	0	0	2	30	76	104	6.82e-08	54.7
EQB55_RS14895	2	98.385	681	11	0	1	681	82882	83562	0.0	1197
EQB55_RS14895	47	99.732	373	1	0	32	404	373	1	0.0	684
EQB55_RS14895	23	99.639	277	1	0	405	681	1	277	4.36e-144	507
EQB55_RS14895	44	98.106	264	5	0	418	681	1000	737	3.44e-130	460
EQB55_RS14895	53	100.000	29	0	0	2	30	76	104	6.82e-08	54.7
EQB55_RS14900	21	99.360	781	5	0	1	781	21773	22553	0.0	1415
EQB55_RS14905	21	100.000	35	0	0	221	255	21698	21732	1.12e-11	65.8
EQB55_RS14950	2	98.385	681	11	0	1	681	82882	83562	0.0	1197
EQB55_RS14950	47	99.732	373	1	0	32	404	373	1	0.0	684
EQB55_RS14950	23	99.639	277	1	0	405	681	1	277	4.36e-144	507
EQB55_RS14950	44	98.106	264	5	0	418	681	1000	737	3.44e-130	460
EQB55_RS14950	53	100.000	29	0	0	2	30	76	104	6.82e-08	54.7
EQB55_RS14955	44	100.000	34	0	0	867	900	681	714	1.51e-10	63.9
EQB55_RS14955	23	97.222	36	1	0	865	900	335	300	5.43e-10	62.1
EQB55_RS14955	2	100.000	33	0	0	868	900	83617	83585	5.43e-10	62.1
EQB55_RS14980	8	96.458	1920	68	0	1	1920	34025	35944	0.0	3169
EQB55_RS14985	8	99.145	117	1	0	1	117	33893	34009	5.69e-56	211
EQB55_RS14995	8	99.786	933	2	0	1	933	32716	33648	0.0	1712
EQB55_RS15000	8	99.501	1002	5	0	1	1002	31718	32719	0.0	1823
EQB55_RS15005	8	92.132	2186	156	7	1	2178	29544	31721	0.0	3070
EQB55_RS15010	8	99.918	2448	2	0	1	2448	27094	29541	0.0	4510
EQB55_RS15015	8	100.000	507	0	0	1	507	26604	27110	0.0	937
EQB55_RS15020	8	100.000	498	0	0	1	498	26132	26629	0.0	920
EQB55_RS15025	8	100.000	201	0	0	25	225	25815	26015	5.16e-104	372
EQB55_RS15035	8	99.834	1206	2	0	1	1206	24546	25751	0.0	2217
EQB55_RS15040	8	100.000	153	0	0	1	153	24371	24523	1.61e-77	283
EQB55_RS15045	8	100.000	1386	0	0	1	1386	22983	24368	0.0	2560
EQB55_RS15050	8	100.000	387	0	0	1	387	22568	22954	0.0	715
EQB55_RS15055	8	100.000	315	0	0	1	315	22238	22552	3.14e-167	582
EQB55_RS15080	2	96.804	438	14	0	212	649	83125	83562	0.0	732
EQB55_RS15080	2	99.558	226	1	0	1	226	82882	83107	9.30e-116	412
EQB55_RS15080	23	99.639	277	1	0	373	649	1	277	4.15e-144	507
EQB55_RS15080	44	98.106	264	5	0	386	649	1000	737	3.27e-130	460
EQB55_RS15080	47	99.487	195	1	0	32	226	373	179	1.59e-98	355
EQB55_RS15080	47	98.710	155	2	0	218	372	155	1	1.27e-74	276
EQB55_RS15080	53	100.000	29	0	0	2	30	76	104	6.49e-08	54.7
EQB55_RS15115	21	99.487	390	2	0	1	390	22546	22935	0.0	710
EQB55_RS15120	2	98.385	681	11	0	1	681	82882	83562	0.0	1197
EQB55_RS15120	47	99.732	373	1	0	32	404	373	1	0.0	684
EQB55_RS15120	23	99.639	277	1	0	405	681	1	277	4.36e-144	507
EQB55_RS15120	44	98.106	264	5	0	418	681	1000	737	3.44e-130	460
EQB55_RS15120	53	100.000	29	0	0	2	30	76	104	6.82e-08	54.7
EQB55_RS15125	51	100.000	135	0	0	33	167	135	1	3.06e-67	250
EQB55_RS15125	38	97.087	103	1	1	168	270	2626	2526	6.82e-44	172
EQB55_RS15125	38	100.000	31	0	0	1	31	32	2	1.99e-09	58.4
EQB55_RS15125	44	100.000	32	0	0	1	32	32	1	5.54e-10	60.2
EQB55_RS15130	38	100.000	84	0	0	1	84	2505	2422	1.79e-39	156
EQB55_RS15135	38	99.729	738	2	0	1	738	2297	1560	0.0	1352
EQB55_RS15145	44	98.462	260	4	0	2	261	411	152	4.53e-130	459
EQB55_RS15145	38	95.019	261	13	0	1	261	1390	1130	1.29e-115	411
EQB55_RS15170	39	100.000	554	0	0	356	909	812	259	0.0	1024
EQB55_RS15175	39	100.000	281	0	0	263	543	2460	2180	4.43e-148	520
EQB55_RS15175	39	100.000	262	0	0	1	262	262	1	1.62e-137	484
EQB55_RS15180	39	100.000	795	0	0	1	795	2087	1293	0.0	1469
EQB55_RS15185	39	100.000	189	0	0	1	189	997	1185	1.99e-97	350
EQB55_RS15190	39	100.000	102	0	0	1	102	1017	916	2.58e-49	189
EQB55_RS15195	2	98.385	681	11	0	1	681	82882	83562	0.0	1197
EQB55_RS15195	47	99.732	373	1	0	32	404	373	1	0.0	684
EQB55_RS15195	23	99.639	277	1	0	405	681	1	277	4.36e-144	507
EQB55_RS15195	44	98.106	264	5	0	418	681	1000	737	3.44e-130	460
EQB55_RS15195	53	100.000	29	0	0	2	30	76	104	6.82e-08	54.7
EQB55_RS15230	22	83.788	586	95	0	8	593	23084	23669	3.84e-159	556
EQB40_RS13565	42	75.746	503	116	4	752	1251	640	141	5.44e-66	248
EQB40_RS13825	2	98.091	681	13	0	1	681	82882	83562	0.0	1186
EQB40_RS13825	47	99.732	373	1	0	32	404	373	1	0.0	684
EQB40_RS13825	23	99.639	277	1	0	405	681	1	277	4.36e-144	507
EQB40_RS13825	44	98.106	264	5	0	418	681	1000	737	3.44e-130	460
EQB40_RS13865	2	97.032	438	13	0	212	649	83125	83562	0.0	737
EQB40_RS13865	2	99.558	226	1	0	1	226	82882	83107	9.30e-116	412
EQB40_RS13865	23	99.639	277	1	0	373	649	1	277	4.15e-144	507
EQB40_RS13865	44	98.106	264	5	0	386	649	1000	737	3.27e-130	460
EQB40_RS13865	47	99.487	195	1	0	32	226	373	179	1.59e-98	355
EQB40_RS13865	47	99.355	155	1	0	218	372	155	1	2.74e-76	281
EQB40_RS13865	53	100.000	29	0	0	2	30	76	104	6.49e-08	54.7
EQB40_RS13880	21	95.238	84	2	2	1	84	21487	21568	3.02e-32	132
EQB40_RS13880	27	97.222	72	2	0	1	72	10650	10721	1.82e-29	122
EQB40_RS13885	27	92.045	1144	87	4	1	1142	10627	9486	0.0	1605
EQB40_RS13885	31	95.522	201	9	0	979	1179	5575	5375	2.97e-88	322
EQB40_RS13885	31	99.254	134	0	1	226	358	6261	6128	8.57e-64	241
EQB40_RS13885	21	98.462	65	1	0	1	65	21464	21400	5.42e-26	115
EQB40_RS14060	2	90.015	681	68	0	1	681	82882	83562	0.0	881
EQB40_RS14060	31	98.512	336	5	0	1	336	2365	2030	3.25e-170	593
EQB40_RS14060	23	99.639	277	1	0	405	681	1	277	4.36e-144	507
EQB40_RS14060	44	98.106	264	5	0	418	681	1000	737	3.44e-130	460
EQB40_RS14060	47	86.575	365	49	0	40	404	365	1	5.88e-113	403
EQB40_RS14090	31	99.405	336	2	0	1	336	2365	2030	3.23e-175	610
EQB40_RS14090	31	97.993	299	4	1	383	681	2034	1738	2.01e-147	518
EQB40_RS14215	2	98.385	681	11	0	1	681	82882	83562	0.0	1197
EQB40_RS14215	47	99.732	373	1	0	32	404	373	1	0.0	684
EQB40_RS14215	23	99.639	277	1	0	405	681	1	277	4.36e-144	507
EQB40_RS14215	44	98.106	264	5	0	418	681	1000	737	3.44e-130	460
EQB40_RS14215	53	100.000	29	0	0	2	30	76	104	6.82e-08	54.7
EQB40_RS14235	22	89.226	594	64	0	3	596	23079	23672	0.0	743
EQB40_RS14255	31	99.107	336	3	0	1	336	2365	2030	1.50e-173	604
EQB40_RS14255	31	98.328	299	3	1	383	681	2034	1738	4.33e-149	523
EQB40_RS14475	21	99.484	1163	6	0	1	1163	21773	22935	0.0	2115
EQB40_RS14530	21	96.907	97	2	1	663	759	23060	22965	4.37e-40	161
EQB40_RS14535	21	99.484	1163	6	0	1	1163	21773	22935	0.0	2115
EQB40_RS14540	21	100.000	35	0	0	708	742	21698	21732	3.44e-11	65.8
EQB40_RS14560	31	86.658	757	101	0	423	1179	6131	5375	0.0	839
EQB40_RS14715	31	99.702	336	1	0	1	336	2365	2030	6.94e-177	616
EQB40_RS14715	31	98.328	299	3	1	383	681	2034	1738	4.33e-149	523
EQB40_RS14725	23	98.765	162	2	0	1	162	116	277	3.70e-79	289
EQB40_RS14725	44	96.914	162	5	0	1	162	898	737	3.73e-74	272
EQB40_RS14725	2	96.914	162	5	0	1	162	83401	83562	3.73e-74	272
EQB40_RS14730	31	97.890	237	3	1	1	237	1972	1738	4.16e-115	409
EQB40_RS14735	2	97.309	223	6	0	5	227	83186	83408	3.44e-106	379
EQB40_RS14735	23	100.000	123	0	0	105	227	1	123	1.32e-60	228
EQB40_RS14735	44	99.091	110	1	0	118	227	1000	891	1.04e-51	198
EQB40_RS14735	47	100.000	100	0	0	5	104	100	1	8.06e-48	185
EQB40_RS14745	31	99.702	336	1	0	1	336	2365	2030	6.94e-177	616
EQB40_RS14745	31	98.328	299	3	1	383	681	2034	1738	4.33e-149	523
EQB40_RS14770	21	91.925	161	13	0	66	226	12581	12421	7.78e-60	226
EQB40_RS14790	2	98.238	681	12	0	1	681	82882	83562	0.0	1192
EQB40_RS14790	47	99.464	373	2	0	32	404	373	1	0.0	678
EQB40_RS14790	23	99.639	277	1	0	405	681	1	277	4.36e-144	507
EQB40_RS14790	44	98.106	264	5	0	418	681	1000	737	3.44e-130	460
EQB40_RS14790	53	100.000	29	0	0	2	30	76	104	6.82e-08	54.7
EQB40_RS14795	21	100.000	39	0	0	1282	1320	28224	28186	3.71e-13	73.1
EQB40_RS14800	35	100.000	566	0	0	1	566	3513	4078	0.0	1046
EQB40_RS14810	35	98.824	85	1	0	1	85	3241	3157	4.47e-37	152
EQB40_RS14815	9	80.039	1538	296	10	33	1566	82096	83626	0.0	1129
EQB40_RS14925	42	75.746	503	116	4	752	1251	640	141	5.44e-66	248
EQB40_RS14945	35	98.824	85	1	0	1	85	3241	3157	4.47e-37	152
EQB40_RS15000	21	89.243	1097	118	0	1	1097	20634	19538	0.0	1373
EQB40_RS15005	35	99.927	1377	1	0	1	1377	582	1958	0.0	2538
EQB40_RS15010	35	100.000	582	0	0	76	657	1	582	0.0	1075
EQB40_RS15015	27	99.677	1237	4	0	1	1237	12696	13932	0.0	2263
EQB40_RS15020	27	98.969	97	1	0	60	156	12581	12677	1.04e-44	174
EQB40_RS15030	27	99.715	351	1	0	1	351	12024	12374	0.0	643
EQB40_RS15030	21	99.000	100	1	0	351	450	21579	21678	7.02e-46	180
EQB40_RS15785	27	97.790	543	1	1	1	543	11337	11868	0.0	926
EQB40_RS15050	2	98.238	681	12	0	1	681	82882	83562	0.0	1192
EQB40_RS15050	47	99.732	373	1	0	32	404	373	1	0.0	684
EQB40_RS15050	23	99.639	277	1	0	405	681	1	277	4.36e-144	507
EQB40_RS15050	44	98.106	264	5	0	418	681	1000	737	3.44e-130	460
EQB40_RS15160	2	98.385	681	11	0	1	681	82882	83562	0.0	1197
EQB40_RS15160	47	99.732	373	1	0	32	404	373	1	0.0	684
EQB40_RS15160	23	99.639	277	1	0	405	681	1	277	4.36e-144	507
EQB40_RS15160	44	98.106	264	5	0	418	681	1000	737	3.44e-130	460
EQB40_RS15160	53	100.000	29	0	0	2	30	76	104	6.82e-08	54.7
EQB40_RS15195	2	98.385	681	11	0	1	681	82882	83562	0.0	1197
EQB40_RS15195	47	99.732	373	1	0	32	404	373	1	0.0	684
EQB40_RS15195	23	99.639	277	1	0	405	681	1	277	4.36e-144	507
EQB40_RS15195	44	98.106	264	5	0	418	681	1000	737	3.44e-130	460
EQB40_RS15195	53	100.000	29	0	0	2	30	76	104	6.82e-08	54.7
EQB40_RS15425	22	83.788	586	95	0	8	593	23084	23669	3.84e-159	556
EQB54_RS15165	21	99.484	1163	6	0	1	1163	21773	22935	0.0	2115
EQB54_RS15305	42	75.746	503	116	4	752	1251	640	141	5.44e-66	248
EQB54_RS15405	2	98.091	681	13	0	1	681	82882	83562	0.0	1186
EQB54_RS15405	47	99.732	373	1	0	32	404	373	1	0.0	684
EQB54_RS15405	23	99.639	277	1	0	405	681	1	277	4.36e-144	507
EQB54_RS15405	44	98.106	264	5	0	418	681	1000	737	3.44e-130	460
EQB54_RS15460	22	82.339	821	141	4	1	819	20706	21524	0.0	710
EQB54_RS15465	22	80.615	650	120	6	37	683	20514	19868	2.66e-141	497
EQB54_RS15470	22	81.921	1510	259	14	1	1503	19850	18348	0.0	1264
EQB54_RS15485	21	99.484	1163	6	0	1	1163	21773	22935	0.0	2115
EQB54_RS15550	21	99.484	1163	6	0	1	1163	21773	22935	0.0	2115
EQB54_RS15560	21	99.691	1293	4	0	1	1293	20634	19342	0.0	2366
EQB54_RS15565	21	100.000	261	0	0	1	261	21168	20908	2.69e-137	483
EQB54_RS15570	31	86.658	757	101	0	423	1179	6131	5375	0.0	839
EQB54_RS15585	21	99.495	396	2	0	1	396	23878	23483	0.0	721
EQB54_RS15590	21	99.647	849	3	0	1	849	24739	23891	0.0	1552
EQB54_RS15595	21	100.000	828	0	0	1	828	25581	24754	0.0	1530
EQB54_RS15600	21	99.764	846	2	0	1	846	26438	25593	0.0	1552
EQB54_RS15605	21	99.588	486	2	0	1	486	26692	27177	0.0	887
EQB54_RS15620	2	98.385	681	11	0	1	681	82882	83562	0.0	1197
EQB54_RS15620	47	99.732	373	1	0	32	404	373	1	0.0	684
EQB54_RS15620	23	98.917	277	3	0	405	681	1	277	9.43e-141	496
EQB54_RS15620	44	98.106	264	5	0	418	681	1000	737	3.44e-130	460
EQB54_RS15620	53	100.000	29	0	0	2	30	76	104	6.82e-08	54.7
EQB54_RS15635	23	98.305	177	3	0	1	177	101	277	8.74e-86	311
EQB54_RS15635	44	97.740	177	4	0	1	177	913	737	4.07e-84	305
EQB54_RS15635	2	97.740	177	4	0	1	177	83386	83562	4.07e-84	305
EQB54_RS15655	31	99.702	336	1	0	1	336	2365	2030	6.94e-177	616
EQB54_RS15655	31	98.328	299	3	1	383	681	2034	1738	4.33e-149	523
EQB54_RS15665	2	97.082	377	11	0	5	381	83186	83562	0.0	636
EQB54_RS15665	23	99.278	277	2	0	105	381	1	277	1.11e-142	501
EQB54_RS15665	44	97.727	264	6	0	118	381	1000	737	8.75e-129	455
EQB54_RS15665	47	100.000	100	0	0	5	104	100	1	1.27e-47	185
EQB54_RS15675	31	100.000	74	0	0	2	75	2438	2365	5.60e-34	137
EQB54_RS15680	31	99.702	336	1	0	1	336	2365	2030	6.94e-177	616
EQB54_RS15680	31	98.328	299	3	1	383	681	2034	1738	4.33e-149	523
EQB54_RS15705	21	91.925	161	13	0	66	226	12581	12421	7.78e-60	226
EQB54_RS15725	2	98.238	681	12	0	1	681	82882	83562	0.0	1192
EQB54_RS15725	47	99.464	373	2	0	32	404	373	1	0.0	678
EQB54_RS15725	23	99.639	277	1	0	405	681	1	277	4.36e-144	507
EQB54_RS15725	44	98.106	264	5	0	418	681	1000	737	3.44e-130	460
EQB54_RS15725	53	100.000	29	0	0	2	30	76	104	6.82e-08	54.7
EQB54_RS15730	21	100.000	39	0	0	1282	1320	28224	28186	3.71e-13	73.1
EQB54_RS15735	35	100.000	566	0	0	1	566	3513	4078	0.0	1046
EQB54_RS15745	35	98.824	85	1	0	1	85	3241	3157	4.47e-37	152
EQB54_RS15750	9	80.039	1538	296	10	33	1566	82096	83626	0.0	1129
EQB54_RS15875	35	98.824	85	1	0	1	85	3241	3157	4.47e-37	152
EQB54_RS15930	21	89.243	1097	118	0	1	1097	20634	19538	0.0	1373
EQB54_RS15935	35	99.927	1377	1	0	1	1377	582	1958	0.0	2538
EQB54_RS15940	35	100.000	582	0	0	76	657	1	582	0.0	1075
EQB54_RS15945	27	99.677	1237	4	0	1	1237	12696	13932	0.0	2263
EQB54_RS15950	27	98.969	97	1	0	60	156	12581	12677	1.04e-44	174
EQB54_RS15960	27	99.715	351	1	0	1	351	12024	12374	0.0	643
EQB54_RS17145	27	97.790	543	1	1	1	543	11337	11868	0.0	926
EQB54_RS15985	31	87.629	194	24	0	23	216	5568	5375	4.06e-60	226
EQB54_RS16030	31	99.405	336	2	0	1	336	2365	2030	3.23e-175	610
EQB54_RS16030	31	97.659	299	5	1	383	681	2034	1738	9.37e-146	512
EQB54_RS16035	22	90.685	569	53	0	14	582	23102	23670	0.0	758
EQB54_RS16090	31	99.405	336	2	0	1	336	2365	2030	3.23e-175	610
EQB54_RS16090	31	95.987	299	10	1	383	681	2034	1738	2.04e-137	484
EQB54_RS16110	31	92.727	55	4	0	108	162	2451	2397	2.43e-16	80.5
EQB54_RS16115	31	98.516	337	4	1	1	337	2365	2030	3.26e-170	593
EQB54_RS16115	31	87.333	300	34	3	384	682	2034	1738	4.68e-94	340
EQB54_RS16135	21	93.243	74	5	0	554	627	20868	20795	1.65e-24	110
EQB54_RS16180	21	99.312	1163	8	0	1	1163	21773	22935	0.0	2104
EQB54_RS16250	35	95.978	1069	42	1	228	1296	3156	2089	0.0	1735
EQB54_RS16305	2	97.797	681	15	0	1	681	82882	83562	0.0	1175
EQB54_RS16305	47	99.196	373	3	0	32	404	373	1	0.0	673
EQB54_RS16305	23	98.917	277	3	0	405	681	1	277	9.43e-141	496
EQB54_RS16305	44	97.348	264	7	0	418	681	1000	737	7.45e-127	449
EQB54_RS16305	53	100.000	29	0	0	2	30	76	104	6.82e-08	54.7
EQB54_RS16380	2	96.804	438	14	0	212	649	83125	83562	0.0	732
EQB54_RS16380	2	99.558	226	1	0	1	226	82882	83107	9.30e-116	412
EQB54_RS16380	23	99.639	277	1	0	373	649	1	277	4.15e-144	507
EQB54_RS16380	44	98.106	264	5	0	386	649	1000	737	3.27e-130	460
EQB54_RS16380	47	99.487	195	1	0	32	226	373	179	1.59e-98	355
EQB54_RS16380	47	98.710	155	2	0	218	372	155	1	1.27e-74	276
EQB54_RS16380	53	100.000	29	0	0	2	30	76	104	6.49e-08	54.7
EQB54_RS16385	2	100.000	35	0	0	794	828	83619	83585	3.86e-11	65.8
EQB54_RS16385	44	100.000	33	0	0	796	828	682	714	4.99e-10	62.1
EQB54_RS16385	23	100.000	32	0	0	797	828	331	300	1.79e-09	60.2
EQB54_RS16435	31	99.107	336	3	0	1	336	2365	2030	1.50e-173	604
EQB54_RS16435	31	98.328	299	3	1	383	681	2034	1738	4.33e-149	523
EQB54_RS16475	43	98.750	960	12	0	1	960	97	1056	0.0	1707
EQB54_RS16480	2	98.091	681	13	0	1	681	82882	83562	0.0	1186
EQB54_RS16480	47	99.732	373	1	0	32	404	373	1	0.0	684
EQB54_RS16480	23	99.278	277	2	0	405	681	1	277	2.03e-142	501
EQB54_RS16480	44	97.727	264	6	0	418	681	1000	737	1.60e-128	455
EQB54_RS16740	44	100.000	51	0	0	1	51	733	683	3.64e-20	95.3
EQB54_RS16740	23	100.000	51	0	0	1	51	281	331	3.64e-20	95.3
EQB54_RS16740	2	100.000	51	0	0	1	51	83566	83616	3.64e-20	95.3
EQB54_RS16745	2	98.238	681	12	0	1	681	82882	83562	0.0	1192
EQB54_RS16745	47	99.732	373	1	0	32	404	373	1	0.0	684
EQB54_RS16745	23	99.639	277	1	0	405	681	1	277	4.36e-144	507
EQB54_RS16745	44	98.106	264	5	0	418	681	1000	737	3.44e-130	460
EQB54_RS16750	38	98.810	84	1	0	1	84	2505	2422	8.34e-38	150
EQB54_RS16755	38	99.729	738	2	0	1	738	2297	1560	0.0	1352
EQB54_RS16760	40	95.262	781	37	0	84	864	423	1203	0.0	1238
EQB54_RS16765	40	84.588	279	31	11	1	273	66	338	3.08e-72	267
EQB54_RS16770	51	97.037	135	4	0	27	161	135	1	1.10e-60	228
EQB54_RS16775	38	96.140	855	33	0	1	855	985	131	0.0	1397
EQB54_RS16785	39	100.000	208	0	0	1	208	1017	810	1.78e-107	385
EQB54_RS16790	39	100.000	189	0	0	1	189	997	1185	1.99e-97	350
EQB54_RS16795	39	100.000	795	0	0	1	795	2087	1293	0.0	1469
EQB54_RS16800	39	100.000	281	0	0	263	543	2460	2180	4.43e-148	520
EQB54_RS16800	39	100.000	262	0	0	1	262	262	1	1.62e-137	484
EQB54_RS16805	39	100.000	554	0	0	356	909	812	259	0.0	1024
EQB57_RS15720	21	99.484	1163	6	0	1	1163	21773	22935	0.0	2115
EQB57_RS15860	42	75.746	503	116	4	752	1251	640	141	5.44e-66	248
EQB57_RS15960	2	98.091	681	13	0	1	681	82882	83562	0.0	1186
EQB57_RS15960	47	99.732	373	1	0	32	404	373	1	0.0	684
EQB57_RS15960	23	99.639	277	1	0	405	681	1	277	4.36e-144	507
EQB57_RS15960	44	98.106	264	5	0	418	681	1000	737	3.44e-130	460
EQB57_RS15995	22	82.339	821	141	4	1	819	20706	21524	0.0	710
EQB57_RS16000	22	80.615	650	120	6	37	683	20514	19868	2.66e-141	497
EQB57_RS16005	22	81.921	1510	259	14	1	1503	19850	18348	0.0	1264
EQB57_RS16020	21	99.484	1163	6	0	1	1163	21773	22935	0.0	2115
EQB57_RS16085	21	99.484	1163	6	0	1	1163	21773	22935	0.0	2115
EQB57_RS16090	21	99.691	1293	4	0	1	1293	20634	19342	0.0	2366
EQB57_RS16095	21	100.000	261	0	0	1	261	21168	20908	2.69e-137	483
EQB57_RS16100	31	86.658	757	101	0	423	1179	6131	5375	0.0	839
EQB57_RS16115	2	98.385	681	11	0	1	681	82882	83562	0.0	1197
EQB57_RS16115	47	99.732	373	1	0	32	404	373	1	0.0	684
EQB57_RS16115	23	98.917	277	3	0	405	681	1	277	9.43e-141	496
EQB57_RS16115	44	98.106	264	5	0	418	681	1000	737	3.44e-130	460
EQB57_RS16115	53	100.000	29	0	0	2	30	76	104	6.82e-08	54.7
EQB57_RS16140	23	98.305	177	3	0	1	177	101	277	8.74e-86	311
EQB57_RS16140	44	97.740	177	4	0	1	177	913	737	4.07e-84	305
EQB57_RS16140	2	97.740	177	4	0	1	177	83386	83562	4.07e-84	305
EQB57_RS16160	31	99.702	336	1	0	1	336	2365	2030	6.94e-177	616
EQB57_RS16160	31	98.328	299	3	1	383	681	2034	1738	4.33e-149	523
EQB57_RS16170	2	97.082	377	11	0	5	381	83186	83562	0.0	636
EQB57_RS16170	23	99.278	277	2	0	105	381	1	277	1.11e-142	501
EQB57_RS16170	44	97.727	264	6	0	118	381	1000	737	8.75e-129	455
EQB57_RS16170	47	100.000	100	0	0	5	104	100	1	1.27e-47	185
EQB57_RS16180	31	100.000	74	0	0	2	75	2438	2365	5.60e-34	137
EQB57_RS16185	31	99.702	336	1	0	1	336	2365	2030	6.94e-177	616
EQB57_RS16185	31	98.328	299	3	1	383	681	2034	1738	4.33e-149	523
EQB57_RS16210	21	91.925	161	13	0	66	226	12581	12421	7.78e-60	226
EQB57_RS16230	2	98.238	681	12	0	1	681	82882	83562	0.0	1192
EQB57_RS16230	47	99.464	373	2	0	32	404	373	1	0.0	678
EQB57_RS16230	23	99.639	277	1	0	405	681	1	277	4.36e-144	507
EQB57_RS16230	44	98.106	264	5	0	418	681	1000	737	3.44e-130	460
EQB57_RS16230	53	100.000	29	0	0	2	30	76	104	6.82e-08	54.7
EQB57_RS16235	21	100.000	39	0	0	1282	1320	28224	28186	3.71e-13	73.1
EQB57_RS16240	35	100.000	566	0	0	1	566	3513	4078	0.0	1046
EQB57_RS16250	35	98.824	85	1	0	1	85	3241	3157	4.47e-37	152
EQB57_RS16255	9	80.039	1538	296	10	33	1566	82096	83626	0.0	1129
EQB57_RS16380	35	98.824	85	1	0	1	85	3241	3157	4.47e-37	152
EQB57_RS16435	21	89.243	1097	118	0	1	1097	20634	19538	0.0	1373
EQB57_RS16440	35	99.927	1377	1	0	1	1377	582	1958	0.0	2538
EQB57_RS16445	35	100.000	582	0	0	76	657	1	582	0.0	1075
EQB57_RS16450	27	99.677	1237	4	0	1	1237	12696	13932	0.0	2263
EQB57_RS16455	27	98.969	97	1	0	60	156	12581	12677	1.04e-44	174
EQB57_RS16480	31	87.629	194	24	0	23	216	5568	5375	4.06e-60	226
EQB57_RS16525	31	99.405	336	2	0	1	336	2365	2030	3.23e-175	610
EQB57_RS16525	31	97.659	299	5	1	383	681	2034	1738	9.37e-146	512
EQB57_RS16530	22	90.685	569	53	0	14	582	23102	23670	0.0	758
EQB57_RS16585	31	99.405	336	2	0	1	336	2365	2030	3.23e-175	610
EQB57_RS16585	31	95.987	299	10	1	383	681	2034	1738	2.04e-137	484
EQB57_RS16605	31	92.727	55	4	0	108	162	2451	2397	2.43e-16	80.5
EQB57_RS16610	31	98.516	337	4	1	1	337	2365	2030	3.26e-170	593
EQB57_RS16610	31	87.333	300	34	3	384	682	2034	1738	4.68e-94	340
EQB57_RS16630	21	93.243	74	5	0	554	627	20868	20795	1.65e-24	110
EQB57_RS16675	21	99.312	1163	8	0	1	1163	21773	22935	0.0	2104
EQB57_RS16745	35	95.978	1069	42	1	228	1296	3156	2089	0.0	1735
EQB57_RS16800	2	97.797	681	15	0	1	681	82882	83562	0.0	1175
EQB57_RS16800	47	99.196	373	3	0	32	404	373	1	0.0	673
EQB57_RS16800	23	98.917	277	3	0	405	681	1	277	9.43e-141	496
EQB57_RS16800	44	97.348	264	7	0	418	681	1000	737	7.45e-127	449
EQB57_RS16800	53	100.000	29	0	0	2	30	76	104	6.82e-08	54.7
EQB57_RS16875	2	96.804	438	14	0	212	649	83125	83562	0.0	732
EQB57_RS16875	2	99.558	226	1	0	1	226	82882	83107	9.30e-116	412
EQB57_RS16875	23	99.639	277	1	0	373	649	1	277	4.15e-144	507
EQB57_RS16875	44	98.106	264	5	0	386	649	1000	737	3.27e-130	460
EQB57_RS16875	47	99.487	195	1	0	32	226	373	179	1.59e-98	355
EQB57_RS16875	47	98.710	155	2	0	218	372	155	1	1.27e-74	276
EQB57_RS16875	53	100.000	29	0	0	2	30	76	104	6.49e-08	54.7
EQB57_RS16880	2	100.000	35	0	0	794	828	83619	83585	3.86e-11	65.8
EQB57_RS16880	44	100.000	33	0	0	796	828	682	714	4.99e-10	62.1
EQB57_RS16880	23	100.000	32	0	0	797	828	331	300	1.79e-09	60.2
EQB57_RS16930	31	99.107	336	3	0	1	336	2365	2030	1.50e-173	604
EQB57_RS16930	31	98.328	299	3	1	383	681	2034	1738	4.33e-149	523
EQB57_RS17820	39	81.762	488	87	2	356	842	812	326	5.81e-114	407
EQB57_RS17890	2	98.532	681	10	0	1	681	82882	83562	0.0	1203
EQB57_RS17890	47	99.732	373	1	0	32	404	373	1	0.0	684
EQB57_RS17890	23	99.278	277	2	0	405	681	1	277	2.03e-142	501
EQB57_RS17890	44	98.485	264	4	0	418	681	1000	737	7.40e-132	466
EQB57_RS17890	53	100.000	29	0	0	2	30	76	104	6.82e-08	54.7
EQB57_RS17935	2	98.238	681	12	0	1	681	82882	83562	0.0	1192
EQB57_RS17935	47	99.464	373	2	0	32	404	373	1	0.0	678
EQB57_RS17935	23	99.639	277	1	0	405	681	1	277	4.36e-144	507
EQB57_RS17935	44	98.106	264	5	0	418	681	1000	737	3.44e-130	460
EQB57_RS17935	53	100.000	29	0	0	2	30	76	104	6.82e-08	54.7
EQB57_RS18000	44	100.000	51	0	0	1	51	733	683	3.64e-20	95.3
EQB57_RS18000	23	100.000	51	0	0	1	51	281	331	3.64e-20	95.3
EQB57_RS18000	2	100.000	51	0	0	1	51	83566	83616	3.64e-20	95.3
EQB57_RS18005	2	98.238	681	12	0	1	681	82882	83562	0.0	1192
EQB57_RS18005	47	99.464	373	2	0	32	404	373	1	0.0	678
EQB57_RS18005	23	99.639	277	1	0	405	681	1	277	4.36e-144	507
EQB57_RS18005	44	98.106	264	5	0	418	681	1000	737	3.44e-130	460
EQB57_RS18005	53	100.000	29	0	0	2	30	76	104	6.82e-08	54.7
EQB57_RS18010	38	97.619	84	2	0	1	84	2505	2422	3.88e-36	145
EQB57_RS18015	38	99.593	738	3	0	1	738	2297	1560	0.0	1347
EQB57_RS18030	40	89.352	864	92	0	1	864	340	1203	0.0	1086
EQB57_RS18035	40	93.040	273	19	0	1	273	66	338	2.91e-112	399
EQB57_RS18040	51	97.037	135	4	0	33	167	135	1	1.13e-60	228
EQB57_RS18040	38	100.000	32	0	0	1	32	32	1	4.36e-10	60.2
EQB57_RS18040	44	100.000	31	0	0	1	31	32	2	1.57e-09	58.4
EQB57_RS18045	38	96.257	855	32	0	1	855	985	131	0.0	1402
EQB57_RS18050	44	93.797	532	33	0	957	1488	683	152	0.0	800
EQB57_RS18050	38	94.615	260	14	0	1229	1488	1389	1130	1.31e-112	403
EQB48_RS15175	21	99.484	1163	6	0	1	1163	21773	22935	0.0	2115
EQB48_RS15315	42	75.746	503	116	4	752	1251	640	141	5.44e-66	248
EQB48_RS15415	2	98.091	681	13	0	1	681	82882	83562	0.0	1186
EQB48_RS15415	47	99.732	373	1	0	32	404	373	1	0.0	684
EQB48_RS15415	23	99.639	277	1	0	405	681	1	277	4.36e-144	507
EQB48_RS15415	44	98.106	264	5	0	418	681	1000	737	3.44e-130	460
EQB48_RS15470	22	82.339	821	141	4	1	819	20706	21524	0.0	710
EQB48_RS15475	22	80.615	650	120	6	37	683	20514	19868	2.66e-141	497
EQB48_RS15480	22	81.921	1510	259	14	1	1503	19850	18348	0.0	1264
EQB48_RS15495	21	99.484	1163	6	0	1	1163	21773	22935	0.0	2115
EQB48_RS15560	21	99.484	1163	6	0	1	1163	21773	22935	0.0	2115
EQB48_RS15570	21	99.691	1293	4	0	1	1293	20634	19342	0.0	2366
EQB48_RS15575	21	100.000	261	0	0	1	261	21168	20908	2.69e-137	483
EQB48_RS15580	31	86.658	757	101	0	423	1179	6131	5375	0.0	839
EQB48_RS15595	21	99.495	396	2	0	1	396	23878	23483	0.0	721
EQB48_RS15600	21	99.647	849	3	0	1	849	24739	23891	0.0	1552
EQB48_RS15605	21	100.000	828	0	0	1	828	25581	24754	0.0	1530
EQB48_RS15610	21	99.764	846	2	0	1	846	26438	25593	0.0	1552
EQB48_RS15615	21	99.588	486	2	0	1	486	26692	27177	0.0	887
EQB48_RS15630	2	98.385	681	11	0	1	681	82882	83562	0.0	1197
EQB48_RS15630	47	99.732	373	1	0	32	404	373	1	0.0	684
EQB48_RS15630	23	98.917	277	3	0	405	681	1	277	9.43e-141	496
EQB48_RS15630	44	98.106	264	5	0	418	681	1000	737	3.44e-130	460
EQB48_RS15630	53	100.000	29	0	0	2	30	76	104	6.82e-08	54.7
EQB48_RS15645	23	98.305	177	3	0	1	177	101	277	8.74e-86	311
EQB48_RS15645	44	97.740	177	4	0	1	177	913	737	4.07e-84	305
EQB48_RS15645	2	97.740	177	4	0	1	177	83386	83562	4.07e-84	305
EQB48_RS15665	31	99.702	336	1	0	1	336	2365	2030	6.94e-177	616
EQB48_RS15665	31	98.328	299	3	1	383	681	2034	1738	4.33e-149	523
EQB48_RS15675	2	97.082	377	11	0	5	381	83186	83562	0.0	636
EQB48_RS15675	23	99.278	277	2	0	105	381	1	277	1.11e-142	501
EQB48_RS15675	44	97.727	264	6	0	118	381	1000	737	8.75e-129	455
EQB48_RS15675	47	100.000	100	0	0	5	104	100	1	1.27e-47	185
EQB48_RS15685	31	100.000	74	0	0	2	75	2438	2365	5.60e-34	137
EQB48_RS15690	31	99.702	336	1	0	1	336	2365	2030	6.94e-177	616
EQB48_RS15690	31	98.328	299	3	1	383	681	2034	1738	4.33e-149	523
EQB48_RS15715	21	91.925	161	13	0	66	226	12581	12421	7.78e-60	226
EQB48_RS15735	2	98.238	681	12	0	1	681	82882	83562	0.0	1192
EQB48_RS15735	47	99.464	373	2	0	32	404	373	1	0.0	678
EQB48_RS15735	23	99.639	277	1	0	405	681	1	277	4.36e-144	507
EQB48_RS15735	44	98.106	264	5	0	418	681	1000	737	3.44e-130	460
EQB48_RS15735	53	100.000	29	0	0	2	30	76	104	6.82e-08	54.7
EQB48_RS15740	21	100.000	39	0	0	1282	1320	28224	28186	3.71e-13	73.1
EQB48_RS15745	35	100.000	566	0	0	1	566	3513	4078	0.0	1046
EQB48_RS15755	35	98.824	85	1	0	1	85	3241	3157	4.47e-37	152
EQB48_RS15760	9	80.039	1538	296	10	33	1566	82096	83626	0.0	1129
EQB48_RS15885	35	98.824	85	1	0	1	85	3241	3157	4.47e-37	152
EQB48_RS15940	21	89.243	1097	118	0	1	1097	20634	19538	0.0	1373
EQB48_RS15945	35	99.927	1377	1	0	1	1377	582	1958	0.0	2538
EQB48_RS15950	35	100.000	582	0	0	76	657	1	582	0.0	1075
EQB48_RS15955	27	99.677	1237	4	0	1	1237	12696	13932	0.0	2263
EQB48_RS15960	27	98.969	97	1	0	60	156	12581	12677	1.04e-44	174
EQB48_RS15970	27	99.715	351	1	0	1	351	12024	12374	0.0	643
EQB48_RS16725	27	97.790	543	1	1	1	543	11337	11868	0.0	926
EQB48_RS15995	31	87.629	194	24	0	23	216	5568	5375	4.06e-60	226
EQB48_RS16040	31	99.405	336	2	0	1	336	2365	2030	3.23e-175	610
EQB48_RS16040	31	97.659	299	5	1	383	681	2034	1738	9.37e-146	512
EQB48_RS16045	22	90.685	569	53	0	14	582	23102	23670	0.0	758
EQB48_RS16100	31	99.405	336	2	0	1	336	2365	2030	3.23e-175	610
EQB48_RS16100	31	95.987	299	10	1	383	681	2034	1738	2.04e-137	484
EQB48_RS16120	31	92.727	55	4	0	108	162	2451	2397	2.43e-16	80.5
EQB48_RS16125	31	98.516	337	4	1	1	337	2365	2030	3.26e-170	593
EQB48_RS16125	31	87.333	300	34	3	384	682	2034	1738	4.68e-94	340
EQB48_RS16145	21	93.243	74	5	0	554	627	20868	20795	1.65e-24	110
EQB48_RS16190	21	99.140	1163	10	0	1	1163	21773	22935	0.0	2093
EQB48_RS16260	35	95.978	1069	42	1	228	1296	3156	2089	0.0	1735
EQB48_RS16315	2	97.797	681	15	0	1	681	82882	83562	0.0	1175
EQB48_RS16315	47	99.196	373	3	0	32	404	373	1	0.0	673
EQB48_RS16315	23	98.917	277	3	0	405	681	1	277	9.43e-141	496
EQB48_RS16315	44	97.348	264	7	0	418	681	1000	737	7.45e-127	449
EQB48_RS16315	53	100.000	29	0	0	2	30	76	104	6.82e-08	54.7
EQB48_RS16390	2	96.804	438	14	0	212	649	83125	83562	0.0	732
EQB48_RS16390	2	99.558	226	1	0	1	226	82882	83107	9.30e-116	412
EQB48_RS16390	23	99.639	277	1	0	373	649	1	277	4.15e-144	507
EQB48_RS16390	44	98.106	264	5	0	386	649	1000	737	3.27e-130	460
EQB48_RS16390	47	99.487	195	1	0	32	226	373	179	1.59e-98	355
EQB48_RS16390	47	98.710	155	2	0	218	372	155	1	1.27e-74	276
EQB48_RS16390	53	100.000	29	0	0	2	30	76	104	6.49e-08	54.7
EQB48_RS16395	2	100.000	35	0	0	794	828	83619	83585	3.86e-11	65.8
EQB48_RS16395	44	100.000	33	0	0	796	828	682	714	4.99e-10	62.1
EQB48_RS16395	23	100.000	32	0	0	797	828	331	300	1.79e-09	60.2
EQB48_RS16445	31	99.107	336	3	0	1	336	2365	2030	1.50e-173	604
EQB48_RS16445	31	98.328	299	3	1	383	681	2034	1738	4.33e-149	523
EQB52_RS13815	42	75.746	503	116	4	752	1251	640	141	5.44e-66	248
EQB52_RS13860	35	95.978	1069	42	1	228	1296	3156	2089	0.0	1735
EQB52_RS14085	2	98.091	681	13	0	1	681	82882	83562	0.0	1186
EQB52_RS14085	47	99.732	373	1	0	32	404	373	1	0.0	684
EQB52_RS14085	23	99.639	277	1	0	405	681	1	277	4.36e-144	507
EQB52_RS14085	44	98.106	264	5	0	418	681	1000	737	3.44e-130	460
EQB52_RS14125	2	97.032	438	13	0	212	649	83125	83562	0.0	737
EQB52_RS14125	2	99.558	226	1	0	1	226	82882	83107	9.30e-116	412
EQB52_RS14125	23	99.639	277	1	0	373	649	1	277	4.15e-144	507
EQB52_RS14125	44	98.106	264	5	0	386	649	1000	737	3.27e-130	460
EQB52_RS14125	47	99.487	195	1	0	32	226	373	179	1.59e-98	355
EQB52_RS14125	47	99.355	155	1	0	218	372	155	1	2.74e-76	281
EQB52_RS14125	53	100.000	29	0	0	2	30	76	104	6.49e-08	54.7
EQB52_RS14140	21	95.238	84	2	2	1	84	21487	21568	3.02e-32	132
EQB52_RS14140	27	97.222	72	2	0	1	72	10650	10721	1.82e-29	122
EQB52_RS14145	27	92.045	1144	87	4	1	1142	10627	9486	0.0	1605
EQB52_RS14145	31	95.522	201	9	0	979	1179	5575	5375	2.97e-88	322
EQB52_RS14145	31	99.254	134	0	1	226	358	6261	6128	8.57e-64	241
EQB52_RS14145	21	98.462	65	1	0	1	65	21464	21400	5.42e-26	115
EQB52_RS14250	35	95.857	1062	43	1	228	1289	3156	2096	0.0	1716
EQB52_RS14290	2	98.091	681	13	0	1	681	82882	83562	0.0	1186
EQB52_RS14290	47	99.196	373	3	0	32	404	373	1	0.0	673
EQB52_RS14290	23	98.917	277	3	0	405	681	1	277	9.43e-141	496
EQB52_RS14290	44	98.106	264	5	0	418	681	1000	737	3.44e-130	460
EQB52_RS14290	53	100.000	29	0	0	2	30	76	104	6.82e-08	54.7
EQB52_RS14315	2	98.385	681	11	0	1	681	82882	83562	0.0	1197
EQB52_RS14315	47	99.464	373	2	0	32	404	373	1	0.0	678
EQB52_RS14315	23	99.278	277	2	0	405	681	1	277	2.03e-142	501
EQB52_RS14315	44	98.485	264	4	0	418	681	1000	737	7.40e-132	466
EQB52_RS14315	53	100.000	29	0	0	2	30	76	104	6.82e-08	54.7
EQB52_RS14430	2	90.015	681	68	0	1	681	82882	83562	0.0	881
EQB52_RS14430	31	98.512	336	5	0	1	336	2365	2030	3.25e-170	593
EQB52_RS14430	23	99.639	277	1	0	405	681	1	277	4.36e-144	507
EQB52_RS14430	44	98.106	264	5	0	418	681	1000	737	3.44e-130	460
EQB52_RS14430	47	86.575	365	49	0	40	404	365	1	5.88e-113	403
EQB52_RS14455	31	100.000	74	0	0	298	371	2438	2365	3.50e-33	137
EQB52_RS14460	31	99.405	336	2	0	1	336	2365	2030	3.23e-175	610
EQB52_RS14460	31	97.993	299	4	1	383	681	2034	1738	2.01e-147	518
EQB52_RS14465	2	100.000	103	0	0	1	103	82882	82984	6.73e-50	191
EQB52_RS14465	47	100.000	72	0	0	32	103	373	302	1.15e-32	134
EQB52_RS14465	53	100.000	29	0	0	2	30	76	104	9.22e-09	54.7
EQB52_RS14485	22	89.226	594	64	0	3	596	23079	23672	0.0	743
EQB52_RS14505	31	99.107	336	3	0	1	336	2365	2030	1.50e-173	604
EQB52_RS14505	31	98.328	299	3	1	383	681	2034	1738	4.33e-149	523
EQB52_RS14645	21	99.398	1163	7	0	1	1163	21773	22935	0.0	2109
EQB52_RS14700	21	96.907	97	2	1	663	759	23060	22965	4.37e-40	161
EQB52_RS14705	21	99.484	1163	6	0	1	1163	21773	22935	0.0	2115
EQB52_RS14710	21	100.000	35	0	0	708	742	21698	21732	3.44e-11	65.8
EQB52_RS14730	31	86.658	757	101	0	423	1179	6131	5375	0.0	839
EQB52_RS14885	42	75.547	503	117	4	752	1251	640	141	2.53e-64	243
EQB52_RS14930	2	98.385	681	11	0	1	681	82882	83562	0.0	1197
EQB52_RS14930	47	99.732	373	1	0	32	404	373	1	0.0	684
EQB52_RS14930	23	99.639	277	1	0	405	681	1	277	4.36e-144	507
EQB52_RS14930	44	98.106	264	5	0	418	681	1000	737	3.44e-130	460
EQB52_RS14930	53	100.000	29	0	0	2	30	76	104	6.82e-08	54.7
EQB52_RS14935	21	100.000	248	0	0	1	248	26453	26206	4.30e-130	459
EQB52_RS14940	21	100.000	131	0	0	1	131	26692	26822	2.31e-65	243
EQB52_RS14950	21	99.448	725	4	0	1	725	26821	27545	0.0	1317
EQB52_RS14970	21	99.691	324	1	0	19	342	27538	27861	1.58e-170	593
EQB52_RS14975	2	98.385	681	11	0	1	681	82882	83562	0.0	1197
EQB52_RS14975	47	99.732	373	1	0	32	404	373	1	0.0	684
EQB52_RS14975	23	98.917	277	3	0	405	681	1	277	9.43e-141	496
EQB52_RS14975	44	98.106	264	5	0	418	681	1000	737	3.44e-130	460
EQB52_RS14975	53	100.000	29	0	0	2	30	76	104	6.82e-08	54.7
EQB52_RS15000	2	97.082	377	11	0	5	381	83186	83562	0.0	636
EQB52_RS15000	23	99.278	277	2	0	105	381	1	277	1.11e-142	501
EQB52_RS15000	44	97.727	264	6	0	118	381	1000	737	8.75e-129	455
EQB52_RS15000	47	100.000	100	0	0	5	104	100	1	1.27e-47	185
EQB52_RS15010	31	99.702	336	1	0	1	336	2365	2030	6.94e-177	616
EQB52_RS15010	31	98.328	299	3	1	383	681	2034	1738	4.33e-149	523
EQB52_RS15015	31	93.548	62	4	0	1	62	1732	1671	9.87e-20	93.5
EQB52_RS15035	21	91.925	161	13	0	66	226	12581	12421	7.78e-60	226
EQB52_RS15060	2	98.385	681	11	0	1	681	82882	83562	0.0	1197
EQB52_RS15060	47	99.732	373	1	0	32	404	373	1	0.0	684
EQB52_RS15060	23	99.639	277	1	0	405	681	1	277	4.36e-144	507
EQB52_RS15060	44	98.106	264	5	0	418	681	1000	737	3.44e-130	460
EQB52_RS15060	53	100.000	29	0	0	2	30	76	104	6.82e-08	54.7
EQB52_RS15065	21	100.000	39	0	0	1282	1320	28224	28186	3.71e-13	73.1
EQB52_RS15070	35	100.000	566	0	0	1	566	3513	4078	0.0	1046
EQB52_RS15080	35	98.824	85	1	0	1	85	3241	3157	1.78e-37	152
EQB52_RS15160	35	99.855	1377	2	0	1	1377	582	1958	0.0	2532
EQB52_RS15165	35	100.000	582	0	0	76	657	1	582	0.0	1075
EQB52_RS15170	27	99.677	1237	4	0	1	1237	12696	13932	0.0	2263
EQB52_RS15175	27	98.969	97	1	0	60	156	12581	12677	1.04e-44	174
EQB52_RS15185	27	99.715	351	1	0	1	351	12024	12374	0.0	643
EQB52_RS15185	21	99.000	100	1	0	351	450	21579	21678	7.02e-46	180
EQB52_RS15725	27	97.790	543	1	1	1	543	11337	11868	0.0	926
EQB52_RS15205	2	98.238	681	12	0	1	681	82882	83562	0.0	1192
EQB52_RS15205	47	99.732	373	1	0	32	404	373	1	0.0	684
EQB52_RS15205	23	99.639	277	1	0	405	681	1	277	4.36e-144	507
EQB52_RS15205	44	98.106	264	5	0	418	681	1000	737	3.44e-130	460
EQB52_RS15310	2	98.385	681	11	0	1	681	82882	83562	0.0	1197
EQB52_RS15310	47	99.732	373	1	0	32	404	373	1	0.0	684
EQB52_RS15310	23	99.639	277	1	0	405	681	1	277	4.36e-144	507
EQB52_RS15310	44	98.106	264	5	0	418	681	1000	737	3.44e-130	460
EQB52_RS15310	53	100.000	29	0	0	2	30	76	104	6.82e-08	54.7
EQB52_RS15315	38	100.000	84	0	0	1	84	2505	2422	1.79e-39	156
EQB52_RS15320	38	99.729	738	2	0	1	738	2297	1560	0.0	1352
EQB52_RS15325	40	96.412	864	31	0	1	864	340	1203	0.0	1424
EQB52_RS15330	40	97.802	273	6	0	1	273	66	338	6.08e-134	472
EQB52_RS15335	51	100.000	135	0	0	33	167	135	1	2.41e-67	250
EQB52_RS15335	38	100.000	32	0	0	1	32	32	1	4.36e-10	60.2
EQB52_RS15335	44	100.000	31	0	0	1	31	32	2	1.57e-09	58.4
EQB52_RS15340	2	98.385	681	11	0	1	681	82882	83562	0.0	1197
EQB52_RS15340	47	99.732	373	1	0	32	404	373	1	0.0	684
EQB52_RS15340	23	99.639	277	1	0	405	681	1	277	4.36e-144	507
EQB52_RS15340	44	98.106	264	5	0	418	681	1000	737	3.44e-130	460
EQB52_RS15340	53	100.000	29	0	0	2	30	76	104	6.82e-08	54.7
EQB52_RS15415	2	98.385	681	11	0	1	681	82882	83562	0.0	1197
EQB52_RS15415	47	99.732	373	1	0	32	404	373	1	0.0	684
EQB52_RS15415	23	99.639	277	1	0	405	681	1	277	4.36e-144	507
EQB52_RS15415	44	98.106	264	5	0	418	681	1000	737	3.44e-130	460
EQB52_RS15415	53	100.000	29	0	0	2	30	76	104	6.82e-08	54.7
EQB52_RS15420	39	100.000	246	0	0	1	246	2425	2180	5.49e-129	455
EQB52_RS15425	39	99.874	795	1	0	1	795	2087	1293	0.0	1463
EQB52_RS15430	39	100.000	189	0	0	1	189	997	1185	1.99e-97	350
EQB52_RS15435	39	100.000	208	0	0	1	208	1017	810	1.69e-107	385
EQB52_RS15440	2	98.385	681	11	0	1	681	82882	83562	0.0	1197
EQB52_RS15440	47	99.732	373	1	0	32	404	373	1	0.0	684
EQB52_RS15440	23	99.639	277	1	0	405	681	1	277	4.36e-144	507
EQB52_RS15440	44	98.106	264	5	0	418	681	1000	737	3.44e-130	460
EQB52_RS15440	53	100.000	29	0	0	2	30	76	104	6.82e-08	54.7
EQB52_RS15520	2	98.385	681	11	0	1	681	82882	83562	0.0	1197
EQB52_RS15520	47	99.732	373	1	0	32	404	373	1	0.0	684
EQB52_RS15520	23	99.639	277	1	0	405	681	1	277	4.36e-144	507
EQB52_RS15520	44	98.106	264	5	0	418	681	1000	737	3.44e-130	460
EQB52_RS15520	53	100.000	29	0	0	2	30	76	104	6.82e-08	54.7
EQB52_RS15555	22	83.788	586	95	0	8	593	23084	23669	3.84e-159	556
EQB67_RS12530	22	82.252	817	141	4	1	815	20706	21520	0.0	702
EQB67_RS12535	22	80.828	652	115	9	37	683	20514	19868	5.71e-143	503
EQB67_RS12540	22	81.415	1512	263	17	1	1503	19850	18348	0.0	1219
EQB67_RS12735	6	94.444	72	3	1	3	73	155958	155887	1.18e-25	110
EQB67_RS12850	28	92.825	223	2	2	818	1040	11233	11441	5.67e-85	311
EQB67_RS12900	28	91.518	224	4	2	818	1041	11233	11441	5.71e-80	294
EQB67_RS12955	28	100.000	198	0	0	1096	1293	3390	3587	1.49e-101	366
EQB67_RS13010	8	76.614	573	122	12	1	567	11253	10687	5.88e-83	305
EQB67_RS13045	27	99.412	1191	7	0	1	1191	10627	9437	0.0	2161
EQB67_RS13045	31	96.269	134	4	1	226	358	6261	6128	4.06e-57	219
EQB67_RS13045	21	100.000	65	0	0	1	65	21464	21400	1.18e-27	121
EQB67_RS13070	31	99.405	336	2	0	1	336	2365	2030	3.23e-175	610
EQB67_RS13070	31	97.993	299	4	1	383	681	2034	1738	2.01e-147	518
EQB67_RS13105	2	97.944	681	14	0	1	681	82882	83562	0.0	1181
EQB67_RS13105	47	98.928	373	4	0	32	404	373	1	0.0	667
EQB67_RS13105	23	99.639	277	1	0	405	681	1	277	4.36e-144	507
EQB67_RS13105	44	98.106	264	5	0	418	681	1000	737	3.44e-130	460
EQB67_RS13105	53	100.000	29	0	0	2	30	76	104	6.82e-08	54.7
EQB67_RS13160	43	98.958	960	10	0	1	960	97	1056	0.0	1718
EQB67_RS13165	43	100.000	31	0	0	168	198	1	31	1.42e-09	58.4
EQB67_RS13235	2	98.385	681	11	0	1	681	82882	83562	0.0	1197
EQB67_RS13235	47	99.732	373	1	0	32	404	373	1	0.0	684
EQB67_RS13235	23	99.639	277	1	0	405	681	1	277	4.36e-144	507
EQB67_RS13235	44	98.106	264	5	0	418	681	1000	737	3.44e-130	460
EQB67_RS13235	53	100.000	29	0	0	2	30	76	104	6.82e-08	54.7
EQB67_RS13275	40	95.726	117	5	0	1	117	1087	1203	2.67e-49	189
EQB67_RS13280	40	99.057	318	3	0	1	318	1644	1961	6.87e-164	571
EQB67_RS13285	2	98.532	681	10	0	1	681	82882	83562	0.0	1203
EQB67_RS13285	47	99.732	373	1	0	32	404	373	1	0.0	684
EQB67_RS13285	23	99.278	277	2	0	405	681	1	277	2.03e-142	501
EQB67_RS13285	44	98.485	264	4	0	418	681	1000	737	7.40e-132	466
EQB67_RS13285	53	100.000	29	0	0	2	30	76	104	6.82e-08	54.7
EQB67_RS13310	2	96.460	339	12	0	1	339	83224	83562	1.59e-160	560
EQB67_RS13310	23	98.917	277	3	0	63	339	1	277	4.55e-141	496
EQB67_RS13310	44	97.348	264	7	0	76	339	1000	737	3.59e-127	449
EQB67_RS13310	47	100.000	62	0	0	1	62	62	1	1.49e-26	115
EQB67_RS13330	44	99.060	532	5	0	1146	1677	683	152	0.0	955
EQB67_RS13330	38	94.231	260	15	0	1418	1677	1389	1130	6.87e-111	398
EQB67_RS13335	51	100.000	135	0	0	33	167	135	1	2.41e-67	250
EQB67_RS13335	38	100.000	32	0	0	1	32	32	1	4.36e-10	60.2
EQB67_RS13335	44	100.000	31	0	0	1	31	32	2	1.57e-09	58.4
EQB67_RS13340	31	96.923	65	2	0	44	108	2230	2166	1.94e-25	110
EQB67_RS13345	31	98.328	299	3	1	242	540	2034	1738	3.41e-149	523
EQB67_RS13345	31	99.487	195	1	0	1	195	2224	2030	1.32e-98	355
EQB67_RS13435	2	98.385	681	11	0	1	681	82882	83562	0.0	1197
EQB67_RS13435	47	99.732	373	1	0	32	404	373	1	0.0	684
EQB67_RS13435	23	99.639	277	1	0	405	681	1	277	4.36e-144	507
EQB67_RS13435	44	98.106	264	5	0	418	681	1000	737	3.44e-130	460
EQB67_RS13435	53	100.000	29	0	0	2	30	76	104	6.82e-08	54.7
EQB67_RS13470	2	98.532	681	10	0	1	681	82882	83562	0.0	1203
EQB67_RS13470	47	99.732	373	1	0	32	404	373	1	0.0	684
EQB67_RS13470	23	99.278	277	2	0	405	681	1	277	2.03e-142	501
EQB67_RS13470	44	98.485	264	4	0	418	681	1000	737	7.40e-132	466
EQB67_RS13470	53	100.000	29	0	0	2	30	76	104	6.82e-08	54.7
EQB63_RS14165	42	75.746	503	116	4	752	1251	640	141	5.44e-66	248
EQB63_RS14275	43	99.062	960	9	0	1	960	97	1056	0.0	1724
EQB63_RS14300	21	99.484	1163	6	0	1	1163	21773	22935	0.0	2115
EQB63_RS14375	35	97.938	97	2	0	594	690	2004	2100	2.37e-42	169
EQB63_RS14380	35	95.978	1069	42	1	228	1296	3156	2089	0.0	1735
EQB63_RS14405	27	96.474	1191	42	0	1	1191	10627	9437	0.0	1967
EQB63_RS14405	31	99.254	134	0	1	226	358	6261	6128	8.66e-64	241
EQB63_RS14405	21	100.000	65	0	0	1	65	21464	21400	1.18e-27	121
EQB63_RS14410	28	98.201	1167	21	0	1	1167	231	1397	0.0	2039
EQB63_RS14415	21	99.398	1163	7	0	1	1163	21773	22935	0.0	2109
EQB63_RS14450	28	97.314	484	13	0	3	486	1989	1506	0.0	822
EQB63_RS14455	2	97.661	684	13	1	1	684	82882	83562	0.0	1171
EQB63_RS14455	47	99.464	373	2	0	32	404	373	1	0.0	678
EQB63_RS14455	23	98.214	280	2	1	405	684	1	277	5.70e-138	486
EQB63_RS14455	44	96.629	267	6	1	418	684	1000	737	4.50e-124	440
EQB63_RS14455	53	100.000	29	0	0	2	30	76	104	6.85e-08	54.7
EQB63_RS14575	21	99.398	1163	7	0	1	1163	21773	22935	0.0	2109
EQB63_RS14590	22	82.041	1509	259	12	1	1503	19850	18348	0.0	1275
EQB63_RS14595	22	80.615	650	120	6	37	683	20514	19868	2.66e-141	497
EQB63_RS14600	22	82.339	821	141	4	1	819	20706	21524	0.0	710
EQB63_RS14610	31	99.604	757	3	0	423	1179	6131	5375	0.0	1382
EQB63_RS14610	31	99.254	134	0	1	226	358	6261	6128	8.57e-64	241
EQB63_RS14610	27	84.680	829	111	13	1	821	10627	9807	0.0	813
EQB63_RS14610	21	100.000	65	0	0	1	65	21464	21400	1.16e-27	121
EQB63_RS14655	21	99.398	1163	7	0	1	1163	21773	22935	0.0	2109
EQB63_RS14660	21	99.691	1293	4	0	1	1293	20634	19342	0.0	2366
EQB63_RS14665	21	100.000	261	0	0	1	261	21168	20908	2.69e-137	483
EQB63_RS14670	31	86.658	757	101	0	423	1179	6131	5375	0.0	839
EQB63_RS14685	21	99.495	396	2	0	1	396	23878	23483	0.0	721
EQB63_RS14690	21	99.647	849	3	0	1	849	24739	23891	0.0	1552
EQB63_RS14695	21	100.000	828	0	0	1	828	25581	24754	0.0	1530
EQB63_RS14700	21	99.764	846	2	0	1	846	26438	25593	0.0	1552
EQB63_RS14705	21	99.573	1170	5	0	1	1170	26692	27861	0.0	2134
EQB63_RS14710	2	98.385	681	11	0	1	681	82882	83562	0.0	1197
EQB63_RS14710	47	99.732	373	1	0	32	404	373	1	0.0	684
EQB63_RS14710	23	98.917	277	3	0	405	681	1	277	9.43e-141	496
EQB63_RS14710	44	98.106	264	5	0	418	681	1000	737	3.44e-130	460
EQB63_RS14710	53	100.000	29	0	0	2	30	76	104	6.82e-08	54.7
EQB63_RS14745	23	98.305	177	3	0	1	177	101	277	8.74e-86	311
EQB63_RS14745	44	97.740	177	4	0	1	177	913	737	4.07e-84	305
EQB63_RS14745	2	97.740	177	4	0	1	177	83386	83562	4.07e-84	305
EQB63_RS14770	2	97.082	377	11	0	5	381	83186	83562	0.0	636
EQB63_RS14770	23	99.278	277	2	0	105	381	1	277	1.11e-142	501
EQB63_RS14770	44	97.727	264	6	0	118	381	1000	737	8.75e-129	455
EQB63_RS14770	47	100.000	100	0	0	5	104	100	1	1.27e-47	185
EQB63_RS14780	31	99.702	336	1	0	1	336	2365	2030	6.94e-177	616
EQB63_RS14780	31	98.328	299	3	1	383	681	2034	1738	4.33e-149	523
EQB63_RS14815	21	91.925	161	13	0	66	226	12581	12421	7.78e-60	226
EQB63_RS14835	2	98.385	681	11	0	1	681	82882	83562	0.0	1197
EQB63_RS14835	47	99.732	373	1	0	32	404	373	1	0.0	684
EQB63_RS14835	23	99.639	277	1	0	405	681	1	277	4.36e-144	507
EQB63_RS14835	44	98.106	264	5	0	418	681	1000	737	3.44e-130	460
EQB63_RS14835	53	100.000	29	0	0	2	30	76	104	6.82e-08	54.7
EQB63_RS14840	21	100.000	39	0	0	1282	1320	28224	28186	3.71e-13	73.1
EQB63_RS14845	35	100.000	566	0	0	1	566	3513	4078	0.0	1046
EQB63_RS14855	35	98.824	85	1	0	1	85	3241	3157	1.78e-37	152
EQB63_RS14935	35	99.855	1377	2	0	1	1377	582	1958	0.0	2532
EQB63_RS14940	35	100.000	582	0	0	76	657	1	582	0.0	1075
EQB63_RS14945	27	99.630	1081	4	0	43	1123	12852	13932	0.0	1975
EQB63_RS14950	31	86.658	757	101	0	423	1179	6131	5375	0.0	839
EQB63_RS14955	27	100.000	164	0	0	1	164	12696	12859	1.35e-83	303
EQB63_RS14960	27	98.969	97	1	0	60	156	12581	12677	1.04e-44	174
EQB63_RS14970	27	99.715	351	1	0	1	351	12024	12374	0.0	643
EQB63_RS14970	21	99.000	100	1	0	351	450	21579	21678	7.02e-46	180
EQB63_RS16445	27	97.790	543	1	1	1	543	11337	11868	0.0	926
EQB63_RS14990	2	98.238	681	12	0	1	681	82882	83562	0.0	1192
EQB63_RS14990	47	99.732	373	1	0	32	404	373	1	0.0	684
EQB63_RS14990	23	99.639	277	1	0	405	681	1	277	4.36e-144	507
EQB63_RS14990	44	98.106	264	5	0	418	681	1000	737	3.44e-130	460
EQB63_RS15185	2	98.091	681	13	0	1	681	82882	83562	0.0	1186
EQB63_RS15185	47	99.732	373	1	0	32	404	373	1	0.0	684
EQB63_RS15185	23	99.639	277	1	0	405	681	1	277	4.36e-144	507
EQB63_RS15185	44	98.106	264	5	0	418	681	1000	737	3.44e-130	460
EQB63_RS15200	22	81.834	589	107	0	8	596	23084	23672	8.27e-141	496
EQB63_RS15295	42	75.746	503	116	4	752	1251	640	141	5.44e-66	248
EQB63_RS15765	2	98.532	681	10	0	1	681	82882	83562	0.0	1203
EQB63_RS15765	47	99.732	373	1	0	32	404	373	1	0.0	684
EQB63_RS15765	23	99.278	277	2	0	405	681	1	277	2.03e-142	501
EQB63_RS15765	44	98.485	264	4	0	418	681	1000	737	7.40e-132	466
EQB63_RS15765	53	100.000	29	0	0	2	30	76	104	6.82e-08	54.7
EQB63_RS15785	2	98.385	681	11	0	1	681	82882	83562	0.0	1197
EQB63_RS15785	47	99.732	373	1	0	32	404	373	1	0.0	684
EQB63_RS15785	23	99.639	277	1	0	405	681	1	277	4.36e-144	507
EQB63_RS15785	44	98.106	264	5	0	418	681	1000	737	3.44e-130	460
EQB63_RS15785	53	100.000	29	0	0	2	30	76	104	6.82e-08	54.7
EQB63_RS15820	39	100.000	554	0	0	356	909	812	259	0.0	1024
EQB63_RS15825	39	100.000	229	0	0	1	229	262	34	1.57e-119	424
EQB63_RS15840	39	100.000	252	0	0	1	252	2431	2180	2.60e-132	466
EQB63_RS15845	39	100.000	795	0	0	1	795	2087	1293	0.0	1469
EQB63_RS15850	38	100.000	101	0	0	12	112	2626	2526	9.10e-49	187
EQB63_RS15855	38	98.810	84	1	0	1	84	2505	2422	8.34e-38	150
EQB63_RS15860	38	99.729	738	2	0	1	738	2297	1560	0.0	1352
EQB63_RS15865	40	96.412	864	31	0	1	864	340	1203	0.0	1424
EQB63_RS15870	40	97.802	273	6	0	1	273	66	338	6.08e-134	472
EQB63_RS15875	51	100.000	135	0	0	33	167	135	1	2.41e-67	250
EQB63_RS15875	38	100.000	32	0	0	1	32	32	1	4.36e-10	60.2
EQB63_RS15875	44	100.000	31	0	0	1	31	32	2	1.57e-09	58.4
EQB63_RS15880	38	98.016	252	5	0	1	252	382	131	5.68e-124	438
EQB63_RS15915	21	100.000	35	0	0	221	255	21698	21732	1.12e-11	65.8
EQB63_RS15920	21	99.398	1163	7	0	1	1163	21773	22935	0.0	2109
EQB63_RS15945	2	98.385	681	11	0	1	681	82882	83562	0.0	1197
EQB63_RS15945	47	99.732	373	1	0	32	404	373	1	0.0	684
EQB63_RS15945	23	99.639	277	1	0	405	681	1	277	4.36e-144	507
EQB63_RS15945	44	98.106	264	5	0	418	681	1000	737	3.44e-130	460
EQB63_RS15945	53	100.000	29	0	0	2	30	76	104	6.82e-08	54.7
EQB63_RS15950	53	100.000	37	0	0	618	654	1	37	2.34e-12	69.4
EQB63_RS15950	2	100.000	37	0	0	618	654	82808	82844	2.34e-12	69.4
EQB63_RS15970	2	98.385	681	11	0	1	681	82882	83562	0.0	1197
EQB63_RS15970	47	99.732	373	1	0	32	404	373	1	0.0	684
EQB63_RS15970	23	99.639	277	1	0	405	681	1	277	4.36e-144	507
EQB63_RS15970	44	98.106	264	5	0	418	681	1000	737	3.44e-130	460
EQB63_RS15970	53	100.000	29	0	0	2	30	76	104	6.82e-08	54.7
EQB63_RS16005	2	98.385	681	11	0	1	681	82882	83562	0.0	1197
EQB63_RS16005	47	99.732	373	1	0	32	404	373	1	0.0	684
EQB63_RS16005	23	99.639	277	1	0	405	681	1	277	4.36e-144	507
EQB63_RS16005	44	98.106	264	5	0	418	681	1000	737	3.44e-130	460
EQB63_RS16005	53	100.000	29	0	0	2	30	76	104	6.82e-08	54.7
EQB63_RS16010	23	100.000	31	0	0	1	31	302	332	1.33e-09	58.4
EQB63_RS16010	44	100.000	30	0	0	1	30	712	683	4.78e-09	56.5
EQB63_RS16010	2	100.000	30	0	0	1	30	83587	83616	4.78e-09	56.5
EQB63_RS16015	2	98.385	681	11	0	1	681	82882	83562	0.0	1197
EQB63_RS16015	47	99.732	373	1	0	32	404	373	1	0.0	684
EQB63_RS16015	23	99.639	277	1	0	405	681	1	277	4.36e-144	507
EQB63_RS16015	44	98.106	264	5	0	418	681	1000	737	3.44e-130	460
EQB63_RS16015	53	100.000	29	0	0	2	30	76	104	6.82e-08	54.7
EQB63_RS16020	2	100.000	34	0	0	1119	1152	83618	83585	1.94e-10	63.9
EQB63_RS16020	44	100.000	33	0	0	1120	1152	682	714	6.99e-10	62.1
EQB63_RS16020	23	100.000	32	0	0	1121	1152	331	300	2.51e-09	60.2
EQB63_RS16040	2	98.385	681	11	0	1	681	82882	83562	0.0	1197
EQB63_RS16040	47	99.732	373	1	0	32	404	373	1	0.0	684
EQB63_RS16040	23	99.639	277	1	0	405	681	1	277	4.36e-144	507
EQB63_RS16040	44	98.106	264	5	0	418	681	1000	737	3.44e-130	460
EQB63_RS16040	53	100.000	29	0	0	2	30	76	104	6.82e-08	54.7
EQB63_RS16045	53	100.000	63	0	0	1	63	63	1	7.03e-27	117
EQB63_RS16045	2	98.485	66	1	0	1	66	82870	82805	7.03e-27	117
EQB63_RS16080	2	98.385	681	11	0	1	681	82882	83562	0.0	1197
EQB63_RS16080	47	99.732	373	1	0	32	404	373	1	0.0	684
EQB63_RS16080	23	99.639	277	1	0	405	681	1	277	4.36e-144	507
EQB63_RS16080	44	98.106	264	5	0	418	681	1000	737	3.44e-130	460
EQB63_RS16080	53	100.000	29	0	0	2	30	76	104	6.82e-08	54.7
EQB63_RS16120	31	86.658	757	101	0	423	1179	6131	5375	0.0	839
EQB61_RS13915	21	99.484	1163	6	0	1	1163	21773	22935	0.0	2115
EQB61_RS14070	42	75.746	503	116	4	752	1251	640	141	5.44e-66	248
EQB61_RS14110	22	82.252	817	141	4	1	815	20706	21520	0.0	702
EQB61_RS14115	22	80.828	652	115	9	37	683	20514	19868	5.71e-143	503
EQB61_RS14120	22	81.415	1512	263	17	1	1503	19850	18348	0.0	1219
EQB61_RS14330	23	99.487	195	1	0	1	195	83	277	4.44e-99	355
EQB61_RS14330	44	97.949	195	4	0	1	195	931	737	4.47e-94	339
EQB61_RS14330	2	97.949	195	4	0	1	195	83368	83562	4.47e-94	339
EQB61_RS14350	2	98.586	495	7	0	1	495	82882	83376	0.0	876
EQB61_RS14350	47	99.732	373	1	0	32	404	373	1	0.0	684
EQB61_RS14350	23	98.901	91	1	0	405	495	1	91	7.82e-41	163
EQB61_RS14350	44	98.718	78	1	0	418	495	1000	923	1.32e-33	139
EQB61_RS14350	53	100.000	29	0	0	2	30	76	104	4.91e-08	54.7
EQB61_RS14455	21	91.951	410	33	0	14	423	27452	27861	7.18e-165	575
EQB61_RS14500	21	99.484	1163	6	0	1	1163	21773	22935	0.0	2115
EQB61_RS14505	21	99.691	1293	4	0	1	1293	20634	19342	0.0	2366
EQB61_RS14510	21	100.000	261	0	0	1	261	21168	20908	2.69e-137	483
EQB61_RS14515	31	86.658	757	101	0	423	1179	6131	5375	0.0	839
EQB61_RS14530	21	99.495	396	2	0	1	396	23878	23483	0.0	721
EQB61_RS14535	21	99.647	849	3	0	1	849	24739	23891	0.0	1552
EQB61_RS14540	21	100.000	828	0	0	1	828	25581	24754	0.0	1530
EQB61_RS14545	21	99.764	846	2	0	1	846	26438	25593	0.0	1552
EQB61_RS14550	21	99.573	1170	5	0	1	1170	26692	27861	0.0	2134
EQB61_RS14555	21	100.000	39	0	0	1282	1320	28224	28186	3.71e-13	73.1
EQB61_RS14560	35	100.000	566	0	0	1	566	3513	4078	0.0	1046
EQB61_RS14570	35	98.824	85	1	0	1	85	3241	3157	1.78e-37	152
EQB61_RS14650	35	99.855	1377	2	0	1	1377	582	1958	0.0	2532
EQB61_RS14655	35	100.000	582	0	0	76	657	1	582	0.0	1075
EQB61_RS14660	27	99.596	1237	5	0	1	1237	12696	13932	0.0	2257
EQB61_RS14665	27	98.969	97	1	0	60	156	12581	12677	1.04e-44	174
EQB61_RS14675	27	99.715	351	1	0	1	351	12024	12374	0.0	643
EQB61_RS14675	21	100.000	100	0	0	351	450	21579	21678	1.51e-47	185
EQB61_RS15900	27	97.790	543	1	1	1	543	11337	11868	0.0	926
EQB61_RS14700	31	87.629	194	24	0	23	216	5568	5375	4.06e-60	226
EQB61_RS14745	31	99.107	336	3	0	1	336	2365	2030	1.34e-173	604
EQB61_RS14745	31	98.261	230	4	0	383	612	2034	1805	5.27e-113	403
EQB61_RS14750	22	90.685	569	53	0	14	582	23102	23670	0.0	758
EQB61_RS14805	31	99.405	336	2	0	1	336	2365	2030	3.23e-175	610
EQB61_RS14805	31	87.333	300	34	3	383	681	2034	1738	4.68e-94	340
EQB61_RS14825	21	93.243	74	5	0	554	627	20868	20795	1.65e-24	110
EQB61_RS14870	21	99.398	1163	7	0	1	1163	21773	22935	0.0	2109
EQB61_RS15010	2	98.238	681	12	0	1	681	82882	83562	0.0	1192
EQB61_RS15010	47	99.732	373	1	0	32	404	373	1	0.0	684
EQB61_RS15010	23	99.278	277	2	0	405	681	1	277	2.03e-142	501
EQB61_RS15010	44	97.727	264	6	0	418	681	1000	737	1.60e-128	455
EQB61_RS15010	53	100.000	29	0	0	2	30	76	104	6.82e-08	54.7
EQB61_RS15070	2	96.804	438	14	0	212	649	83125	83562	0.0	732
EQB61_RS15070	2	99.558	226	1	0	1	226	82882	83107	9.30e-116	412
EQB61_RS15070	23	99.639	277	1	0	373	649	1	277	4.15e-144	507
EQB61_RS15070	44	98.106	264	5	0	386	649	1000	737	3.27e-130	460
EQB61_RS15070	47	99.487	195	1	0	32	226	373	179	1.59e-98	355
EQB61_RS15070	47	98.710	155	2	0	218	372	155	1	1.27e-74	276
EQB61_RS15070	53	100.000	29	0	0	2	30	76	104	6.49e-08	54.7
EQB61_RS15075	2	100.000	35	0	0	794	828	83619	83585	3.86e-11	65.8
EQB61_RS15075	44	100.000	33	0	0	796	828	682	714	4.99e-10	62.1
EQB61_RS15075	23	100.000	32	0	0	797	828	331	300	1.79e-09	60.2
EQB61_RS15125	31	99.107	336	3	0	1	336	2365	2030	1.50e-173	604
EQB61_RS15125	31	98.328	299	3	1	383	681	2034	1738	4.33e-149	523
EQB61_RS15460	2	98.385	681	11	0	1	681	82882	83562	0.0	1197
EQB61_RS15460	47	99.732	373	1	0	32	404	373	1	0.0	684
EQB61_RS15460	23	99.639	277	1	0	405	681	1	277	4.36e-144	507
EQB61_RS15460	44	98.106	264	5	0	418	681	1000	737	3.44e-130	460
EQB61_RS15460	53	100.000	29	0	0	2	30	76	104	6.82e-08	54.7
EQB61_RS15475	2	98.385	681	11	0	1	681	82882	83562	0.0	1197
EQB61_RS15475	47	99.732	373	1	0	32	404	373	1	0.0	684
EQB61_RS15475	23	99.639	277	1	0	405	681	1	277	4.36e-144	507
EQB61_RS15475	44	98.106	264	5	0	418	681	1000	737	3.44e-130	460
EQB61_RS15475	53	100.000	29	0	0	2	30	76	104	6.82e-08	54.7
EQB61_RS15535	2	98.385	681	11	0	1	681	82882	83562	0.0	1197
EQB61_RS15535	47	99.732	373	1	0	32	404	373	1	0.0	684
EQB61_RS15535	23	99.639	277	1	0	405	681	1	277	4.36e-144	507
EQB61_RS15535	44	98.106	264	5	0	418	681	1000	737	3.44e-130	460
EQB61_RS15535	53	100.000	29	0	0	2	30	76	104	6.82e-08	54.7
EQB61_RS15545	2	98.385	681	11	0	1	681	82882	83562	0.0	1197
EQB61_RS15545	47	99.732	373	1	0	32	404	373	1	0.0	684
EQB61_RS15545	23	99.639	277	1	0	405	681	1	277	4.36e-144	507
EQB61_RS15545	44	98.106	264	5	0	418	681	1000	737	3.44e-130	460
EQB61_RS15545	53	100.000	29	0	0	2	30	76	104	6.82e-08	54.7
EQB61_RS15560	2	98.385	681	11	0	1	681	82882	83562	0.0	1197
EQB61_RS15560	47	99.732	373	1	0	32	404	373	1	0.0	684
EQB61_RS15560	23	99.639	277	1	0	405	681	1	277	4.36e-144	507
EQB61_RS15560	44	98.106	264	5	0	418	681	1000	737	3.44e-130	460
EQB61_RS15560	53	100.000	29	0	0	2	30	76	104	6.82e-08	54.7
EQB61_RS15575	31	86.658	757	101	0	423	1179	6131	5375	0.0	839
EQB61_RS15615	38	99.593	738	3	0	1	738	2297	1560	0.0	1347
EQB61_RS15620	38	98.824	85	0	1	1	85	2505	2422	8.47e-38	150
EQB61_RS15625	51	100.000	135	0	0	33	167	135	1	2.71e-67	250
EQB61_RS15625	38	100.000	73	0	0	168	240	2626	2554	7.91e-33	135
EQB61_RS15625	38	100.000	31	0	0	1	31	32	2	1.76e-09	58.4
EQB61_RS15625	44	100.000	32	0	0	1	32	32	1	4.90e-10	60.2
EQB61_RS15630	44	99.060	532	5	0	1614	2145	683	152	0.0	955
EQB61_RS15630	38	94.231	260	15	0	1886	2145	1389	1130	8.81e-111	398
EQB61_RS15655	21	91.925	161	13	0	66	226	12581	12421	7.78e-60	226
EQB61_RS15675	2	98.238	681	12	0	1	681	82882	83562	0.0	1192
EQB61_RS15675	47	99.464	373	2	0	32	404	373	1	0.0	678
EQB61_RS15675	23	99.639	277	1	0	405	681	1	277	4.36e-144	507
EQB61_RS15675	44	98.106	264	5	0	418	681	1000	737	3.44e-130	460
EQB61_RS15675	53	100.000	29	0	0	2	30	76	104	6.82e-08	54.7
EQB62_RS14590	42	75.746	503	116	4	752	1251	640	141	5.44e-66	248
EQB62_RS14680	2	98.385	681	11	0	1	681	82882	83562	0.0	1197
EQB62_RS14680	47	99.732	373	1	0	32	404	373	1	0.0	684
EQB62_RS14680	23	99.639	277	1	0	405	681	1	277	4.36e-144	507
EQB62_RS14680	44	98.106	264	5	0	418	681	1000	737	3.44e-130	460
EQB62_RS14680	53	100.000	29	0	0	2	30	76	104	6.82e-08	54.7
EQB62_RS14690	2	98.385	681	11	0	1	681	82882	83562	0.0	1197
EQB62_RS14690	47	99.732	373	1	0	32	404	373	1	0.0	684
EQB62_RS14690	23	99.639	277	1	0	405	681	1	277	4.36e-144	507
EQB62_RS14690	44	98.106	264	5	0	418	681	1000	737	3.44e-130	460
EQB62_RS14690	53	100.000	29	0	0	2	30	76	104	6.82e-08	54.7
EQB62_RS14695	23	97.165	1799	48	3	1	1799	7472	5677	0.0	3037
EQB62_RS14700	23	98.396	561	9	0	226	786	4919	4359	0.0	987
EQB62_RS14705	23	98.773	489	6	0	1	489	4353	3865	0.0	870
EQB62_RS14715	23	98.876	267	3	0	1	267	3273	3007	1.28e-135	477
EQB62_RS14720	23	98.167	491	9	0	1	491	2974	2484	0.0	857
EQB62_RS14725	23	99.281	417	3	0	1	417	2137	1721	0.0	754
EQB62_RS14730	23	96.239	585	22	0	1	585	1697	1113	0.0	959
EQB62_RS14730	17	84.740	557	70	8	19	563	9212	8659	2.84e-155	544
EQB62_RS14735	23	100.000	267	0	0	1	267	1002	736	1.27e-140	494
EQB62_RS14740	23	98.551	276	4	0	1	276	743	468	6.11e-139	488
EQB62_RS14755	17	91.837	147	12	0	1	147	11518	11664	3.43e-54	206
EQB62_RS14760	17	83.574	554	89	2	1	553	12383	12935	2.32e-147	518
EQB62_RS14870	2	98.238	681	12	0	1	681	82882	83562	0.0	1192
EQB62_RS14870	47	99.464	373	2	0	32	404	373	1	0.0	678
EQB62_RS14870	23	99.639	277	1	0	405	681	1	277	4.36e-144	507
EQB62_RS14870	44	98.106	264	5	0	418	681	1000	737	3.44e-130	460
EQB62_RS14870	53	100.000	29	0	0	2	30	76	104	6.82e-08	54.7
EQB62_RS14890	21	91.925	161	13	0	66	226	12581	12421	7.78e-60	226
EQB62_RS14920	44	92.821	390	28	0	1	390	541	152	3.97e-162	566
EQB62_RS14920	38	90.000	260	26	0	131	390	1389	1130	3.39e-93	337
EQB62_RS14925	51	100.000	135	0	0	33	167	135	1	3.06e-67	250
EQB62_RS14925	38	97.087	103	1	1	168	270	2626	2526	6.82e-44	172
EQB62_RS14925	38	100.000	31	0	0	1	31	32	2	1.99e-09	58.4
EQB62_RS14925	44	100.000	32	0	0	1	32	32	1	5.54e-10	60.2
EQB62_RS14930	38	100.000	84	0	0	1	84	2505	2422	1.79e-39	156
EQB62_RS14935	38	99.729	738	2	0	1	738	2297	1560	0.0	1352
EQB62_RS14945	44	98.462	260	4	0	2	261	411	152	4.53e-130	459
EQB62_RS14945	38	95.019	261	13	0	1	261	1390	1130	1.29e-115	411
EQB62_RS14970	39	100.000	554	0	0	356	909	812	259	0.0	1024
EQB62_RS14975	39	100.000	281	0	0	263	543	2460	2180	4.43e-148	520
EQB62_RS14975	39	100.000	262	0	0	1	262	262	1	1.62e-137	484
EQB62_RS14980	39	100.000	795	0	0	1	795	2087	1293	0.0	1469
EQB62_RS14985	39	100.000	189	0	0	1	189	997	1185	1.99e-97	350
EQB62_RS14990	39	100.000	208	0	0	1	208	1017	810	1.78e-107	385
EQB62_RS15000	38	96.140	855	33	0	1	855	985	131	0.0	1397
EQB62_RS15005	51	97.037	135	4	0	27	161	135	1	1.10e-60	228
EQB62_RS15010	40	84.588	279	31	11	1	273	66	338	3.08e-72	267
EQB62_RS15015	40	94.757	267	14	0	84	350	423	689	4.30e-117	416
EQB62_RS15015	53	100.000	47	0	0	350	396	1	47	3.83e-18	87.9
EQB62_RS15015	2	100.000	47	0	0	350	396	82808	82854	3.83e-18	87.9
EQB62_RS15020	2	97.797	681	15	0	1	681	82882	83562	0.0	1175
EQB62_RS15020	47	99.196	373	3	0	32	404	373	1	0.0	673
EQB62_RS15020	23	98.917	277	3	0	405	681	1	277	9.43e-141	496
EQB62_RS15020	44	97.348	264	7	0	418	681	1000	737	7.45e-127	449
EQB62_RS15020	53	100.000	29	0	0	2	30	76	104	6.82e-08	54.7
EQB62_RS15210	53	100.000	47	0	0	1616	1662	1	47	1.67e-17	87.9
EQB62_RS15210	2	100.000	47	0	0	1616	1662	82808	82854	1.67e-17	87.9
EQB62_RS15215	2	93.750	672	40	2	1	671	82882	83552	0.0	1007
EQB62_RS15215	47	98.928	373	4	0	32	404	373	1	0.0	667
EQB62_RS15215	23	88.406	276	30	2	407	681	3	277	2.81e-91	331
EQB62_RS15215	31	92.377	223	15	1	459	681	1958	1738	7.88e-87	316
EQB62_RS15215	44	87.451	255	30	2	418	671	1000	747	1.33e-79	292
EQB62_RS15215	53	100.000	29	0	0	2	30	76	104	6.82e-08	54.7
EQB62_RS15260	31	87.629	194	24	0	23	216	5568	5375	4.06e-60	226
EQB62_RS16750	27	97.790	543	1	1	1	543	11337	11868	0.0	926
EQB62_RS15285	27	99.715	351	1	0	1	351	12024	12374	0.0	643
EQB62_RS15285	21	100.000	100	0	0	351	450	21579	21678	1.51e-47	185
EQB62_RS15295	27	98.969	97	1	0	60	156	12581	12677	1.04e-44	174
EQB62_RS15300	27	99.596	1237	5	0	1	1237	12696	13932	0.0	2257
EQB62_RS15305	35	100.000	582	0	0	76	657	1	582	0.0	1075
EQB62_RS15310	35	99.855	1377	2	0	1	1377	582	1958	0.0	2532
EQB62_RS15390	35	98.824	85	1	0	1	85	3241	3157	1.78e-37	152
EQB62_RS15400	35	100.000	566	0	0	1	566	3513	4078	0.0	1046
EQB62_RS15405	21	100.000	39	0	0	1282	1320	28224	28186	3.71e-13	73.1
EQB62_RS15410	21	99.573	1170	5	0	1	1170	26692	27861	0.0	2134
EQB62_RS15415	21	99.764	846	2	0	1	846	26438	25593	0.0	1552
EQB62_RS15420	21	100.000	828	0	0	1	828	25581	24754	0.0	1530
EQB62_RS15425	21	99.647	849	3	0	1	849	24739	23891	0.0	1552
EQB62_RS15430	21	99.495	396	2	0	1	396	23878	23483	0.0	721
EQB62_RS15445	31	86.658	757	101	0	423	1179	6131	5375	0.0	839
EQB62_RS15450	21	100.000	261	0	0	1	261	21168	20908	2.69e-137	483
EQB62_RS15455	21	99.691	1293	4	0	1	1293	20634	19342	0.0	2366
EQB62_RS15465	21	99.398	1163	7	0	1	1163	21773	22935	0.0	2109
EQB62_RS15530	21	99.398	1163	7	0	1	1163	21773	22935	0.0	2109
EQB62_RS15545	22	81.921	1510	259	14	1	1503	19850	18348	0.0	1264
EQB62_RS15550	22	80.615	650	120	6	37	683	20514	19868	2.66e-141	497
EQB62_RS15555	22	82.339	821	141	4	1	819	20706	21524	0.0	710
EQB62_RS15600	2	98.091	681	13	0	1	681	82882	83562	0.0	1186
EQB62_RS15600	47	99.732	373	1	0	32	404	373	1	0.0	684
EQB62_RS15600	23	99.639	277	1	0	405	681	1	277	4.36e-144	507
EQB62_RS15600	44	98.106	264	5	0	418	681	1000	737	3.44e-130	460
EQB62_RS15700	2	96.145	441	14	1	212	652	83125	83562	0.0	717
EQB62_RS15700	2	99.558	226	1	0	1	226	82882	83107	9.34e-116	412
EQB62_RS15700	23	98.571	280	1	1	373	652	1	277	1.17e-139	492
EQB62_RS15700	44	97.004	267	5	1	386	652	1000	737	9.21e-126	446
EQB62_RS15700	47	99.487	195	1	0	32	226	373	179	1.60e-98	355
EQB62_RS15700	47	98.710	155	2	0	218	372	155	1	1.28e-74	276
EQB62_RS15700	53	100.000	29	0	0	2	30	76	104	6.52e-08	54.7
EQB62_RS15705	2	100.000	35	0	0	794	828	83619	83585	3.86e-11	65.8
EQB62_RS15705	44	100.000	33	0	0	796	828	682	714	4.99e-10	62.1
EQB62_RS15705	23	100.000	32	0	0	797	828	331	300	1.79e-09	60.2
EQB62_RS15755	31	99.107	336	3	0	1	336	2365	2030	1.50e-173	604
EQB62_RS15755	31	98.328	299	3	1	383	681	2034	1738	4.33e-149	523
EQB62_RS16050	2	98.385	681	11	0	1	681	82882	83562	0.0	1197
EQB62_RS16050	47	99.732	373	1	0	32	404	373	1	0.0	684
EQB62_RS16050	23	99.639	277	1	0	405	681	1	277	4.36e-144	507
EQB62_RS16050	44	98.106	264	5	0	418	681	1000	737	3.44e-130	460
EQB62_RS16050	53	100.000	29	0	0	2	30	76	104	6.82e-08	54.7
EQB62_RS16055	40	98.784	329	4	0	1	329	340	668	2.72e-168	586
EQB62_RS16060	40	97.802	273	6	0	1	273	66	338	6.08e-134	472
EQB62_RS16065	51	100.000	135	0	0	33	167	135	1	2.41e-67	250
EQB62_RS16065	38	100.000	32	0	0	1	32	32	1	4.36e-10	60.2
EQB62_RS16065	44	100.000	31	0	0	1	31	32	2	1.57e-09	58.4
EQB62_RS16070	38	98.016	252	5	0	1	252	382	131	5.68e-124	438
EQB62_RS16105	21	100.000	35	0	0	221	255	21698	21732	1.12e-11	65.8
EQB62_RS16110	21	99.398	1163	7	0	1	1163	21773	22935	0.0	2109
EQB62_RS16135	2	98.385	681	11	0	1	681	82882	83562	0.0	1197
EQB62_RS16135	47	99.732	373	1	0	32	404	373	1	0.0	684
EQB62_RS16135	23	99.639	277	1	0	405	681	1	277	4.36e-144	507
EQB62_RS16135	44	98.106	264	5	0	418	681	1000	737	3.44e-130	460
EQB62_RS16135	53	100.000	29	0	0	2	30	76	104	6.82e-08	54.7
EQB62_RS16140	53	100.000	37	0	0	618	654	1	37	2.34e-12	69.4
EQB62_RS16140	2	100.000	37	0	0	618	654	82808	82844	2.34e-12	69.4
EQB62_RS16160	2	98.385	681	11	0	1	681	82882	83562	0.0	1197
EQB62_RS16160	47	99.732	373	1	0	32	404	373	1	0.0	684
EQB62_RS16160	23	99.639	277	1	0	405	681	1	277	4.36e-144	507
EQB62_RS16160	44	98.106	264	5	0	418	681	1000	737	3.44e-130	460
EQB62_RS16160	53	100.000	29	0	0	2	30	76	104	6.82e-08	54.7
EQB62_RS16195	2	98.385	681	11	0	1	681	82882	83562	0.0	1197
EQB62_RS16195	47	99.732	373	1	0	32	404	373	1	0.0	684
EQB62_RS16195	23	99.639	277	1	0	405	681	1	277	4.36e-144	507
EQB62_RS16195	44	98.106	264	5	0	418	681	1000	737	3.44e-130	460
EQB62_RS16195	53	100.000	29	0	0	2	30	76	104	6.82e-08	54.7
EQB62_RS16200	2	100.000	34	0	0	1119	1152	83618	83585	1.94e-10	63.9
EQB62_RS16200	44	100.000	33	0	0	1120	1152	682	714	6.99e-10	62.1
EQB62_RS16200	23	100.000	32	0	0	1121	1152	331	300	2.51e-09	60.2
EQB62_RS16220	2	98.385	681	11	0	1	681	82882	83562	0.0	1197
EQB62_RS16220	47	99.732	373	1	0	32	404	373	1	0.0	684
EQB62_RS16220	23	99.639	277	1	0	405	681	1	277	4.36e-144	507
EQB62_RS16220	44	98.106	264	5	0	418	681	1000	737	3.44e-130	460
EQB62_RS16220	53	100.000	29	0	0	2	30	76	104	6.82e-08	54.7
EQB62_RS16225	53	100.000	63	0	0	1	63	63	1	7.03e-27	117
EQB62_RS16225	2	98.485	66	1	0	1	66	82870	82805	7.03e-27	117
EQB62_RS16260	2	98.532	681	10	0	1	681	82882	83562	0.0	1203
EQB62_RS16260	47	99.732	373	1	0	32	404	373	1	0.0	684
EQB62_RS16260	23	99.278	277	2	0	405	681	1	277	2.03e-142	501
EQB62_RS16260	44	98.485	264	4	0	418	681	1000	737	7.40e-132	466
EQB62_RS16260	53	100.000	29	0	0	2	30	76	104	6.82e-08	54.7
EQB62_RS16315	2	98.532	681	10	0	1	681	82882	83562	0.0	1203
EQB62_RS16315	47	99.732	373	1	0	32	404	373	1	0.0	684
EQB62_RS16315	23	99.278	277	2	0	405	681	1	277	2.03e-142	501
EQB62_RS16315	44	98.485	264	4	0	418	681	1000	737	7.40e-132	466
EQB62_RS16315	53	100.000	29	0	0	2	30	76	104	6.82e-08	54.7
EQB62_RS16425	2	98.385	681	11	0	1	681	82882	83562	0.0	1197
EQB62_RS16425	47	99.732	373	1	0	32	404	373	1	0.0	684
EQB62_RS16425	23	99.639	277	1	0	405	681	1	277	4.36e-144	507
EQB62_RS16425	44	98.106	264	5	0	418	681	1000	737	3.44e-130	460
EQB62_RS16425	53	100.000	29	0	0	2	30	76	104	6.82e-08	54.7
EQB62_RS16450	2	98.385	681	11	0	1	681	82882	83562	0.0	1197
EQB62_RS16450	47	99.732	373	1	0	32	404	373	1	0.0	684
EQB62_RS16450	23	99.639	277	1	0	405	681	1	277	4.36e-144	507
EQB62_RS16450	44	98.106	264	5	0	418	681	1000	737	3.44e-130	460
EQB62_RS16450	53	100.000	29	0	0	2	30	76	104	6.82e-08	54.7
EQB62_RS16455	2	99.612	258	1	0	1	258	82882	83139	5.93e-134	472
EQB62_RS16455	47	99.559	227	1	0	32	258	373	147	1.01e-116	414
EQB62_RS16455	53	100.000	29	0	0	2	30	76	104	2.55e-08	54.7
EQB62_RS16760	2	100.000	38	0	0	128	165	82807	82844	1.49e-13	71.3
EQB62_RS16760	53	100.000	37	0	0	129	165	1	37	5.36e-13	69.4
EQB69_RS13965	42	75.746	503	116	4	752	1251	640	141	5.44e-66	248
EQB69_RS14055	2	98.238	681	12	0	1	681	82882	83562	0.0	1192
EQB69_RS14055	47	99.464	373	2	0	32	404	373	1	0.0	678
EQB69_RS14055	23	99.639	277	1	0	405	681	1	277	4.36e-144	507
EQB69_RS14055	44	98.106	264	5	0	418	681	1000	737	3.44e-130	460
EQB69_RS14055	53	100.000	29	0	0	2	30	76	104	6.82e-08	54.7
EQB69_RS14060	23	97.165	1799	48	3	1	1799	7472	5677	0.0	3037
EQB69_RS14065	23	98.396	561	9	0	226	786	4919	4359	0.0	987
EQB69_RS14070	23	98.773	489	6	0	1	489	4353	3865	0.0	870
EQB69_RS14080	23	98.876	267	3	0	1	267	3273	3007	1.28e-135	477
EQB69_RS14085	23	98.167	491	9	0	1	491	2974	2484	0.0	857
EQB69_RS14090	23	99.281	417	3	0	1	417	2137	1721	0.0	754
EQB69_RS14095	23	96.239	585	22	0	1	585	1697	1113	0.0	959
EQB69_RS14095	17	84.740	557	70	8	19	563	9212	8659	2.84e-155	544
EQB69_RS14100	23	100.000	267	0	0	1	267	1002	736	1.27e-140	494
EQB69_RS14105	23	98.551	276	4	0	1	276	743	468	6.11e-139	488
EQB69_RS14120	17	91.837	147	12	0	1	147	11518	11664	3.43e-54	206
EQB69_RS14125	17	83.574	554	89	2	1	553	12383	12935	2.32e-147	518
EQB69_RS14235	2	98.238	681	12	0	1	681	82882	83562	0.0	1192
EQB69_RS14235	47	99.464	373	2	0	32	404	373	1	0.0	678
EQB69_RS14235	23	99.639	277	1	0	405	681	1	277	4.36e-144	507
EQB69_RS14235	44	98.106	264	5	0	418	681	1000	737	3.44e-130	460
EQB69_RS14235	53	100.000	29	0	0	2	30	76	104	6.82e-08	54.7
EQB69_RS14255	21	91.925	161	13	0	66	226	12581	12421	7.78e-60	226
EQB69_RS14285	44	92.821	390	28	0	1	390	541	152	3.97e-162	566
EQB69_RS14285	38	90.000	260	26	0	131	390	1389	1130	3.39e-93	337
EQB69_RS14290	51	100.000	135	0	0	33	167	135	1	3.06e-67	250
EQB69_RS14290	38	97.087	103	1	1	168	270	2626	2526	6.82e-44	172
EQB69_RS14290	38	100.000	31	0	0	1	31	32	2	1.99e-09	58.4
EQB69_RS14290	44	100.000	32	0	0	1	32	32	1	5.54e-10	60.2
EQB69_RS14295	38	100.000	84	0	0	1	84	2505	2422	1.79e-39	156
EQB69_RS14300	38	99.729	738	2	0	1	738	2297	1560	0.0	1352
EQB69_RS14310	44	98.462	260	4	0	2	261	411	152	4.53e-130	459
EQB69_RS14310	38	95.019	261	13	0	1	261	1390	1130	1.29e-115	411
EQB69_RS14335	39	100.000	314	0	0	356	669	812	499	2.49e-166	580
EQB69_RS14340	2	98.385	681	11	0	1	681	82882	83562	0.0	1197
EQB69_RS14340	47	99.732	373	1	0	32	404	373	1	0.0	684
EQB69_RS14340	23	99.639	277	1	0	405	681	1	277	4.36e-144	507
EQB69_RS14340	44	98.106	264	5	0	418	681	1000	737	3.44e-130	460
EQB69_RS14340	53	100.000	29	0	0	2	30	76	104	6.82e-08	54.7
EQB69_RS14440	2	98.091	681	13	0	1	681	82882	83562	0.0	1186
EQB69_RS14440	47	99.732	373	1	0	32	404	373	1	0.0	684
EQB69_RS14440	23	99.639	277	1	0	405	681	1	277	4.36e-144	507
EQB69_RS14440	44	98.106	264	5	0	418	681	1000	737	3.44e-130	460
EQB69_RS14490	22	82.339	821	141	4	1	819	20706	21524	0.0	710
EQB69_RS14495	22	80.615	650	120	6	37	683	20514	19868	2.66e-141	497
EQB69_RS14500	22	81.921	1510	259	14	1	1503	19850	18348	0.0	1264
EQB69_RS14515	21	99.484	1163	6	0	1	1163	21773	22935	0.0	2115
EQB69_RS14585	3	76.664	1217	278	6	28	1241	324012	322799	0.0	669
EQB69_RS14600	31	86.658	757	101	0	423	1179	6131	5375	0.0	839
EQB69_RS14620	22	83.554	529	77	4	1	520	23140	23667	4.39e-138	486
EQB69_RS14685	21	100.000	261	0	0	1	261	21168	20908	2.69e-137	483
EQB69_RS14690	31	86.658	757	101	0	423	1179	6131	5375	0.0	839
EQB69_RS14695	21	100.000	39	0	0	1282	1320	28224	28186	3.71e-13	73.1
EQB69_RS14700	35	100.000	566	0	0	1	566	3513	4078	0.0	1046
EQB69_RS14710	35	98.824	85	1	0	1	85	3241	3157	4.47e-37	152
EQB69_RS14715	9	80.039	1538	296	10	33	1566	82096	83626	0.0	1129
EQB69_RS14770	35	98.824	85	1	0	1	85	3241	3157	4.47e-37	152
EQB69_RS14830	21	89.426	1097	116	0	1	1097	20634	19538	0.0	1384
EQB69_RS14835	35	99.927	1377	1	0	1	1377	582	1958	0.0	2538
EQB69_RS14840	35	100.000	582	0	0	76	657	1	582	0.0	1075
EQB69_RS14845	27	99.596	1237	5	0	1	1237	12696	13932	0.0	2257
EQB69_RS14850	27	98.969	97	1	0	60	156	12581	12677	1.04e-44	174
EQB69_RS14860	27	99.715	351	1	0	1	351	12024	12374	0.0	643
EQB69_RS14860	21	100.000	100	0	0	351	450	21579	21678	1.51e-47	185
EQB69_RS15585	27	97.790	543	1	1	1	543	11337	11868	0.0	926
EQB69_RS14885	31	87.629	194	24	0	23	216	5568	5375	4.06e-60	226
EQB69_RS14905	2	93.750	672	40	2	1	671	82882	83552	0.0	1007
EQB69_RS14905	47	98.928	373	4	0	32	404	373	1	0.0	667
EQB69_RS14905	23	88.406	276	30	2	407	681	3	277	2.81e-91	331
EQB69_RS14905	31	92.377	223	15	1	459	681	1958	1738	7.88e-87	316
EQB69_RS14905	44	87.451	255	30	2	418	671	1000	747	1.33e-79	292
EQB69_RS14905	53	100.000	29	0	0	2	30	76	104	6.82e-08	54.7
EQB69_RS14910	53	100.000	47	0	0	1616	1662	1	47	1.67e-17	87.9
EQB69_RS14910	2	100.000	47	0	0	1616	1662	82808	82854	1.67e-17	87.9
EQB69_RS15100	2	97.797	681	15	0	1	681	82882	83562	0.0	1175
EQB69_RS15100	47	99.196	373	3	0	32	404	373	1	0.0	673
EQB69_RS15100	23	98.917	277	3	0	405	681	1	277	9.43e-141	496
EQB69_RS15100	44	97.348	264	7	0	418	681	1000	737	7.45e-127	449
EQB69_RS15100	53	100.000	29	0	0	2	30	76	104	6.82e-08	54.7
EQB69_RS15105	40	94.757	267	14	0	84	350	423	689	4.30e-117	416
EQB69_RS15105	53	100.000	47	0	0	350	396	1	47	3.83e-18	87.9
EQB69_RS15105	2	100.000	47	0	0	350	396	82808	82854	3.83e-18	87.9
EQB69_RS15110	40	84.588	279	31	11	1	273	66	338	3.08e-72	267
EQB69_RS15115	51	97.037	135	4	0	27	161	135	1	1.10e-60	228
EQB69_RS15120	38	96.140	855	33	0	1	855	985	131	0.0	1397
EQB69_RS15135	39	100.000	208	0	0	1	208	1017	810	1.78e-107	385
EQB69_RS15140	39	100.000	189	0	0	1	189	997	1185	1.99e-97	350
EQB69_RS15145	39	99.874	795	1	0	1	795	2087	1293	0.0	1463
EQB69_RS15150	39	100.000	281	0	0	263	543	2460	2180	4.43e-148	520
EQB69_RS15150	39	100.000	262	0	0	1	262	262	1	1.62e-137	484
EQB69_RS15155	39	100.000	248	0	0	8	255	506	259	4.41e-130	459
EQB69_RS15160	2	98.238	681	12	0	1	681	82882	83562	0.0	1192
EQB69_RS15160	47	99.464	373	2	0	32	404	373	1	0.0	678
EQB69_RS15160	23	99.639	277	1	0	405	681	1	277	4.36e-144	507
EQB69_RS15160	44	98.106	264	5	0	418	681	1000	737	3.44e-130	460
EQB69_RS15160	53	100.000	29	0	0	2	30	76	104	6.82e-08	54.7
EQB69_RS15185	2	98.385	681	11	0	1	681	82882	83562	0.0	1197
EQB69_RS15185	47	99.732	373	1	0	32	404	373	1	0.0	684
EQB69_RS15185	23	99.639	277	1	0	405	681	1	277	4.36e-144	507
EQB69_RS15185	44	98.106	264	5	0	418	681	1000	737	3.44e-130	460
EQB69_RS15185	53	100.000	29	0	0	2	30	76	104	6.82e-08	54.7
EQB69_RS15190	2	96.372	441	13	1	116	556	83125	83562	0.0	723
EQB69_RS15190	2	99.231	130	1	0	1	130	82978	83107	1.84e-62	235
EQB69_RS15190	23	98.571	280	1	1	277	556	1	277	9.91e-140	492
EQB69_RS15190	44	97.004	267	5	1	290	556	1000	737	7.82e-126	446
EQB69_RS15190	47	99.355	155	1	0	122	276	155	1	2.33e-76	281
EQB69_RS15190	47	99.231	130	1	0	1	130	308	179	1.84e-62	235
EQB69_RS15195	2	100.000	35	0	0	794	828	83619	83585	3.86e-11	65.8
EQB69_RS15195	44	100.000	33	0	0	796	828	682	714	4.99e-10	62.1
EQB69_RS15195	23	100.000	32	0	0	797	828	331	300	1.79e-09	60.2
EQB69_RS15245	31	99.107	336	3	0	1	336	2365	2030	1.50e-173	604
EQB69_RS15245	31	98.328	299	3	1	383	681	2034	1738	4.33e-149	523
EQB69_RS15340	2	98.238	681	12	0	1	681	82882	83562	0.0	1192
EQB69_RS15340	47	99.732	373	1	0	32	404	373	1	0.0	684
EQB69_RS15340	23	99.639	277	1	0	405	681	1	277	4.36e-144	507
EQB69_RS15340	44	98.106	264	5	0	418	681	1000	737	3.44e-130	460
EQB69_RS15345	43	98.958	960	10	0	1	960	97	1056	0.0	1718
EQB69_RS15355	2	98.238	681	12	0	1	681	82882	83562	0.0	1192
EQB69_RS15355	47	99.464	373	2	0	32	404	373	1	0.0	678
EQB69_RS15355	23	99.639	277	1	0	405	681	1	277	4.36e-144	507
EQB69_RS15355	44	98.106	264	5	0	418	681	1000	737	3.44e-130	460
EQB69_RS15355	53	100.000	29	0	0	2	30	76	104	6.82e-08	54.7
EQB69_RS15370	2	98.238	681	12	0	1	681	82882	83562	0.0	1192
EQB69_RS15370	47	99.732	373	1	0	32	404	373	1	0.0	684
EQB69_RS15370	23	99.639	277	1	0	405	681	1	277	4.36e-144	507
EQB69_RS15370	44	98.106	264	5	0	418	681	1000	737	3.44e-130	460
EQB69_RS15375	44	100.000	51	0	0	1	51	733	683	3.64e-20	95.3
EQB69_RS15375	23	100.000	51	0	0	1	51	281	331	3.64e-20	95.3
EQB69_RS15375	2	100.000	51	0	0	1	51	83566	83616	3.64e-20	95.3
EQB60_RS13885	42	75.746	503	116	4	752	1251	640	141	5.44e-66	248
EQB60_RS13995	43	99.062	960	9	0	1	960	97	1056	0.0	1724
EQB60_RS14020	21	99.484	1163	6	0	1	1163	21773	22935	0.0	2115
EQB60_RS14095	35	97.938	97	2	0	594	690	2004	2100	2.37e-42	169
EQB60_RS14100	35	95.978	1069	42	1	228	1296	3156	2089	0.0	1735
EQB60_RS14125	27	96.474	1191	42	0	1	1191	10627	9437	0.0	1967
EQB60_RS14125	31	99.254	134	0	1	226	358	6261	6128	8.66e-64	241
EQB60_RS14125	21	100.000	65	0	0	1	65	21464	21400	1.18e-27	121
EQB60_RS14130	28	98.201	1167	21	0	1	1167	231	1397	0.0	2039
EQB60_RS14135	21	99.398	1163	7	0	1	1163	21773	22935	0.0	2109
EQB60_RS14170	28	97.314	484	13	0	3	486	1989	1506	0.0	822
EQB60_RS14175	2	97.661	684	13	1	1	684	82882	83562	0.0	1171
EQB60_RS14175	47	99.464	373	2	0	32	404	373	1	0.0	678
EQB60_RS14175	23	98.214	280	2	1	405	684	1	277	5.70e-138	486
EQB60_RS14175	44	96.629	267	6	1	418	684	1000	737	4.50e-124	440
EQB60_RS14175	53	100.000	29	0	0	2	30	76	104	6.85e-08	54.7
EQB60_RS14295	21	99.312	1163	8	0	1	1163	21773	22935	0.0	2104
EQB60_RS14310	22	82.041	1509	259	12	1	1503	19850	18348	0.0	1275
EQB60_RS14315	22	80.615	650	120	6	37	683	20514	19868	2.66e-141	497
EQB60_RS14320	22	82.217	821	142	4	1	819	20706	21524	0.0	704
EQB60_RS14330	31	99.604	757	3	0	423	1179	6131	5375	0.0	1382
EQB60_RS14330	31	99.254	134	0	1	226	358	6261	6128	8.57e-64	241
EQB60_RS14330	27	84.680	829	111	13	1	821	10627	9807	0.0	813
EQB60_RS14330	21	100.000	65	0	0	1	65	21464	21400	1.16e-27	121
EQB60_RS14375	21	99.398	1163	7	0	1	1163	21773	22935	0.0	2109
EQB60_RS14385	21	99.691	1293	4	0	1	1293	20634	19342	0.0	2366
EQB60_RS14390	21	100.000	261	0	0	1	261	21168	20908	2.69e-137	483
EQB60_RS14395	31	86.658	757	101	0	423	1179	6131	5375	0.0	839
EQB60_RS14410	21	99.495	396	2	0	1	396	23878	23483	0.0	721
EQB60_RS14415	21	99.647	849	3	0	1	849	24739	23891	0.0	1552
EQB60_RS14420	21	100.000	828	0	0	1	828	25581	24754	0.0	1530
EQB60_RS14425	21	99.764	846	2	0	1	846	26438	25593	0.0	1552
EQB60_RS14430	21	99.573	1170	5	0	1	1170	26692	27861	0.0	2134
EQB60_RS14435	2	98.385	681	11	0	1	681	82882	83562	0.0	1197
EQB60_RS14435	47	99.732	373	1	0	32	404	373	1	0.0	684
EQB60_RS14435	23	98.917	277	3	0	405	681	1	277	9.43e-141	496
EQB60_RS14435	44	98.106	264	5	0	418	681	1000	737	3.44e-130	460
EQB60_RS14435	53	100.000	29	0	0	2	30	76	104	6.82e-08	54.7
EQB60_RS14460	23	98.305	177	3	0	1	177	101	277	8.74e-86	311
EQB60_RS14460	44	97.740	177	4	0	1	177	913	737	4.07e-84	305
EQB60_RS14460	2	97.740	177	4	0	1	177	83386	83562	4.07e-84	305
EQB60_RS14485	2	97.082	377	11	0	5	381	83186	83562	0.0	636
EQB60_RS14485	23	99.278	277	2	0	105	381	1	277	1.11e-142	501
EQB60_RS14485	44	97.727	264	6	0	118	381	1000	737	8.75e-129	455
EQB60_RS14485	47	100.000	100	0	0	5	104	100	1	1.27e-47	185
EQB60_RS14495	31	99.702	336	1	0	1	336	2365	2030	6.94e-177	616
EQB60_RS14495	31	98.328	299	3	1	383	681	2034	1738	4.33e-149	523
EQB60_RS14520	21	91.925	161	13	0	66	226	12581	12421	7.78e-60	226
EQB60_RS14540	2	98.385	681	11	0	1	681	82882	83562	0.0	1197
EQB60_RS14540	47	99.732	373	1	0	32	404	373	1	0.0	684
EQB60_RS14540	23	99.639	277	1	0	405	681	1	277	4.36e-144	507
EQB60_RS14540	44	98.106	264	5	0	418	681	1000	737	3.44e-130	460
EQB60_RS14540	53	100.000	29	0	0	2	30	76	104	6.82e-08	54.7
EQB60_RS14545	21	100.000	39	0	0	1282	1320	28224	28186	3.71e-13	73.1
EQB60_RS14550	35	100.000	566	0	0	1	566	3513	4078	0.0	1046
EQB60_RS14560	35	98.824	85	1	0	1	85	3241	3157	1.78e-37	152
EQB60_RS14640	35	99.855	1377	2	0	1	1377	582	1958	0.0	2532
EQB60_RS14645	35	100.000	582	0	0	76	657	1	582	0.0	1075
EQB60_RS14650	27	99.677	1237	4	0	1	1237	12696	13932	0.0	2263
EQB60_RS14655	27	98.969	97	1	0	60	156	12581	12677	1.04e-44	174
EQB60_RS14665	27	99.715	351	1	0	1	351	12024	12374	0.0	643
EQB60_RS14665	21	99.000	100	1	0	351	450	21579	21678	7.02e-46	180
EQB60_RS16400	27	97.790	543	1	1	1	543	11337	11868	0.0	926
EQB60_RS14685	2	98.238	681	12	0	1	681	82882	83562	0.0	1192
EQB60_RS14685	47	99.732	373	1	0	32	404	373	1	0.0	684
EQB60_RS14685	23	99.639	277	1	0	405	681	1	277	4.36e-144	507
EQB60_RS14685	44	98.106	264	5	0	418	681	1000	737	3.44e-130	460
EQB60_RS15020	31	92.602	757	56	0	423	1179	6131	5375	0.0	1088
EQB60_RS15020	31	98.507	134	1	1	226	358	6261	6128	3.99e-62	235
EQB60_RS15020	27	84.560	829	112	13	1	821	10627	9807	0.0	808
EQB60_RS15020	21	100.000	65	0	0	1	65	21464	21400	1.16e-27	121
EQB60_RS15030	8	100.000	315	0	0	1	315	22238	22552	3.14e-167	582
EQB60_RS15035	8	100.000	387	0	0	1	387	22568	22954	0.0	715
EQB60_RS15040	8	100.000	1386	0	0	1	1386	22983	24368	0.0	2560
EQB60_RS15045	8	99.346	153	1	0	1	153	24371	24523	7.51e-76	278
EQB60_RS15050	8	99.917	1206	1	0	1	1206	24546	25751	0.0	2222
EQB60_RS15055	8	100.000	222	0	0	1	222	25794	26015	1.08e-115	411
EQB60_RS15060	8	100.000	498	0	0	1	498	26132	26629	0.0	920
EQB60_RS15065	8	100.000	507	0	0	1	507	26604	27110	0.0	937
EQB60_RS15070	8	99.918	2448	2	0	1	2448	27094	29541	0.0	4510
EQB60_RS15075	8	92.132	2186	156	7	1	2178	29544	31721	0.0	3070
EQB60_RS15080	8	99.501	1002	5	0	1	1002	31718	32719	0.0	1823
EQB60_RS15085	8	99.786	933	2	0	1	933	32716	33648	0.0	1712
EQB60_RS15095	8	99.145	117	1	0	1	117	33893	34009	5.69e-56	211
EQB60_RS15100	8	96.458	1920	68	0	1	1920	34025	35944	0.0	3169
EQB60_RS15155	39	81.762	488	87	2	356	842	812	326	5.81e-114	407
EQB60_RS15195	2	98.238	681	12	0	1	681	82882	83562	0.0	1192
EQB60_RS15195	47	99.732	373	1	0	32	404	373	1	0.0	684
EQB60_RS15195	23	99.639	277	1	0	405	681	1	277	4.36e-144	507
EQB60_RS15195	44	98.106	264	5	0	418	681	1000	737	3.44e-130	460
EQB60_RS15230	2	98.238	681	12	0	1	681	82882	83562	0.0	1192
EQB60_RS15230	47	99.732	373	1	0	32	404	373	1	0.0	684
EQB60_RS15230	23	99.639	277	1	0	405	681	1	277	4.36e-144	507
EQB60_RS15230	44	98.106	264	5	0	418	681	1000	737	3.44e-130	460
EQB60_RS15240	2	98.238	681	12	0	1	681	82882	83562	0.0	1192
EQB60_RS15240	47	99.732	373	1	0	32	404	373	1	0.0	684
EQB60_RS15240	23	99.639	277	1	0	405	681	1	277	4.36e-144	507
EQB60_RS15240	44	98.106	264	5	0	418	681	1000	737	3.44e-130	460
EQB60_RS15260	2	98.385	681	11	0	1	681	82882	83562	0.0	1197
EQB60_RS15260	47	99.732	373	1	0	32	404	373	1	0.0	684
EQB60_RS15260	23	98.917	277	3	0	405	681	1	277	9.43e-141	496
EQB60_RS15260	44	98.106	264	5	0	418	681	1000	737	3.44e-130	460
EQB60_RS15260	53	100.000	29	0	0	2	30	76	104	6.82e-08	54.7
EQB60_RS15280	2	98.385	681	11	0	1	681	82882	83562	0.0	1197
EQB60_RS15280	47	99.732	373	1	0	32	404	373	1	0.0	684
EQB60_RS15280	23	99.639	277	1	0	405	681	1	277	4.36e-144	507
EQB60_RS15280	44	98.106	264	5	0	418	681	1000	737	3.44e-130	460
EQB60_RS15280	53	100.000	29	0	0	2	30	76	104	6.82e-08	54.7
EQB60_RS15375	22	83.788	586	95	0	8	593	23084	23669	3.84e-159	556
EQB60_RS15405	2	98.238	681	12	0	1	681	82882	83562	0.0	1192
EQB60_RS15405	47	99.732	373	1	0	32	404	373	1	0.0	684
EQB60_RS15405	23	99.278	277	2	0	405	681	1	277	2.03e-142	501
EQB60_RS15405	44	97.727	264	6	0	418	681	1000	737	1.60e-128	455
EQB60_RS15405	53	100.000	29	0	0	2	30	76	104	6.82e-08	54.7
EQB60_RS15445	2	98.385	681	11	0	1	681	82882	83562	0.0	1197
EQB60_RS15445	47	99.732	373	1	0	32	404	373	1	0.0	684
EQB60_RS15445	23	99.639	277	1	0	405	681	1	277	4.36e-144	507
EQB60_RS15445	44	98.106	264	5	0	418	681	1000	737	3.44e-130	460
EQB60_RS15445	53	100.000	29	0	0	2	30	76	104	6.82e-08	54.7
EQB60_RS15460	31	86.658	757	101	0	423	1179	6131	5375	0.0	839
EQB60_RS15505	2	98.091	681	13	0	1	681	82882	83562	0.0	1186
EQB60_RS15505	47	99.732	373	1	0	32	404	373	1	0.0	684
EQB60_RS15505	23	99.639	277	1	0	405	681	1	277	4.36e-144	507
EQB60_RS15505	44	98.106	264	5	0	418	681	1000	737	3.44e-130	460
EQB60_RS15520	22	81.834	589	107	0	8	596	23084	23672	8.27e-141	496
EQB60_RS15615	42	75.746	503	116	4	752	1251	640	141	5.44e-66	248
EQB60_RS15805	53	100.000	63	0	0	1	63	63	1	7.03e-27	117
EQB60_RS15805	2	98.485	66	1	0	1	66	82870	82805	7.03e-27	117
EQB60_RS15810	2	98.385	681	11	0	1	681	82882	83562	0.0	1197
EQB60_RS15810	47	99.732	373	1	0	32	404	373	1	0.0	684
EQB60_RS15810	23	99.639	277	1	0	405	681	1	277	4.36e-144	507
EQB60_RS15810	44	98.106	264	5	0	418	681	1000	737	3.44e-130	460
EQB60_RS15810	53	100.000	29	0	0	2	30	76	104	6.82e-08	54.7
EQB60_RS15830	2	100.000	34	0	0	1119	1152	83618	83585	1.94e-10	63.9
EQB60_RS15830	44	100.000	33	0	0	1120	1152	682	714	6.99e-10	62.1
EQB60_RS15830	23	100.000	32	0	0	1121	1152	331	300	2.51e-09	60.2
EQB60_RS15835	2	98.385	681	11	0	1	681	82882	83562	0.0	1197
EQB60_RS15835	47	99.732	373	1	0	32	404	373	1	0.0	684
EQB60_RS15835	23	99.639	277	1	0	405	681	1	277	4.36e-144	507
EQB60_RS15835	44	98.106	264	5	0	418	681	1000	737	3.44e-130	460
EQB60_RS15835	53	100.000	29	0	0	2	30	76	104	6.82e-08	54.7
EQB60_RS15870	2	98.385	681	11	0	1	681	82882	83562	0.0	1197
EQB60_RS15870	47	99.732	373	1	0	32	404	373	1	0.0	684
EQB60_RS15870	23	99.639	277	1	0	405	681	1	277	4.36e-144	507
EQB60_RS15870	44	98.106	264	5	0	418	681	1000	737	3.44e-130	460
EQB60_RS15870	53	100.000	29	0	0	2	30	76	104	6.82e-08	54.7
EQB60_RS15890	53	100.000	37	0	0	618	654	1	37	2.34e-12	69.4
EQB60_RS15890	2	100.000	37	0	0	618	654	82808	82844	2.34e-12	69.4
EQB60_RS15895	2	98.385	681	11	0	1	681	82882	83562	0.0	1197
EQB60_RS15895	47	99.732	373	1	0	32	404	373	1	0.0	684
EQB60_RS15895	23	99.639	277	1	0	405	681	1	277	4.36e-144	507
EQB60_RS15895	44	98.106	264	5	0	418	681	1000	737	3.44e-130	460
EQB60_RS15895	53	100.000	29	0	0	2	30	76	104	6.82e-08	54.7
EQB60_RS15920	21	99.398	1163	7	0	1	1163	21773	22935	0.0	2109
EQB60_RS15925	21	100.000	35	0	0	221	255	21698	21732	1.12e-11	65.8
EQB60_RS15960	38	98.016	252	5	0	1	252	382	131	5.68e-124	438
EQB60_RS15965	51	100.000	135	0	0	33	167	135	1	2.41e-67	250
EQB60_RS15965	38	100.000	32	0	0	1	32	32	1	4.36e-10	60.2
EQB60_RS15965	44	100.000	31	0	0	1	31	32	2	1.57e-09	58.4
EQB60_RS15970	40	97.802	273	6	0	1	273	66	338	6.08e-134	472
EQB60_RS15975	40	98.784	329	4	0	1	329	340	668	2.72e-168	586
EQB60_RS15980	2	98.385	681	11	0	1	681	82882	83562	0.0	1197
EQB60_RS15980	47	99.732	373	1	0	32	404	373	1	0.0	684
EQB60_RS15980	23	99.639	277	1	0	405	681	1	277	4.36e-144	507
EQB60_RS15980	44	98.106	264	5	0	418	681	1000	737	3.44e-130	460
EQB60_RS15980	53	100.000	29	0	0	2	30	76	104	6.82e-08	54.7
EQB60_RS16000	2	98.532	681	10	0	1	681	82882	83562	0.0	1203
EQB60_RS16000	47	99.732	373	1	0	32	404	373	1	0.0	684
EQB60_RS16000	23	99.278	277	2	0	405	681	1	277	2.03e-142	501
EQB60_RS16000	44	98.485	264	4	0	418	681	1000	737	7.40e-132	466
EQB60_RS16000	53	100.000	29	0	0	2	30	76	104	6.82e-08	54.7
EQB60_RS16055	2	98.385	681	11	0	1	681	82882	83562	0.0	1197
EQB60_RS16055	47	99.732	373	1	0	32	404	373	1	0.0	684
EQB60_RS16055	23	99.639	277	1	0	405	681	1	277	4.36e-144	507
EQB60_RS16055	44	98.106	264	5	0	418	681	1000	737	3.44e-130	460
EQB60_RS16055	53	100.000	29	0	0	2	30	76	104	6.82e-08	54.7
EQB60_RS16090	31	86.658	757	101	0	423	1179	6131	5375	0.0	839
EQB59_RS13950	21	99.484	1163	6	0	1	1163	21773	22935	0.0	2115
EQB59_RS14000	42	75.746	503	116	4	752	1251	640	141	5.44e-66	248
EQB59_RS14110	31	86.658	757	98	3	420	1173	6131	5375	0.0	835
EQB59_RS14170	28	93.243	222	2	2	819	1040	11233	11441	4.38e-86	315
EQB59_RS14225	22	82.339	821	141	4	1	819	20706	21524	0.0	710
EQB59_RS14230	22	80.615	650	120	6	37	683	20514	19868	2.66e-141	497
EQB59_RS14235	22	81.921	1510	259	14	1	1503	19850	18348	0.0	1264
EQB59_RS14245	21	99.484	1163	6	0	1	1163	21773	22935	0.0	2115
EQB59_RS14285	31	86.658	757	101	0	423	1179	6131	5375	0.0	839
EQB59_RS14390	2	93.611	673	37	6	1	669	82882	83552	0.0	1000
EQB59_RS14390	47	98.396	374	2	4	32	402	373	1	0.0	654
EQB59_RS14390	23	88.489	278	30	2	403	679	1	277	2.17e-92	335
EQB59_RS14390	31	92.377	223	15	1	457	679	1958	1738	7.86e-87	316
EQB59_RS14390	44	87.451	255	30	2	416	669	1000	747	1.32e-79	292
EQB59_RS14390	53	100.000	29	0	0	2	30	76	104	6.80e-08	54.7
EQB59_RS14395	53	100.000	37	0	0	1290	1326	1	37	4.82e-12	69.4
EQB59_RS14395	2	100.000	37	0	0	1290	1326	82808	82844	4.82e-12	69.4
EQB59_RS14495	31	99.604	757	3	0	423	1179	6131	5375	0.0	1382
EQB59_RS14495	31	99.254	134	0	1	226	358	6261	6128	8.57e-64	241
EQB59_RS14495	27	84.922	829	109	13	1	821	10627	9807	0.0	824
EQB59_RS14495	21	100.000	65	0	0	1	65	21464	21400	1.16e-27	121
EQB59_RS14620	21	100.000	35	0	0	221	255	21698	21732	1.12e-11	65.8
EQB59_RS14625	21	99.398	1163	7	0	1	1163	21773	22935	0.0	2109
EQB59_RS14650	2	98.238	681	12	0	1	681	82882	83562	0.0	1192
EQB59_RS14650	47	99.464	373	2	0	32	404	373	1	0.0	678
EQB59_RS14650	23	99.639	277	1	0	405	681	1	277	4.36e-144	507
EQB59_RS14650	44	98.106	264	5	0	418	681	1000	737	3.44e-130	460
EQB59_RS14650	53	100.000	29	0	0	2	30	76	104	6.82e-08	54.7
EQB59_RS14695	39	81.762	488	87	2	356	842	812	326	5.81e-114	407
EQB59_RS14755	39	100.000	554	0	0	356	909	812	259	0.0	1024
EQB59_RS14760	39	100.000	281	0	0	263	543	2460	2180	4.43e-148	520
EQB59_RS14760	39	100.000	262	0	0	1	262	262	1	1.62e-137	484
EQB59_RS14765	39	100.000	795	0	0	1	795	2087	1293	0.0	1469
EQB59_RS14770	38	100.000	101	0	0	12	112	2626	2526	9.10e-49	187
EQB59_RS14775	38	100.000	84	0	0	1	84	2505	2422	1.79e-39	156
EQB59_RS14780	38	99.593	738	3	0	1	738	2297	1560	0.0	1347
EQB59_RS14805	8	94.271	1920	110	0	1	1920	34025	35944	0.0	2937
EQB59_RS14810	8	99.145	117	1	0	1	117	33893	34009	5.69e-56	211
EQB59_RS14820	8	99.786	933	2	0	1	933	32716	33648	0.0	1712
EQB59_RS14825	8	100.000	1002	0	0	1	1002	31718	32719	0.0	1851
EQB59_RS14830	8	100.000	2178	0	0	1	2178	29544	31721	0.0	4023
EQB59_RS14835	8	99.918	2448	2	0	1	2448	27094	29541	0.0	4510
EQB59_RS14840	8	100.000	507	0	0	1	507	26604	27110	0.0	937
EQB59_RS14845	8	100.000	498	0	0	1	498	26132	26629	0.0	920
EQB59_RS14850	8	100.000	222	0	0	1	222	25794	26015	1.08e-115	411
EQB59_RS14855	8	99.917	1206	1	0	1	1206	24546	25751	0.0	2222
EQB59_RS14860	8	99.346	153	1	0	1	153	24371	24523	7.51e-76	278
EQB59_RS14865	8	99.928	1386	1	0	1	1386	22983	24368	0.0	2555
EQB59_RS14870	8	100.000	387	0	0	1	387	22568	22954	0.0	715
EQB59_RS14875	8	100.000	315	0	0	1	315	22238	22552	3.14e-167	582
EQB59_RS14885	31	92.602	757	56	0	423	1179	6131	5375	0.0	1088
EQB59_RS14885	31	99.254	134	0	1	226	358	6261	6128	8.57e-64	241
EQB59_RS14885	27	84.680	829	111	13	1	821	10627	9807	0.0	813
EQB59_RS14885	21	100.000	65	0	0	1	65	21464	21400	1.16e-27	121
EQB72_RS14590	42	75.746	503	116	4	752	1251	640	141	5.44e-66	248
EQB72_RS14705	31	86.658	757	101	0	423	1179	6131	5375	0.0	839
EQB72_RS14725	3	76.746	1217	277	6	28	1241	324012	322799	0.0	675
EQB72_RS14780	27	91.549	213	18	0	7	219	9649	9437	1.12e-80	294
EQB72_RS14780	31	85.380	171	23	2	1	170	5581	5412	4.22e-45	176
EQB72_RS14795	2	96.804	438	14	0	212	649	83125	83562	0.0	732
EQB72_RS14795	2	99.558	226	1	0	1	226	82882	83107	9.30e-116	412
EQB72_RS14795	23	99.639	277	1	0	373	649	1	277	4.15e-144	507
EQB72_RS14795	44	98.106	264	5	0	386	649	1000	737	3.27e-130	460
EQB72_RS14795	47	99.487	195	1	0	32	226	373	179	1.59e-98	355
EQB72_RS14795	47	98.710	155	2	0	218	372	155	1	1.27e-74	276
EQB72_RS14795	53	100.000	29	0	0	2	30	76	104	6.49e-08	54.7
EQB72_RS14845	22	82.339	821	141	4	1	819	20706	21524	0.0	710
EQB72_RS14850	22	80.615	650	120	6	37	683	20514	19868	2.66e-141	497
EQB72_RS14855	22	81.921	1510	259	14	1	1503	19850	18348	0.0	1264
EQB72_RS14870	21	99.671	912	3	0	1	912	22024	22935	0.0	1668
EQB72_RS14875	2	98.385	681	11	0	1	681	82882	83562	0.0	1197
EQB72_RS14875	47	99.732	373	1	0	32	404	373	1	0.0	684
EQB72_RS14875	23	98.917	277	3	0	405	681	1	277	9.43e-141	496
EQB72_RS14875	44	98.106	264	5	0	418	681	1000	737	3.44e-130	460
EQB72_RS14875	53	100.000	29	0	0	2	30	76	104	6.82e-08	54.7
EQB72_RS14895	21	98.776	245	3	0	1	245	21773	22017	2.12e-123	436
EQB72_RS14900	2	98.385	681	11	0	1	681	82882	83562	0.0	1197
EQB72_RS14900	47	99.732	373	1	0	32	404	373	1	0.0	684
EQB72_RS14900	23	98.917	277	3	0	405	681	1	277	9.43e-141	496
EQB72_RS14900	44	98.106	264	5	0	418	681	1000	737	3.44e-130	460
EQB72_RS14900	53	100.000	29	0	0	2	30	76	104	6.82e-08	54.7
EQB72_RS14905	21	99.573	1170	5	0	1	1170	26692	27861	0.0	2134
EQB72_RS14925	21	99.764	846	2	0	1	846	26438	25593	0.0	1552
EQB72_RS14930	21	100.000	828	0	0	1	828	25581	24754	0.0	1530
EQB72_RS14935	21	99.647	849	3	0	1	849	24739	23891	0.0	1552
EQB72_RS14940	21	99.495	396	2	0	1	396	23878	23483	0.0	721
EQB72_RS14955	31	86.658	757	101	0	423	1179	6131	5375	0.0	839
EQB72_RS14960	21	100.000	261	0	0	1	261	21168	20908	2.69e-137	483
EQB72_RS14965	21	99.691	1293	4	0	1	1293	20634	19342	0.0	2366
EQB72_RS14970	21	99.398	1163	7	0	1	1163	21773	22935	0.0	2109
EQB72_RS15025	44	98.889	90	1	0	1	90	826	737	4.21e-41	161
EQB72_RS15025	23	98.889	90	1	0	1	90	188	277	4.21e-41	161
EQB72_RS15025	2	98.889	90	1	0	1	90	83473	83562	4.21e-41	161
EQB72_RS15035	2	98.325	597	10	0	1	597	82882	83478	0.0	1048
EQB72_RS15035	47	99.732	373	1	0	32	404	373	1	0.0	684
EQB72_RS15035	23	98.964	193	2	0	405	597	1	193	8.77e-96	346
EQB72_RS15035	44	97.778	180	4	0	418	597	1000	821	3.20e-85	311
EQB72_RS15035	53	100.000	29	0	0	2	30	76	104	5.95e-08	54.7
EQB72_RS15050	23	98.305	177	3	0	1	177	101	277	8.74e-86	311
EQB72_RS15050	44	97.740	177	4	0	1	177	913	737	4.07e-84	305
EQB72_RS15050	2	97.740	177	4	0	1	177	83386	83562	4.07e-84	305
EQB72_RS15075	2	97.082	377	11	0	5	381	83186	83562	0.0	636
EQB72_RS15075	23	99.278	277	2	0	105	381	1	277	1.11e-142	501
EQB72_RS15075	44	97.727	264	6	0	118	381	1000	737	8.75e-129	455
EQB72_RS15075	47	100.000	100	0	0	5	104	100	1	1.27e-47	185
EQB72_RS15085	31	99.702	336	1	0	1	336	2365	2030	6.94e-177	616
EQB72_RS15085	31	98.328	299	3	1	383	681	2034	1738	4.33e-149	523
EQB72_RS15110	21	91.925	161	13	0	66	226	12581	12421	7.78e-60	226
EQB72_RS15130	2	98.238	681	12	0	1	681	82882	83562	0.0	1192
EQB72_RS15130	47	99.464	373	2	0	32	404	373	1	0.0	678
EQB72_RS15130	23	99.639	277	1	0	405	681	1	277	4.36e-144	507
EQB72_RS15130	44	98.106	264	5	0	418	681	1000	737	3.44e-130	460
EQB72_RS15130	53	100.000	29	0	0	2	30	76	104	6.82e-08	54.7
EQB72_RS15135	21	100.000	39	0	0	1282	1320	28224	28186	3.71e-13	73.1
EQB72_RS15140	35	100.000	566	0	0	1	566	3513	4078	0.0	1046
EQB72_RS15150	35	98.824	85	1	0	1	85	3241	3157	1.78e-37	152
EQB72_RS15230	35	99.855	1377	2	0	1	1377	582	1958	0.0	2532
EQB72_RS15235	35	100.000	582	0	0	76	657	1	582	0.0	1075
EQB72_RS15240	27	99.677	1237	4	0	1	1237	12696	13932	0.0	2263
EQB72_RS15245	27	98.969	97	1	0	60	156	12581	12677	1.04e-44	174
EQB72_RS15255	27	99.715	351	1	0	1	351	12024	12374	0.0	643
EQB72_RS16495	27	97.790	543	1	1	1	543	11337	11868	0.0	926
EQB72_RS15280	31	87.629	194	24	0	23	216	5568	5375	4.06e-60	226
EQB72_RS15365	31	86.658	757	101	0	423	1179	6131	5375	0.0	839
EQB72_RS15370	43	99.502	602	3	0	1	602	97	698	0.0	1096
EQB72_RS15390	31	86.658	757	101	0	423	1179	6131	5375	0.0	839
EQB72_RS15400	43	99.167	960	8	0	1	960	97	1056	0.0	1729
EQB72_RS15415	35	95.790	1069	44	1	228	1296	3156	2089	0.0	1724
EQB72_RS15445	2	98.387	682	10	1	1	682	82882	83562	0.0	1197
EQB72_RS15445	47	99.465	374	1	1	32	405	373	1	0.0	678
EQB72_RS15445	23	99.278	277	2	0	406	682	1	277	2.03e-142	501
EQB72_RS15445	44	98.485	264	4	0	419	682	1000	737	7.41e-132	466
EQB72_RS15445	53	100.000	29	0	0	2	30	76	104	6.83e-08	54.7
EQB72_RS15485	2	97.944	681	14	0	1	681	82882	83562	0.0	1181
EQB72_RS15485	47	99.196	373	3	0	32	404	373	1	0.0	673
EQB72_RS15485	23	99.639	277	1	0	405	681	1	277	4.36e-144	507
EQB72_RS15485	44	98.106	264	5	0	418	681	1000	737	3.44e-130	460
EQB72_RS15490	2	100.000	35	0	0	794	828	83619	83585	3.86e-11	65.8
EQB72_RS15490	44	100.000	33	0	0	796	828	682	714	4.99e-10	62.1
EQB72_RS15490	23	100.000	32	0	0	797	828	331	300	1.79e-09	60.2
EQB72_RS15550	44	100.000	32	0	0	575	606	683	714	1.30e-09	60.2
EQB72_RS15550	23	100.000	32	0	0	575	606	331	300	1.30e-09	60.2
EQB72_RS15550	2	100.000	32	0	0	575	606	83616	83585	1.30e-09	60.2
EQB72_RS15555	2	89.721	681	69	1	1	680	82882	83562	0.0	869
EQB72_RS15555	31	99.405	336	2	0	1	336	2365	2030	3.22e-175	610
EQB72_RS15555	23	99.639	277	1	0	404	680	1	277	4.35e-144	507
EQB72_RS15555	44	98.106	264	5	0	417	680	1000	737	3.44e-130	460
EQB72_RS15555	47	86.027	365	50	1	40	403	365	1	4.57e-109	390
EQB72_RS15590	2	90.308	681	66	0	1	681	82882	83562	0.0	893
EQB72_RS15590	31	97.917	336	7	0	1	336	2365	2030	7.04e-167	582
EQB72_RS15590	23	99.639	277	1	0	405	681	1	277	4.36e-144	507
EQB72_RS15590	44	98.106	264	5	0	418	681	1000	737	3.44e-130	460
EQB72_RS15590	47	87.123	365	47	0	40	404	365	1	2.72e-116	414
EQB72_RS15700	2	98.532	681	10	0	1	681	82882	83562	0.0	1203
EQB72_RS15700	47	99.732	373	1	0	32	404	373	1	0.0	684
EQB72_RS15700	23	99.278	277	2	0	405	681	1	277	2.03e-142	501
EQB72_RS15700	44	98.485	264	4	0	418	681	1000	737	7.40e-132	466
EQB72_RS15700	53	100.000	29	0	0	2	30	76	104	6.82e-08	54.7
EQB72_RS15725	2	97.944	681	14	0	1	681	82882	83562	0.0	1181
EQB72_RS15725	47	99.196	373	3	0	32	404	373	1	0.0	673
EQB72_RS15725	23	99.278	277	2	0	405	681	1	277	2.03e-142	501
EQB72_RS15725	44	97.727	264	6	0	418	681	1000	737	1.60e-128	455
EQB72_RS15725	53	100.000	29	0	0	2	30	76	104	6.82e-08	54.7
EQB72_RS15765	2	97.912	479	10	0	1	479	83084	83562	0.0	830
EQB72_RS15765	23	99.639	277	1	0	203	479	1	277	3.03e-144	507
EQB72_RS15765	44	98.106	264	5	0	216	479	1000	737	2.39e-130	460
EQB72_RS15765	47	100.000	202	0	0	1	202	202	1	3.21e-104	374
EQB72_RS15995	2	98.385	681	11	0	1	681	82882	83562	0.0	1197
EQB72_RS15995	47	99.732	373	1	0	32	404	373	1	0.0	684
EQB72_RS15995	23	99.639	277	1	0	405	681	1	277	4.36e-144	507
EQB72_RS15995	44	98.106	264	5	0	418	681	1000	737	3.44e-130	460
EQB72_RS15995	53	100.000	29	0	0	2	30	76	104	6.82e-08	54.7
EQB72_RS16000	44	100.000	34	0	0	867	900	681	714	1.51e-10	63.9
EQB72_RS16000	23	97.222	36	1	0	865	900	335	300	5.43e-10	62.1
EQB72_RS16000	2	100.000	33	0	0	868	900	83617	83585	5.43e-10	62.1
EQB72_RS16005	39	100.000	252	0	0	1	252	2431	2180	2.60e-132	466
EQB72_RS16010	39	100.000	795	0	0	1	795	2087	1293	0.0	1469
EQB72_RS16015	38	100.000	101	0	0	12	112	2626	2526	9.10e-49	187
EQB72_RS16020	38	98.810	84	1	0	1	84	2505	2422	8.34e-38	150
EQB72_RS16025	38	99.729	738	2	0	1	738	2297	1560	0.0	1352
EQB72_RS16030	40	93.162	117	8	0	1	117	1087	1203	2.69e-44	172
EQB72_RS16035	2	100.000	201	0	0	1	201	82882	83082	4.58e-104	372
EQB72_RS16035	47	100.000	170	0	0	32	201	373	204	7.83e-87	315
EQB72_RS16035	53	100.000	29	0	0	2	30	76	104	1.88e-08	54.7
EQB72_RS16045	2	98.385	681	11	0	1	681	82882	83562	0.0	1197
EQB72_RS16045	47	99.732	373	1	0	32	404	373	1	0.0	684
EQB72_RS16045	23	99.639	277	1	0	405	681	1	277	4.36e-144	507
EQB72_RS16045	44	98.106	264	5	0	418	681	1000	737	3.44e-130	460
EQB72_RS16045	53	100.000	29	0	0	2	30	76	104	6.82e-08	54.7
EQB72_RS16050	44	98.413	189	3	0	1	189	340	152	2.01e-92	333
EQB72_RS16055	51	100.000	135	0	0	33	167	135	1	3.06e-67	250
EQB72_RS16055	38	97.087	103	1	1	168	270	2626	2526	6.82e-44	172
EQB72_RS16055	38	100.000	31	0	0	1	31	32	2	1.99e-09	58.4
EQB72_RS16055	44	100.000	32	0	0	1	32	32	1	5.54e-10	60.2
EQB72_RS16060	38	100.000	84	0	0	1	84	2505	2422	1.79e-39	156
EQB72_RS16065	38	99.729	738	2	0	1	738	2297	1560	0.0	1352
EQB72_RS16075	44	98.462	260	4	0	2	261	411	152	4.53e-130	459
EQB72_RS16075	38	95.019	261	13	0	1	261	1390	1130	1.29e-115	411
EQB72_RS16100	39	100.000	554	0	0	356	909	812	259	0.0	1024
EQB72_RS16105	39	100.000	227	0	0	1	227	262	36	2.06e-118	420
EQB72_RS16110	2	98.385	681	11	0	1	681	82882	83562	0.0	1197
EQB72_RS16110	47	99.732	373	1	0	32	404	373	1	0.0	684
EQB72_RS16110	23	99.639	277	1	0	405	681	1	277	4.36e-144	507
EQB72_RS16110	44	98.106	264	5	0	418	681	1000	737	3.44e-130	460
EQB72_RS16110	53	100.000	29	0	0	2	30	76	104	6.82e-08	54.7
EQB72_RS16180	2	98.238	681	12	0	1	681	82882	83562	0.0	1192
EQB72_RS16180	47	99.732	373	1	0	32	404	373	1	0.0	684
EQB72_RS16180	23	99.278	277	2	0	405	681	1	277	2.03e-142	501
EQB72_RS16180	44	97.727	264	6	0	418	681	1000	737	1.60e-128	455
EQB72_RS16180	53	100.000	29	0	0	2	30	76	104	6.82e-08	54.7
EQB72_RS16220	2	98.385	681	11	0	1	681	82882	83562	0.0	1197
EQB72_RS16220	47	99.732	373	1	0	32	404	373	1	0.0	684
EQB72_RS16220	23	99.639	277	1	0	405	681	1	277	4.36e-144	507
EQB72_RS16220	44	98.106	264	5	0	418	681	1000	737	3.44e-130	460
EQB72_RS16220	53	100.000	29	0	0	2	30	76	104	6.82e-08	54.7
EQB72_RS16235	31	86.658	757	101	0	423	1179	6131	5375	0.0	839
EQB74_RS15635	42	75.746	503	116	4	752	1251	640	141	5.44e-66	248
EQB74_RS15750	31	86.658	757	101	0	423	1179	6131	5375	0.0	839
EQB74_RS15765	3	76.746	1217	277	6	28	1241	324012	322799	0.0	675
EQB74_RS15805	27	91.549	213	18	0	7	219	9649	9437	1.12e-80	294
EQB74_RS15805	31	85.380	171	23	2	1	170	5581	5412	4.22e-45	176
EQB74_RS15820	2	96.145	441	14	1	212	652	83125	83562	0.0	717
EQB74_RS15820	2	99.558	226	1	0	1	226	82882	83107	9.34e-116	412
EQB74_RS15820	23	98.571	280	1	1	373	652	1	277	1.17e-139	492
EQB74_RS15820	44	97.004	267	5	1	386	652	1000	737	9.21e-126	446
EQB74_RS15820	47	99.487	195	1	0	32	226	373	179	1.60e-98	355
EQB74_RS15820	47	98.710	155	2	0	218	372	155	1	1.28e-74	276
EQB74_RS15820	53	100.000	29	0	0	2	30	76	104	6.52e-08	54.7
EQB74_RS15855	35	95.978	1069	42	1	228	1296	3156	2089	0.0	1735
EQB74_RS15870	22	82.339	821	141	4	1	819	20706	21524	0.0	710
EQB74_RS15875	22	80.615	650	120	6	37	683	20514	19868	2.66e-141	497
EQB74_RS15880	22	81.987	1510	258	14	1	1503	19850	18348	0.0	1269
EQB74_RS15885	42	75.746	503	116	4	752	1251	640	141	5.44e-66	248
EQB74_RS15900	21	99.552	1115	5	0	1	1115	21821	22935	0.0	2032
EQB74_RS15965	21	99.312	1163	8	0	1	1163	21773	22935	0.0	2104
EQB74_RS15975	21	99.536	1293	6	0	1	1293	20634	19342	0.0	2355
EQB74_RS15995	21	100.000	261	0	0	1	261	21168	20908	2.69e-137	483
EQB74_RS16000	31	86.658	757	101	0	423	1179	6131	5375	0.0	839
EQB74_RS16005	21	100.000	39	0	0	1282	1320	28224	28186	3.71e-13	73.1
EQB74_RS16010	35	100.000	566	0	0	1	566	3513	4078	0.0	1046
EQB74_RS16020	35	98.824	85	1	0	1	85	3241	3157	4.47e-37	152
EQB74_RS16025	9	80.039	1538	296	10	33	1566	82096	83626	0.0	1129
EQB74_RS16080	35	98.824	85	1	0	1	85	3241	3157	4.47e-37	152
EQB74_RS16160	35	99.927	1377	1	0	1	1377	582	1958	0.0	2538
EQB74_RS16165	35	99.828	582	1	0	76	657	1	582	0.0	1070
EQB74_RS16170	27	99.677	1237	4	0	1	1237	12696	13932	0.0	2263
EQB74_RS16175	27	98.969	97	1	0	60	156	12581	12677	1.04e-44	174
EQB74_RS16185	27	99.715	351	1	0	1	351	12024	12374	0.0	643
EQB74_RS17280	27	97.790	543	1	1	1	543	11337	11868	0.0	926
EQB74_RS16210	31	87.629	194	24	0	23	216	5568	5375	4.06e-60	226
EQB74_RS16260	44	100.000	32	0	0	575	606	683	714	1.30e-09	60.2
EQB74_RS16260	23	100.000	32	0	0	575	606	331	300	1.30e-09	60.2
EQB74_RS16260	2	100.000	32	0	0	575	606	83616	83585	1.30e-09	60.2
EQB74_RS16265	2	89.721	681	69	1	1	680	82882	83562	0.0	869
EQB74_RS16265	31	99.405	336	2	0	1	336	2365	2030	3.22e-175	610
EQB74_RS16265	23	99.639	277	1	0	404	680	1	277	4.35e-144	507
EQB74_RS16265	44	98.106	264	5	0	417	680	1000	737	3.44e-130	460
EQB74_RS16265	47	86.027	365	50	1	40	403	365	1	4.57e-109	390
EQB74_RS16300	2	97.944	681	13	1	1	680	82882	83562	0.0	1179
EQB74_RS16300	47	98.928	373	3	1	32	403	373	1	0.0	665
EQB74_RS16300	23	99.639	277	1	0	404	680	1	277	4.35e-144	507
EQB74_RS16300	44	98.106	264	5	0	417	680	1000	737	3.44e-130	460
EQB74_RS16300	53	100.000	29	0	0	2	30	76	104	6.81e-08	54.7
EQB74_RS16340	2	98.385	681	11	0	1	681	82882	83562	0.0	1197
EQB74_RS16340	47	99.732	373	1	0	32	404	373	1	0.0	684
EQB74_RS16340	23	99.639	277	1	0	405	681	1	277	4.36e-144	507
EQB74_RS16340	44	98.106	264	5	0	418	681	1000	737	3.44e-130	460
EQB74_RS16340	53	100.000	29	0	0	2	30	76	104	6.82e-08	54.7
EQB74_RS16360	44	98.276	58	1	0	1	58	737	680	2.73e-22	102
EQB74_RS16360	23	100.000	55	0	0	1	55	277	331	2.73e-22	102
EQB74_RS16360	2	100.000	55	0	0	1	55	83562	83616	2.73e-22	102
EQB74_RS16365	2	98.385	681	11	0	1	681	82882	83562	0.0	1197
EQB74_RS16365	47	99.732	373	1	0	32	404	373	1	0.0	684
EQB74_RS16365	23	99.639	277	1	0	405	681	1	277	4.36e-144	507
EQB74_RS16365	44	98.106	264	5	0	418	681	1000	737	3.44e-130	460
EQB74_RS16365	53	100.000	29	0	0	2	30	76	104	6.82e-08	54.7
EQB74_RS16370	53	100.000	48	0	0	1	48	48	1	1.91e-18	89.8
EQB74_RS16370	2	100.000	48	0	0	1	48	82855	82808	1.91e-18	89.8
EQB74_RS16400	22	83.788	586	95	0	8	593	23084	23669	3.84e-159	556
EQB74_RS16470	42	75.746	503	116	4	752	1251	640	141	5.44e-66	248
EQB74_RS16595	2	98.385	681	11	0	1	681	82882	83562	0.0	1197
EQB74_RS16595	47	99.732	373	1	0	32	404	373	1	0.0	684
EQB74_RS16595	23	99.639	277	1	0	405	681	1	277	4.36e-144	507
EQB74_RS16595	44	98.106	264	5	0	418	681	1000	737	3.44e-130	460
EQB74_RS16595	53	100.000	29	0	0	2	30	76	104	6.82e-08	54.7
EQB74_RS16605	21	92.547	161	12	0	66	226	12581	12421	1.67e-61	231
EQB74_RS16615	2	98.385	681	11	0	1	681	82882	83562	0.0	1197
EQB74_RS16615	47	99.732	373	1	0	32	404	373	1	0.0	684
EQB74_RS16615	23	99.639	277	1	0	405	681	1	277	4.36e-144	507
EQB74_RS16615	44	98.106	264	5	0	418	681	1000	737	3.44e-130	460
EQB74_RS16615	53	100.000	29	0	0	2	30	76	104	6.82e-08	54.7
EQB74_RS16730	31	100.000	28	0	0	312	339	5323	5350	1.18e-07	52.8
EQB74_RS16735	31	86.658	757	101	0	423	1179	6131	5375	0.0	839
EQB74_RS16745	2	98.238	681	12	0	1	681	82882	83562	0.0	1192
EQB74_RS16745	47	99.464	373	2	0	32	404	373	1	0.0	678
EQB74_RS16745	23	99.639	277	1	0	405	681	1	277	4.36e-144	507
EQB74_RS16745	44	98.106	264	5	0	418	681	1000	737	3.44e-130	460
EQB74_RS16745	53	100.000	29	0	0	2	30	76	104	6.82e-08	54.7
EQB74_RS16750	38	100.000	84	0	0	1	84	2505	2422	1.79e-39	156
EQB74_RS16755	38	99.729	738	2	0	1	738	2297	1560	0.0	1352
EQB74_RS16765	44	98.462	260	4	0	2	261	411	152	4.53e-130	459
EQB74_RS16765	38	95.019	261	13	0	1	261	1390	1130	1.29e-115	411
EQB74_RS16790	39	100.000	554	0	0	356	909	812	259	0.0	1024
EQB74_RS16795	39	100.000	281	0	0	263	543	2460	2180	4.43e-148	520
EQB74_RS16795	39	100.000	262	0	0	1	262	262	1	1.62e-137	484
EQB74_RS16800	39	99.874	795	1	0	1	795	2087	1293	0.0	1463
EQB74_RS16805	39	100.000	189	0	0	1	189	997	1185	1.99e-97	350
EQB74_RS16810	39	100.000	208	0	0	1	208	1017	810	1.69e-107	385
EQB74_RS16815	2	98.385	681	11	0	1	681	82882	83562	0.0	1197
EQB74_RS16815	47	99.732	373	1	0	32	404	373	1	0.0	684
EQB74_RS16815	23	99.639	277	1	0	405	681	1	277	4.36e-144	507
EQB74_RS16815	44	98.106	264	5	0	418	681	1000	737	3.44e-130	460
EQB74_RS16815	53	100.000	29	0	0	2	30	76	104	6.82e-08	54.7
EQB74_RS16895	2	98.385	681	11	0	1	681	82882	83562	0.0	1197
EQB74_RS16895	47	99.732	373	1	0	32	404	373	1	0.0	684
EQB74_RS16895	23	99.639	277	1	0	405	681	1	277	4.36e-144	507
EQB74_RS16895	44	98.106	264	5	0	418	681	1000	737	3.44e-130	460
EQB74_RS16895	53	100.000	29	0	0	2	30	76	104	6.82e-08	54.7
EQB74_RS16920	2	98.385	681	11	0	1	681	82882	83562	0.0	1197
EQB74_RS16920	47	99.732	373	1	0	32	404	373	1	0.0	684
EQB74_RS16920	23	99.639	277	1	0	405	681	1	277	4.36e-144	507
EQB74_RS16920	44	98.106	264	5	0	418	681	1000	737	3.44e-130	460
EQB74_RS16920	53	100.000	29	0	0	2	30	76	104	6.82e-08	54.7
EQB64_RS14145	42	75.746	503	116	4	752	1251	640	141	5.44e-66	248
EQB64_RS14255	43	99.062	960	9	0	1	960	97	1056	0.0	1724
EQB64_RS14260	21	99.191	371	3	0	1	371	21773	22143	0.0	669
EQB64_RS14400	21	99.398	1163	7	0	1	1163	21773	22935	0.0	2109
EQB64_RS14495	35	98.824	85	1	0	1	85	3241	3157	4.47e-37	152
EQB64_RS14500	21	99.398	1163	7	0	1	1163	21773	22935	0.0	2109
EQB64_RS14505	21	99.691	1293	4	0	1	1293	20634	19342	0.0	2366
EQB64_RS14510	21	100.000	261	0	0	1	261	21168	20908	2.69e-137	483
EQB64_RS14515	31	86.526	757	102	0	423	1179	6131	5375	0.0	833
EQB64_RS14530	21	99.495	396	2	0	1	396	23878	23483	0.0	721
EQB64_RS14535	21	99.647	849	3	0	1	849	24739	23891	0.0	1552
EQB64_RS14540	21	100.000	828	0	0	1	828	25581	24754	0.0	1530
EQB64_RS14545	21	99.764	846	2	0	1	846	26438	25593	0.0	1552
EQB64_RS14565	21	99.573	1170	5	0	1	1170	26692	27861	0.0	2134
EQB64_RS14570	2	98.385	681	11	0	1	681	82882	83562	0.0	1197
EQB64_RS14570	47	99.732	373	1	0	32	404	373	1	0.0	684
EQB64_RS14570	23	98.917	277	3	0	405	681	1	277	9.43e-141	496
EQB64_RS14570	44	98.106	264	5	0	418	681	1000	737	3.44e-130	460
EQB64_RS14570	53	100.000	29	0	0	2	30	76	104	6.82e-08	54.7
EQB64_RS14595	23	98.305	177	3	0	1	177	101	277	8.74e-86	311
EQB64_RS14595	44	97.740	177	4	0	1	177	913	737	4.07e-84	305
EQB64_RS14595	2	97.740	177	4	0	1	177	83386	83562	4.07e-84	305
EQB64_RS14620	2	97.082	377	11	0	5	381	83186	83562	0.0	636
EQB64_RS14620	23	99.278	277	2	0	105	381	1	277	1.11e-142	501
EQB64_RS14620	44	97.727	264	6	0	118	381	1000	737	8.75e-129	455
EQB64_RS14620	47	100.000	100	0	0	5	104	100	1	1.27e-47	185
EQB64_RS14630	31	99.702	336	1	0	1	336	2365	2030	6.94e-177	616
EQB64_RS14630	31	98.328	299	3	1	383	681	2034	1738	4.33e-149	523
EQB64_RS14660	21	91.925	161	13	0	66	226	12581	12421	7.78e-60	226
EQB64_RS14680	31	86.658	757	101	0	423	1179	6131	5375	0.0	839
EQB64_RS14685	2	98.238	681	12	0	1	681	82882	83562	0.0	1192
EQB64_RS14685	47	99.464	373	2	0	32	404	373	1	0.0	678
EQB64_RS14685	23	99.639	277	1	0	405	681	1	277	4.36e-144	507
EQB64_RS14685	44	98.106	264	5	0	418	681	1000	737	3.44e-130	460
EQB64_RS14685	53	100.000	29	0	0	2	30	76	104	6.82e-08	54.7
EQB64_RS14690	21	100.000	39	0	0	1282	1320	28224	28186	3.71e-13	73.1
EQB64_RS14695	35	100.000	566	0	0	1	566	3513	4078	0.0	1046
EQB64_RS14705	35	98.824	85	1	0	1	85	3241	3157	4.47e-37	152
EQB64_RS14710	9	80.039	1538	296	10	33	1566	82096	83626	0.0	1129
EQB64_RS14765	35	98.824	85	1	0	1	85	3241	3157	4.47e-37	152
EQB64_RS14815	21	89.061	1097	120	0	1	1097	20634	19538	0.0	1362
EQB64_RS14820	35	99.927	1377	1	0	1	1377	582	1958	0.0	2538
EQB64_RS14825	35	100.000	582	0	0	76	657	1	582	0.0	1075
EQB64_RS14830	27	99.677	1237	4	0	1	1237	12696	13932	0.0	2263
EQB64_RS14835	27	98.969	97	1	0	60	156	12581	12677	1.04e-44	174
EQB64_RS14845	27	99.715	351	1	0	1	351	12024	12374	0.0	643
EQB64_RS14845	21	98.000	100	2	0	351	450	21579	21678	3.27e-44	174
EQB64_RS17160	27	97.790	543	1	1	1	543	11337	11868	0.0	926
EQB64_RS14910	31	87.113	194	25	0	23	216	5568	5375	1.89e-58	220
EQB64_RS15055	2	94.196	672	37	2	1	671	82882	83552	0.0	1024
EQB64_RS15055	47	99.464	373	2	0	32	404	373	1	0.0	678
EQB64_RS15055	23	88.489	278	30	2	405	681	1	277	2.18e-92	335
EQB64_RS15055	31	92.377	223	15	1	459	681	1958	1738	7.88e-87	316
EQB64_RS15055	44	87.451	255	30	2	418	671	1000	747	1.33e-79	292
EQB64_RS15055	53	100.000	29	0	0	2	30	76	104	6.82e-08	54.7
EQB64_RS15140	31	99.736	757	2	0	423	1179	6131	5375	0.0	1387
EQB64_RS15140	31	99.254	134	0	1	226	358	6261	6128	8.57e-64	241
EQB64_RS15140	27	84.922	829	109	13	1	821	10627	9807	0.0	824
EQB64_RS15140	21	100.000	65	0	0	1	65	21464	21400	1.16e-27	121
EQB64_RS16010	2	98.091	681	13	0	1	681	82882	83562	0.0	1186
EQB64_RS16010	47	99.732	373	1	0	32	404	373	1	0.0	684
EQB64_RS16010	23	99.639	277	1	0	405	681	1	277	4.36e-144	507
EQB64_RS16010	44	98.106	264	5	0	418	681	1000	737	3.44e-130	460
EQB64_RS16025	22	81.834	589	107	0	8	596	23084	23672	8.27e-141	496
EQB64_RS16120	42	75.746	503	116	4	752	1251	640	141	5.44e-66	248
EQB64_RS16230	2	98.385	681	11	0	1	681	82882	83562	0.0	1197
EQB64_RS16230	47	99.732	373	1	0	32	404	373	1	0.0	684
EQB64_RS16230	23	99.639	277	1	0	405	681	1	277	4.36e-144	507
EQB64_RS16230	44	98.106	264	5	0	418	681	1000	737	3.44e-130	460
EQB64_RS16230	53	100.000	29	0	0	2	30	76	104	6.82e-08	54.7
EQB64_RS16250	2	98.532	681	10	0	1	681	82882	83562	0.0	1203
EQB64_RS16250	47	99.732	373	1	0	32	404	373	1	0.0	684
EQB64_RS16250	23	99.278	277	2	0	405	681	1	277	2.03e-142	501
EQB64_RS16250	44	98.485	264	4	0	418	681	1000	737	7.40e-132	466
EQB64_RS16250	53	100.000	29	0	0	2	30	76	104	6.82e-08	54.7
EQB64_RS16305	2	98.385	681	11	0	1	681	82882	83562	0.0	1197
EQB64_RS16305	47	99.732	373	1	0	32	404	373	1	0.0	684
EQB64_RS16305	23	99.639	277	1	0	405	681	1	277	4.36e-144	507
EQB64_RS16305	44	98.106	264	5	0	418	681	1000	737	3.44e-130	460
EQB64_RS16305	53	100.000	29	0	0	2	30	76	104	6.82e-08	54.7
EQB64_RS16340	53	100.000	63	0	0	1	63	63	1	7.03e-27	117
EQB64_RS16340	2	98.485	66	1	0	1	66	82870	82805	7.03e-27	117
EQB64_RS16345	2	98.385	681	11	0	1	681	82882	83562	0.0	1197
EQB64_RS16345	47	99.732	373	1	0	32	404	373	1	0.0	684
EQB64_RS16345	23	99.639	277	1	0	405	681	1	277	4.36e-144	507
EQB64_RS16345	44	98.106	264	5	0	418	681	1000	737	3.44e-130	460
EQB64_RS16345	53	100.000	29	0	0	2	30	76	104	6.82e-08	54.7
EQB64_RS16365	2	100.000	34	0	0	1119	1152	83618	83585	1.94e-10	63.9
EQB64_RS16365	44	100.000	33	0	0	1120	1152	682	714	6.99e-10	62.1
EQB64_RS16365	23	100.000	32	0	0	1121	1152	331	300	2.51e-09	60.2
EQB64_RS16370	2	98.385	681	11	0	1	681	82882	83562	0.0	1197
EQB64_RS16370	47	99.732	373	1	0	32	404	373	1	0.0	684
EQB64_RS16370	23	99.639	277	1	0	405	681	1	277	4.36e-144	507
EQB64_RS16370	44	98.106	264	5	0	418	681	1000	737	3.44e-130	460
EQB64_RS16370	53	100.000	29	0	0	2	30	76	104	6.82e-08	54.7
EQB64_RS16375	23	100.000	31	0	0	1	31	302	332	1.33e-09	58.4
EQB64_RS16375	44	100.000	30	0	0	1	30	712	683	4.78e-09	56.5
EQB64_RS16375	2	100.000	30	0	0	1	30	83587	83616	4.78e-09	56.5
EQB64_RS16380	2	98.385	681	11	0	1	681	82882	83562	0.0	1197
EQB64_RS16380	47	99.732	373	1	0	32	404	373	1	0.0	684
EQB64_RS16380	23	99.639	277	1	0	405	681	1	277	4.36e-144	507
EQB64_RS16380	44	98.106	264	5	0	418	681	1000	737	3.44e-130	460
EQB64_RS16380	53	100.000	29	0	0	2	30	76	104	6.82e-08	54.7
EQB64_RS16415	2	98.385	681	11	0	1	681	82882	83562	0.0	1197
EQB64_RS16415	47	99.732	373	1	0	32	404	373	1	0.0	684
EQB64_RS16415	23	99.639	277	1	0	405	681	1	277	4.36e-144	507
EQB64_RS16415	44	98.106	264	5	0	418	681	1000	737	3.44e-130	460
EQB64_RS16415	53	100.000	29	0	0	2	30	76	104	6.82e-08	54.7
EQB64_RS16435	53	100.000	37	0	0	618	654	1	37	2.34e-12	69.4
EQB64_RS16435	2	100.000	37	0	0	618	654	82808	82844	2.34e-12	69.4
EQB64_RS16440	2	98.385	681	11	0	1	681	82882	83562	0.0	1197
EQB64_RS16440	47	99.732	373	1	0	32	404	373	1	0.0	684
EQB64_RS16440	23	99.639	277	1	0	405	681	1	277	4.36e-144	507
EQB64_RS16440	44	98.106	264	5	0	418	681	1000	737	3.44e-130	460
EQB64_RS16440	53	100.000	29	0	0	2	30	76	104	6.82e-08	54.7
EQB64_RS16465	21	99.398	1163	7	0	1	1163	21773	22935	0.0	2109
EQB64_RS16470	21	100.000	35	0	0	221	255	21698	21732	1.12e-11	65.8
EQB64_RS16505	38	98.016	252	5	0	1	252	382	131	5.68e-124	438
EQB64_RS16510	51	100.000	135	0	0	33	167	135	1	2.41e-67	250
EQB64_RS16510	38	100.000	32	0	0	1	32	32	1	4.36e-10	60.2
EQB64_RS16510	44	100.000	31	0	0	1	31	32	2	1.57e-09	58.4
EQB64_RS16515	40	97.802	273	6	0	1	273	66	338	6.08e-134	472
EQB64_RS16520	40	96.412	864	31	0	1	864	340	1203	0.0	1424
EQB64_RS16525	38	99.729	738	2	0	1	738	2297	1560	0.0	1352
EQB64_RS16530	38	98.810	84	1	0	1	84	2505	2422	8.34e-38	150
EQB64_RS16535	38	100.000	101	0	0	12	112	2626	2526	9.10e-49	187
EQB64_RS16540	39	100.000	795	0	0	1	795	2087	1293	0.0	1469
EQB64_RS16545	39	100.000	252	0	0	1	252	2431	2180	2.60e-132	466
EQB64_RS16560	39	100.000	229	0	0	1	229	262	34	1.57e-119	424
EQB64_RS16565	39	100.000	554	0	0	356	909	812	259	0.0	1024
EQB64_RS16820	31	86.658	757	101	0	423	1179	6131	5375	0.0	839
EQB65_RS15140	42	75.746	503	116	4	752	1251	640	141	5.44e-66	248
EQB65_RS15300	31	86.658	757	101	0	423	1179	6131	5375	0.0	839
EQB65_RS15320	21	100.000	35	0	0	708	742	21698	21732	3.44e-11	65.8
EQB65_RS15325	21	99.398	1163	7	0	1	1163	21773	22935	0.0	2109
EQB65_RS15330	21	96.907	97	2	1	663	759	23060	22965	4.37e-40	161
EQB65_RS15385	21	99.312	1163	8	0	1	1163	21773	22935	0.0	2104
EQB65_RS15390	31	86.658	757	101	0	423	1179	6131	5375	0.0	839
EQB65_RS15410	3	76.746	1217	277	6	28	1241	324012	322799	0.0	675
EQB65_RS15450	27	91.549	213	18	0	7	219	9649	9437	1.12e-80	294
EQB65_RS15450	31	85.380	171	23	2	1	170	5581	5412	4.22e-45	176
EQB65_RS15465	2	98.385	681	11	0	1	681	82882	83562	0.0	1197
EQB65_RS15465	47	99.732	373	1	0	32	404	373	1	0.0	684
EQB65_RS15465	23	99.639	277	1	0	405	681	1	277	4.36e-144	507
EQB65_RS15465	44	98.106	264	5	0	418	681	1000	737	3.44e-130	460
EQB65_RS15465	53	100.000	29	0	0	2	30	76	104	6.82e-08	54.7
EQB65_RS15515	22	82.339	821	141	4	1	819	20706	21524	0.0	710
EQB65_RS15520	22	80.615	650	120	6	37	683	20514	19868	2.66e-141	497
EQB65_RS15525	22	81.921	1510	259	14	1	1503	19850	18348	0.0	1264
EQB65_RS15540	21	99.398	1163	7	0	1	1163	21773	22935	0.0	2109
EQB65_RS15600	31	99.405	336	2	0	1	336	2365	2030	2.89e-175	610
EQB65_RS15600	31	98.261	230	4	0	383	612	2034	1805	5.27e-113	403
EQB65_RS15605	22	90.685	569	53	0	14	582	23102	23670	0.0	758
EQB65_RS15660	31	99.405	336	2	0	1	336	2365	2030	3.23e-175	610
EQB65_RS15660	31	95.987	299	10	1	383	681	2034	1738	2.04e-137	484
EQB65_RS15680	31	92.727	55	4	0	108	162	2451	2397	2.43e-16	80.5
EQB65_RS15685	31	98.516	337	4	1	1	337	2365	2030	3.26e-170	593
EQB65_RS15685	31	87.333	300	34	3	384	682	2034	1738	4.68e-94	340
EQB65_RS15705	21	93.243	74	5	0	554	627	20868	20795	1.65e-24	110
EQB65_RS15750	21	99.312	1163	8	0	1	1163	21773	22935	0.0	2104
EQB65_RS15815	27	92.336	822	61	2	1	821	10627	9807	0.0	1168
EQB65_RS15815	27	88.400	250	27	2	943	1191	9685	9437	1.41e-81	300
EQB65_RS15815	31	83.138	682	99	12	469	1142	6085	5412	2.06e-174	608
EQB65_RS15815	31	99.254	134	0	1	226	358	6261	6128	8.66e-64	241
EQB65_RS15815	21	100.000	65	0	0	1	65	21464	21400	1.18e-27	121
EQB65_RS15905	2	98.532	681	10	0	1	681	82882	83562	0.0	1203
EQB65_RS15905	47	99.732	373	1	0	32	404	373	1	0.0	684
EQB65_RS15905	23	99.278	277	2	0	405	681	1	277	2.03e-142	501
EQB65_RS15905	44	98.485	264	4	0	418	681	1000	737	7.40e-132	466
EQB65_RS15905	53	100.000	29	0	0	2	30	76	104	6.82e-08	54.7
EQB65_RS15930	2	98.091	681	13	0	1	681	82882	83562	0.0	1186
EQB65_RS15930	47	99.196	373	3	0	32	404	373	1	0.0	673
EQB65_RS15930	23	98.917	277	3	0	405	681	1	277	9.43e-141	496
EQB65_RS15930	44	98.106	264	5	0	418	681	1000	737	3.44e-130	460
EQB65_RS15930	53	100.000	29	0	0	2	30	76	104	6.82e-08	54.7
EQB65_RS15970	35	95.857	1062	43	1	228	1289	3156	2096	0.0	1716
EQB65_RS16080	27	92.045	1144	87	4	1	1142	10627	9486	0.0	1605
EQB65_RS16080	31	95.522	201	9	0	979	1179	5575	5375	2.97e-88	322
EQB65_RS16080	31	99.254	134	0	1	226	358	6261	6128	8.57e-64	241
EQB65_RS16080	21	98.462	65	1	0	1	65	21464	21400	5.42e-26	115
EQB65_RS16085	21	95.238	84	2	2	1	84	21487	21568	3.02e-32	132
EQB65_RS16085	27	97.222	72	2	0	1	72	10650	10721	1.82e-29	122
EQB65_RS16100	2	98.385	681	11	0	1	681	82882	83562	0.0	1197
EQB65_RS16100	47	99.732	373	1	0	32	404	373	1	0.0	684
EQB65_RS16100	23	99.639	277	1	0	405	681	1	277	4.36e-144	507
EQB65_RS16100	44	98.106	264	5	0	418	681	1000	737	3.44e-130	460
EQB65_RS16100	53	100.000	29	0	0	2	30	76	104	6.82e-08	54.7
EQB65_RS16105	21	100.000	248	0	0	1	248	26453	26206	4.30e-130	459
EQB65_RS16110	21	99.573	1170	5	0	1	1170	26692	27861	0.0	2134
EQB65_RS16115	2	98.385	681	11	0	1	681	82882	83562	0.0	1197
EQB65_RS16115	47	99.732	373	1	0	32	404	373	1	0.0	684
EQB65_RS16115	23	98.917	277	3	0	405	681	1	277	9.43e-141	496
EQB65_RS16115	44	98.106	264	5	0	418	681	1000	737	3.44e-130	460
EQB65_RS16115	53	100.000	29	0	0	2	30	76	104	6.82e-08	54.7
EQB65_RS16140	2	97.082	377	11	0	5	381	83186	83562	0.0	636
EQB65_RS16140	23	99.278	277	2	0	105	381	1	277	1.11e-142	501
EQB65_RS16140	44	97.727	264	6	0	118	381	1000	737	8.75e-129	455
EQB65_RS16140	47	100.000	100	0	0	5	104	100	1	1.27e-47	185
EQB65_RS16150	31	99.702	336	1	0	1	336	2365	2030	6.94e-177	616
EQB65_RS16150	31	98.328	299	3	1	383	681	2034	1738	4.33e-149	523
EQB65_RS16155	31	93.548	62	4	0	1	62	1732	1671	9.87e-20	93.5
EQB65_RS16175	21	91.925	161	13	0	66	226	12581	12421	7.78e-60	226
EQB65_RS16195	31	86.658	757	101	0	423	1179	6131	5375	0.0	839
EQB65_RS16210	2	98.385	681	11	0	1	681	82882	83562	0.0	1197
EQB65_RS16210	47	99.732	373	1	0	32	404	373	1	0.0	684
EQB65_RS16210	23	99.639	277	1	0	405	681	1	277	4.36e-144	507
EQB65_RS16210	44	98.106	264	5	0	418	681	1000	737	3.44e-130	460
EQB65_RS16210	53	100.000	29	0	0	2	30	76	104	6.82e-08	54.7
EQB65_RS16215	21	100.000	39	0	0	1282	1320	28224	28186	3.71e-13	73.1
EQB65_RS16220	35	100.000	566	0	0	1	566	3513	4078	0.0	1046
EQB65_RS16230	35	98.824	85	1	0	1	85	3241	3157	8.78e-38	152
EQB65_RS16345	35	99.927	1377	1	0	1	1377	582	1958	0.0	2538
EQB65_RS16350	35	100.000	582	0	0	76	657	1	582	0.0	1075
EQB65_RS16355	27	99.677	1237	4	0	1	1237	12696	13932	0.0	2263
EQB65_RS16360	27	98.969	97	1	0	60	156	12581	12677	1.04e-44	174
EQB65_RS16370	27	99.715	351	1	0	1	351	12024	12374	0.0	643
EQB65_RS16370	21	99.000	100	1	0	351	450	21579	21678	7.02e-46	180
EQB65_RS17555	27	97.790	543	1	1	1	543	11337	11868	0.0	926
EQB65_RS16390	2	98.238	681	12	0	1	681	82882	83562	0.0	1192
EQB65_RS16390	47	99.732	373	1	0	32	404	373	1	0.0	684
EQB65_RS16390	23	99.639	277	1	0	405	681	1	277	4.36e-144	507
EQB65_RS16390	44	98.106	264	5	0	418	681	1000	737	3.44e-130	460
EQB65_RS16510	22	83.447	586	95	2	8	593	23084	23667	2.97e-155	544
EQB65_RS16600	42	75.746	503	116	4	752	1251	640	141	5.44e-66	248
EQB65_RS16820	2	98.385	681	11	0	1	681	82882	83562	0.0	1197
EQB65_RS16820	47	99.732	373	1	0	32	404	373	1	0.0	684
EQB65_RS16820	23	99.639	277	1	0	405	681	1	277	4.36e-144	507
EQB65_RS16820	44	98.106	264	5	0	418	681	1000	737	3.44e-130	460
EQB65_RS16820	53	100.000	29	0	0	2	30	76	104	6.82e-08	54.7
EQB65_RS16825	38	100.000	84	0	0	1	84	2505	2422	1.79e-39	156
EQB65_RS16830	38	99.729	738	2	0	1	738	2297	1560	0.0	1352
EQB65_RS16840	44	98.462	260	4	0	2	261	411	152	4.53e-130	459
EQB65_RS16840	38	95.019	261	13	0	1	261	1390	1130	1.29e-115	411
EQB65_RS16865	39	100.000	554	0	0	356	909	812	259	0.0	1024
EQB65_RS16870	39	100.000	281	0	0	263	543	2460	2180	4.43e-148	520
EQB65_RS16870	39	100.000	262	0	0	1	262	262	1	1.62e-137	484
EQB65_RS16875	39	99.874	795	1	0	1	795	2087	1293	0.0	1463
EQB65_RS16880	39	100.000	189	0	0	1	189	997	1185	1.99e-97	350
EQB65_RS16885	39	100.000	208	0	0	1	208	1017	810	1.69e-107	385
EQB65_RS16890	2	98.385	681	11	0	1	681	82882	83562	0.0	1197
EQB65_RS16890	47	99.732	373	1	0	32	404	373	1	0.0	684
EQB65_RS16890	23	99.639	277	1	0	405	681	1	277	4.36e-144	507
EQB65_RS16890	44	98.106	264	5	0	418	681	1000	737	3.44e-130	460
EQB65_RS16890	53	100.000	29	0	0	2	30	76	104	6.82e-08	54.7
EQB65_RS16970	2	98.385	681	11	0	1	681	82882	83562	0.0	1197
EQB65_RS16970	47	99.732	373	1	0	32	404	373	1	0.0	684
EQB65_RS16970	23	99.639	277	1	0	405	681	1	277	4.36e-144	507
EQB65_RS16970	44	98.106	264	5	0	418	681	1000	737	3.44e-130	460
EQB65_RS16970	53	100.000	29	0	0	2	30	76	104	6.82e-08	54.7
EQB65_RS16995	2	98.385	681	11	0	1	681	82882	83562	0.0	1197
EQB65_RS16995	47	99.732	373	1	0	32	404	373	1	0.0	684
EQB65_RS16995	23	99.639	277	1	0	405	681	1	277	4.36e-144	507
EQB65_RS16995	44	98.106	264	5	0	418	681	1000	737	3.44e-130	460
EQB65_RS16995	53	100.000	29	0	0	2	30	76	104	6.82e-08	54.7
EQB65_RS17030	22	83.788	586	95	0	8	593	23084	23669	3.84e-159	556
EQB65_RS17085	2	98.385	681	11	0	1	681	82882	83562	0.0	1197
EQB65_RS17085	47	99.732	373	1	0	32	404	373	1	0.0	684
EQB65_RS17085	23	99.639	277	1	0	405	681	1	277	4.36e-144	507
EQB65_RS17085	44	98.106	264	5	0	418	681	1000	737	3.44e-130	460
EQB65_RS17085	53	100.000	29	0	0	2	30	76	104	6.82e-08	54.7
EQB65_RS17110	21	99.398	1163	7	0	1	1163	21773	22935	0.0	2109
EQB65_RS17115	21	100.000	35	0	0	221	255	21698	21732	1.12e-11	65.8
EQB65_RS17160	2	98.385	681	11	0	1	681	82882	83562	0.0	1197
EQB65_RS17160	47	99.732	373	1	0	32	404	373	1	0.0	684
EQB65_RS17160	23	99.639	277	1	0	405	681	1	277	4.36e-144	507
EQB65_RS17160	44	98.106	264	5	0	418	681	1000	737	3.44e-130	460
EQB65_RS17160	53	100.000	29	0	0	2	30	76	104	6.82e-08	54.7
EQB65_RS17165	44	100.000	34	0	0	867	900	681	714	1.51e-10	63.9
EQB65_RS17165	23	97.222	36	1	0	865	900	335	300	5.43e-10	62.1
EQB65_RS17165	2	100.000	33	0	0	868	900	83617	83585	5.43e-10	62.1
EQB65_RS17175	2	98.385	681	11	0	1	681	82882	83562	0.0	1197
EQB65_RS17175	47	99.732	373	1	0	32	404	373	1	0.0	684
EQB65_RS17175	23	99.639	277	1	0	405	681	1	277	4.36e-144	507
EQB65_RS17175	44	98.106	264	5	0	418	681	1000	737	3.44e-130	460
EQB65_RS17175	53	100.000	29	0	0	2	30	76	104	6.82e-08	54.7
EQB65_RS17190	44	96.970	33	1	0	1	33	712	680	2.79e-08	56.5
EQB65_RS17190	23	100.000	30	0	0	1	30	302	331	2.79e-08	56.5
EQB65_RS17190	2	100.000	30	0	0	1	30	83587	83616	2.79e-08	56.5
EQB65_RS17195	2	98.385	681	11	0	1	681	82882	83562	0.0	1197
EQB65_RS17195	47	99.732	373	1	0	32	404	373	1	0.0	684
EQB65_RS17195	23	99.639	277	1	0	405	681	1	277	4.36e-144	507
EQB65_RS17195	44	98.106	264	5	0	418	681	1000	737	3.44e-130	460
EQB65_RS17195	53	100.000	29	0	0	2	30	76	104	6.82e-08	54.7
EQB65_RS17210	2	98.385	681	11	0	1	681	82882	83562	0.0	1197
EQB65_RS17210	47	99.732	373	1	0	32	404	373	1	0.0	684
EQB65_RS17210	23	99.639	277	1	0	405	681	1	277	4.36e-144	507
EQB65_RS17210	44	98.106	264	5	0	418	681	1000	737	3.44e-130	460
EQB65_RS17210	53	100.000	29	0	0	2	30	76	104	6.82e-08	54.7
EQB65_RS17215	39	100.000	177	0	0	1	177	2356	2180	8.68e-91	327
EQB65_RS17220	39	99.874	795	1	0	1	795	2087	1293	0.0	1463
EQB65_RS17225	38	100.000	101	0	0	12	112	2626	2526	9.10e-49	187
EQB65_RS17230	38	98.810	84	1	0	1	84	2505	2422	8.34e-38	150
EQB65_RS17235	38	99.729	738	2	0	1	738	2297	1560	0.0	1352
EQB65_RS17240	40	96.412	864	31	0	1	864	340	1203	0.0	1424
EQB65_RS17245	40	97.802	273	6	0	1	273	66	338	6.08e-134	472
EQB65_RS17250	51	100.000	135	0	0	33	167	135	1	2.41e-67	250
EQB65_RS17250	38	100.000	32	0	0	1	32	32	1	4.36e-10	60.2
EQB65_RS17250	44	100.000	31	0	0	1	31	32	2	1.57e-09	58.4
EQB65_RS17255	2	98.385	681	11	0	1	681	82882	83562	0.0	1197
EQB65_RS17255	47	99.732	373	1	0	32	404	373	1	0.0	684
EQB65_RS17255	23	99.639	277	1	0	405	681	1	277	4.36e-144	507
EQB65_RS17255	44	98.106	264	5	0	418	681	1000	737	3.44e-130	460
EQB65_RS17255	53	100.000	29	0	0	2	30	76	104	6.82e-08	54.7
EQB73_RS15105	21	99.484	1163	6	0	1	1163	21773	22935	0.0	2115
EQB73_RS15245	42	75.746	503	116	4	752	1251	640	141	5.44e-66	248
EQB73_RS15345	2	98.091	681	13	0	1	681	82882	83562	0.0	1186
EQB73_RS15345	47	99.732	373	1	0	32	404	373	1	0.0	684
EQB73_RS15345	23	99.639	277	1	0	405	681	1	277	4.36e-144	507
EQB73_RS15345	44	98.106	264	5	0	418	681	1000	737	3.44e-130	460
EQB73_RS15375	2	98.385	681	11	0	1	681	82882	83562	0.0	1197
EQB73_RS15375	47	99.732	373	1	0	32	404	373	1	0.0	684
EQB73_RS15375	23	98.917	277	3	0	405	681	1	277	9.43e-141	496
EQB73_RS15375	44	98.106	264	5	0	418	681	1000	737	3.44e-130	460
EQB73_RS15375	53	100.000	29	0	0	2	30	76	104	6.82e-08	54.7
EQB73_RS15420	22	82.339	821	141	4	1	819	20706	21524	0.0	710
EQB73_RS15425	22	80.615	650	120	6	37	683	20514	19868	2.66e-141	497
EQB73_RS15430	22	81.921	1510	259	14	1	1503	19850	18348	0.0	1264
EQB73_RS15445	21	99.484	1163	6	0	1	1163	21773	22935	0.0	2115
EQB73_RS15510	21	99.398	1163	7	0	1	1163	21773	22935	0.0	2109
EQB73_RS15520	21	99.691	1293	4	0	1	1293	20634	19342	0.0	2366
EQB73_RS15525	21	100.000	261	0	0	1	261	21168	20908	2.69e-137	483
EQB73_RS15530	31	86.658	757	101	0	423	1179	6131	5375	0.0	839
EQB73_RS15540	35	100.000	566	0	0	1	566	3513	4078	0.0	1046
EQB73_RS15550	35	98.824	85	1	0	1	85	3241	3157	1.78e-37	152
EQB73_RS15630	35	99.927	1377	1	0	1	1377	582	1958	0.0	2538
EQB73_RS15635	35	100.000	582	0	0	76	657	1	582	0.0	1075
EQB73_RS15640	27	99.677	1237	4	0	1	1237	12696	13932	0.0	2263
EQB73_RS15645	27	98.969	97	1	0	60	156	12581	12677	1.04e-44	174
EQB73_RS15655	27	99.715	351	1	0	1	351	12024	12374	0.0	643
EQB73_RS17365	27	97.790	543	1	1	1	543	11337	11868	0.0	926
EQB73_RS15680	31	87.629	194	24	0	23	216	5568	5375	4.06e-60	226
EQB73_RS15725	31	99.405	336	2	0	1	336	2365	2030	3.23e-175	610
EQB73_RS15725	31	97.659	299	5	1	383	681	2034	1738	9.37e-146	512
EQB73_RS15730	22	90.685	569	53	0	14	582	23102	23670	0.0	758
EQB73_RS15785	31	99.405	336	2	0	1	336	2365	2030	3.23e-175	610
EQB73_RS15785	31	95.987	299	10	1	383	681	2034	1738	2.04e-137	484
EQB73_RS15805	31	92.727	55	4	0	108	162	2451	2397	2.43e-16	80.5
EQB73_RS15810	31	98.516	337	4	1	1	337	2365	2030	3.26e-170	593
EQB73_RS15810	31	87.333	300	34	3	384	682	2034	1738	4.68e-94	340
EQB73_RS16010	21	93.243	74	5	0	554	627	20868	20795	1.65e-24	110
EQB73_RS16050	21	99.140	1163	10	0	1	1163	21773	22935	0.0	2093
EQB73_RS16265	2	97.797	681	15	0	1	681	82882	83562	0.0	1175
EQB73_RS16265	47	99.196	373	3	0	32	404	373	1	0.0	673
EQB73_RS16265	23	98.917	277	3	0	405	681	1	277	9.43e-141	496
EQB73_RS16265	44	97.348	264	7	0	418	681	1000	737	7.45e-127	449
EQB73_RS16265	53	100.000	29	0	0	2	30	76	104	6.82e-08	54.7
EQB73_RS16325	2	97.260	438	12	0	212	649	83125	83562	0.0	743
EQB73_RS16325	2	99.558	226	1	0	1	226	82882	83107	9.30e-116	412
EQB73_RS16325	23	99.639	277	1	0	373	649	1	277	4.15e-144	507
EQB73_RS16325	44	98.106	264	5	0	386	649	1000	737	3.27e-130	460
EQB73_RS16325	47	99.487	195	1	0	32	226	373	179	1.59e-98	355
EQB73_RS16325	47	100.000	155	0	0	218	372	155	1	5.88e-78	287
EQB73_RS16325	53	100.000	29	0	0	2	30	76	104	6.49e-08	54.7
EQB73_RS16330	2	100.000	35	0	0	794	828	83619	83585	3.86e-11	65.8
EQB73_RS16330	44	100.000	33	0	0	796	828	682	714	4.99e-10	62.1
EQB73_RS16330	23	100.000	32	0	0	797	828	331	300	1.79e-09	60.2
EQB73_RS16380	31	98.220	337	5	1	1	337	2365	2030	1.52e-168	588
EQB73_RS16380	31	98.328	299	3	1	384	682	2034	1738	4.33e-149	523
EQB73_RS16770	43	98.750	960	12	0	1	960	97	1056	0.0	1707
EQB73_RS16775	2	98.091	681	13	0	1	681	82882	83562	0.0	1186
EQB73_RS16775	47	99.732	373	1	0	32	404	373	1	0.0	684
EQB73_RS16775	23	99.278	277	2	0	405	681	1	277	2.03e-142	501
EQB73_RS16775	44	97.727	264	6	0	418	681	1000	737	1.60e-128	455
EQB73_RS16840	44	100.000	51	0	0	1	51	733	683	3.64e-20	95.3
EQB73_RS16840	23	100.000	51	0	0	1	51	281	331	3.64e-20	95.3
EQB73_RS16840	2	100.000	51	0	0	1	51	83566	83616	3.64e-20	95.3
EQB73_RS16845	2	98.238	681	12	0	1	681	82882	83562	0.0	1192
EQB73_RS16845	47	99.732	373	1	0	32	404	373	1	0.0	684
EQB73_RS16845	23	99.639	277	1	0	405	681	1	277	4.36e-144	507
EQB73_RS16845	44	98.106	264	5	0	418	681	1000	737	3.44e-130	460
EQB73_RS16850	38	98.810	84	1	0	1	84	2505	2422	8.34e-38	150
EQB73_RS16855	38	99.729	738	2	0	1	738	2297	1560	0.0	1352
EQB73_RS16860	40	95.262	781	37	0	84	864	423	1203	0.0	1238
EQB73_RS16865	40	84.588	279	31	11	1	273	66	338	3.08e-72	267
EQB73_RS16870	51	97.037	135	4	0	27	161	135	1	1.10e-60	228
EQB73_RS16875	38	96.140	855	33	0	1	855	985	131	0.0	1397
EQB73_RS16885	39	100.000	208	0	0	1	208	1017	810	1.78e-107	385
EQB73_RS16890	39	100.000	189	0	0	1	189	997	1185	1.99e-97	350
EQB73_RS16895	39	100.000	795	0	0	1	795	2087	1293	0.0	1469
EQB73_RS16900	39	100.000	281	0	0	263	543	2460	2180	4.43e-148	520
EQB73_RS16900	39	100.000	262	0	0	1	262	262	1	1.62e-137	484
EQB73_RS16905	39	100.000	554	0	0	356	909	812	259	0.0	1024
EQB73_RS16970	2	99.706	681	2	0	1	681	82882	83562	0.0	1247
EQB73_RS16970	47	99.464	373	2	0	32	404	373	1	0.0	678
EQB73_RS16970	44	100.000	277	0	0	405	681	1013	737	9.37e-146	512
EQB73_RS16970	23	96.377	276	10	0	406	681	2	277	1.60e-128	455
EQB73_RS16970	53	100.000	29	0	0	2	30	76	104	6.82e-08	54.7
EQB73_RS16980	21	91.925	161	13	0	66	226	12581	12421	7.78e-60	226
EQB70_RS14790	21	99.398	1163	7	0	1	1163	21773	22935	0.0	2109
EQB70_RS14950	2	98.238	681	12	0	1	681	82882	83562	0.0	1192
EQB70_RS14950	47	99.732	373	1	0	32	404	373	1	0.0	684
EQB70_RS14950	23	99.278	277	2	0	405	681	1	277	2.03e-142	501
EQB70_RS14950	44	97.727	264	6	0	418	681	1000	737	1.60e-128	455
EQB70_RS14950	53	100.000	29	0	0	2	30	76	104	6.82e-08	54.7
EQB70_RS15005	35	95.978	1069	42	1	228	1296	3156	2089	0.0	1735
EQB70_RS15075	21	99.484	1163	6	0	1	1163	21773	22935	0.0	2115
EQB70_RS15120	21	93.243	74	5	0	554	627	20868	20795	1.65e-24	110
EQB70_RS15145	31	98.516	337	4	1	1	337	2365	2030	3.26e-170	593
EQB70_RS15145	31	87.333	300	34	3	384	682	2034	1738	4.68e-94	340
EQB70_RS15150	31	92.727	55	4	0	108	162	2451	2397	2.43e-16	80.5
EQB70_RS15170	31	99.405	336	2	0	1	336	2365	2030	3.23e-175	610
EQB70_RS15170	31	95.987	299	10	1	383	681	2034	1738	2.04e-137	484
EQB70_RS15225	22	90.685	569	53	0	14	582	23102	23670	0.0	758
EQB70_RS15230	31	99.405	336	2	0	1	336	2365	2030	3.23e-175	610
EQB70_RS15230	31	97.659	299	5	1	383	681	2034	1738	9.37e-146	512
EQB70_RS15275	31	87.629	194	24	0	23	216	5568	5375	4.06e-60	226
EQB70_RS16875	27	97.790	543	1	1	1	543	11337	11868	0.0	926
EQB70_RS15300	27	99.715	351	1	0	1	351	12024	12374	0.0	643
EQB70_RS15310	27	98.969	97	1	0	60	156	12581	12677	1.04e-44	174
EQB70_RS15315	27	99.677	1237	4	0	1	1237	12696	13932	0.0	2263
EQB70_RS15320	35	100.000	582	0	0	76	657	1	582	0.0	1075
EQB70_RS15325	35	99.927	1377	1	0	1	1377	582	1958	0.0	2538
EQB70_RS15405	35	98.824	85	1	0	1	85	3241	3157	1.78e-37	152
EQB70_RS15415	35	100.000	566	0	0	1	566	3513	4078	0.0	1046
EQB70_RS15420	21	100.000	39	0	0	1303	1341	28224	28186	3.77e-13	73.1
EQB70_RS15425	21	99.573	1170	5	0	1	1170	26692	27861	0.0	2134
EQB70_RS15430	31	86.658	757	101	0	423	1179	6131	5375	0.0	839
EQB70_RS15435	21	100.000	261	0	0	1	261	21168	20908	2.69e-137	483
EQB70_RS15440	21	99.691	1293	4	0	1	1293	20634	19342	0.0	2366
EQB70_RS15450	21	99.398	1163	7	0	1	1163	21773	22935	0.0	2109
EQB70_RS15495	21	91.951	410	33	0	14	423	27452	27861	7.18e-165	575
EQB70_RS15605	2	98.586	495	7	0	1	495	82882	83376	0.0	876
EQB70_RS15605	47	99.732	373	1	0	32	404	373	1	0.0	684
EQB70_RS15605	23	98.901	91	1	0	405	495	1	91	7.82e-41	163
EQB70_RS15605	44	98.718	78	1	0	418	495	1000	923	1.32e-33	139
EQB70_RS15605	53	100.000	29	0	0	2	30	76	104	4.91e-08	54.7
EQB70_RS15615	23	99.487	195	1	0	1	195	83	277	4.44e-99	355
EQB70_RS15615	44	97.949	195	4	0	1	195	931	737	4.47e-94	339
EQB70_RS15615	2	97.949	195	4	0	1	195	83368	83562	4.47e-94	339
EQB70_RS15815	22	82.131	1511	254	15	1	1503	19850	18348	0.0	1280
EQB70_RS15820	22	80.615	650	120	6	37	683	20514	19868	2.66e-141	497
EQB70_RS15825	22	82.339	821	141	4	1	819	20706	21524	0.0	710
EQB70_RS15875	2	98.091	681	13	0	1	681	82882	83562	0.0	1186
EQB70_RS15875	47	99.732	373	1	0	32	404	373	1	0.0	684
EQB70_RS15875	23	99.639	277	1	0	405	681	1	277	4.36e-144	507
EQB70_RS15875	44	98.106	264	5	0	418	681	1000	737	3.44e-130	460
EQB70_RS15975	42	75.746	503	116	4	752	1251	640	141	5.44e-66	248
EQB70_RS16030	2	96.804	438	14	0	212	649	83125	83562	0.0	732
EQB70_RS16030	2	99.558	226	1	0	1	226	82882	83107	9.30e-116	412
EQB70_RS16030	23	99.639	277	1	0	373	649	1	277	4.15e-144	507
EQB70_RS16030	44	98.106	264	5	0	386	649	1000	737	3.27e-130	460
EQB70_RS16030	47	99.487	195	1	0	32	226	373	179	1.59e-98	355
EQB70_RS16030	47	98.710	155	2	0	218	372	155	1	1.27e-74	276
EQB70_RS16030	53	100.000	29	0	0	2	30	76	104	6.49e-08	54.7
EQB70_RS16035	2	100.000	35	0	0	794	828	83619	83585	3.86e-11	65.8
EQB70_RS16035	44	100.000	33	0	0	796	828	682	714	4.99e-10	62.1
EQB70_RS16035	23	100.000	32	0	0	797	828	331	300	1.79e-09	60.2
EQB70_RS16085	31	99.405	336	2	0	1	336	2365	2030	3.23e-175	610
EQB70_RS16085	31	98.328	299	3	1	383	681	2034	1738	4.33e-149	523
EQB70_RS16475	2	98.091	681	13	0	1	681	82882	83562	0.0	1186
EQB70_RS16475	47	99.732	373	1	0	32	404	373	1	0.0	684
EQB70_RS16475	23	99.278	277	2	0	405	681	1	277	2.03e-142	501
EQB70_RS16475	44	97.727	264	6	0	418	681	1000	737	1.60e-128	455
EQB70_RS16480	43	98.750	960	12	0	1	960	97	1056	0.0	1707
EQB70_RS16525	39	100.000	554	0	0	356	909	812	259	0.0	1024
EQB70_RS16530	39	100.000	281	0	0	263	543	2460	2180	4.43e-148	520
EQB70_RS16530	39	100.000	262	0	0	1	262	262	1	1.62e-137	484
EQB70_RS16535	39	100.000	795	0	0	1	795	2087	1293	0.0	1469
EQB70_RS16540	39	100.000	189	0	0	1	189	997	1185	1.99e-97	350
EQB70_RS16545	39	100.000	208	0	0	1	208	1017	810	1.78e-107	385
EQB70_RS16555	38	96.140	855	33	0	1	855	985	131	0.0	1397
EQB70_RS16560	51	97.037	135	4	0	27	161	135	1	1.10e-60	228
EQB70_RS16565	40	84.588	279	31	11	1	273	66	338	3.08e-72	267
EQB70_RS16570	40	95.262	781	37	0	84	864	423	1203	0.0	1238
EQB70_RS16575	38	99.729	738	2	0	1	738	2297	1560	0.0	1352
EQB70_RS16580	38	98.810	84	1	0	1	84	2505	2422	8.34e-38	150
EQB70_RS16585	2	98.238	681	12	0	1	681	82882	83562	0.0	1192
EQB70_RS16585	47	99.732	373	1	0	32	404	373	1	0.0	684
EQB70_RS16585	23	99.639	277	1	0	405	681	1	277	4.36e-144	507
EQB70_RS16585	44	98.106	264	5	0	418	681	1000	737	3.44e-130	460
EQB70_RS16590	44	100.000	51	0	0	1	51	733	683	3.64e-20	95.3
EQB70_RS16590	23	100.000	51	0	0	1	51	281	331	3.64e-20	95.3
EQB70_RS16590	2	100.000	51	0	0	1	51	83566	83616	3.64e-20	95.3
EQB70_RS16670	2	99.706	681	2	0	1	681	82882	83562	0.0	1247
EQB70_RS16670	47	99.464	373	2	0	32	404	373	1	0.0	678
EQB70_RS16670	44	100.000	277	0	0	405	681	1013	737	9.37e-146	512
EQB70_RS16670	23	96.377	276	10	0	406	681	2	277	1.60e-128	455
EQB70_RS16670	53	100.000	29	0	0	2	30	76	104	6.82e-08	54.7
EQB70_RS16680	21	91.925	161	13	0	66	226	12581	12421	7.78e-60	226
C0649_RS13570	21	99.140	1163	10	0	1	1163	21773	22935	0.0	2093
C0649_RS13710	21	99.191	371	3	0	1	371	21773	22143	0.0	669
C0649_RS13715	43	98.958	960	10	0	1	960	97	1056	0.0	1718
C0649_RS13720	21	99.119	795	7	0	1	795	22141	22935	0.0	1430
C0649_RS13805	31	99.472	758	4	0	428	1185	6132	5375	0.0	1378
C0649_RS13805	31	97.015	134	3	1	226	358	6261	6128	8.67e-59	224
C0649_RS13805	27	85.012	834	105	15	1	827	10627	9807	0.0	830
C0649_RS13805	21	100.000	65	0	0	1	65	21464	21400	1.17e-27	121
C0649_RS13815	43	98.854	960	11	0	1	960	97	1056	0.0	1712
C0649_RS13820	43	100.000	39	0	0	1	39	39	1	8.06e-14	73.1
C0649_RS13855	21	99.226	1163	9	0	1	1163	21773	22935	0.0	2098
C0649_RS14080	27	98.405	1191	19	0	1	1191	10627	9437	0.0	2095
C0649_RS14080	31	98.507	134	1	1	226	358	6261	6128	4.03e-62	235
C0649_RS14080	21	100.000	65	0	0	1	65	21464	21400	1.18e-27	121
C0649_RS14110	2	98.091	681	13	0	1	681	82882	83562	0.0	1186
C0649_RS14110	47	99.732	373	1	0	32	404	373	1	0.0	684
C0649_RS14110	23	98.917	277	3	0	405	681	1	277	9.43e-141	496
C0649_RS14110	44	97.348	264	7	0	418	681	1000	737	7.45e-127	449
C0649_RS14110	53	100.000	29	0	0	2	30	76	104	6.82e-08	54.7
C0649_RS14205	27	95.050	1192	57	2	1	1191	10627	9437	0.0	1873
C0649_RS14205	31	99.254	134	0	1	226	358	6261	6128	8.66e-64	241
C0649_RS14205	21	100.000	65	0	0	1	65	21464	21400	1.18e-27	121
C0649_RS14215	31	98.810	336	4	0	1	336	2365	2030	6.99e-172	599
C0649_RS14215	31	97.993	299	4	1	383	681	2034	1738	2.01e-147	518
C0649_RS14270	27	89.298	1196	118	8	1	1191	10627	9437	0.0	1491
C0649_RS14320	31	98.810	336	4	0	1	336	2365	2030	6.99e-172	599
C0649_RS14320	31	97.993	299	4	1	383	681	2034	1738	2.01e-147	518
C0649_RS14335	1	90.351	114	11	0	3	116	334543	334656	1.30e-37	150
C0649_RS14335	1	89.565	115	12	0	3	117	199363	199249	1.68e-36	147
C0649_RS14335	1	88.696	115	11	2	3	116	267703	267590	2.81e-34	139
C0649_RS14335	1	88.596	114	13	0	3	116	406850	406737	2.81e-34	139
C0649_RS14335	1	100.000	34	0	0	3	36	234867	234834	1.74e-11	63.9
C0649_RS14335	4	89.565	115	12	0	3	117	199164	199050	1.68e-36	147
C0649_RS14335	5	88.696	115	11	2	3	116	13736	13623	2.81e-34	139
C0649_RS14335	5	86.842	114	15	0	3	116	163974	163861	6.08e-31	128
C0649_RS14335	28	87.288	118	15	0	1	118	5693	5576	3.63e-33	135
C0649_RS14335	11	87.719	114	14	0	3	116	34807	34694	1.31e-32	134
C0649_RS14335	10	86.842	114	15	0	3	116	74743	74856	6.08e-31	128
C0649_RS14335	10	95.745	47	2	0	70	116	37586	37632	2.23e-15	76.8
C0649_RS14335	10	87.692	65	7	1	3	67	37466	37529	8.03e-15	75.0
C0649_RS14335	6	86.842	114	15	0	3	116	17344	17231	6.08e-31	128
C0649_RS14335	13	100.000	34	0	0	3	36	11062	11029	1.74e-11	63.9
C0649_RS14335	3	100.000	31	0	0	3	33	75798	75768	8.09e-10	58.4
C0649_RS14345	8	80.952	126	22	2	793	917	7516	7392	4.78e-21	99.0
C0649_RS14355	8	76.789	573	121	12	1	567	11253	10687	1.26e-84	311
C0649_RS14385	27	92.457	822	60	2	1	821	10627	9807	0.0	1173
C0649_RS14385	27	88.400	250	27	2	943	1191	9685	9437	1.41e-81	300
C0649_RS14385	31	83.138	682	99	12	469	1142	6085	5412	2.06e-174	608
C0649_RS14385	31	99.254	134	0	1	226	358	6261	6128	8.66e-64	241
C0649_RS14385	21	100.000	65	0	0	1	65	21464	21400	1.18e-27	121
EPT58_RS15960	31	99.110	337	2	1	1	337	2365	2030	1.50e-173	604
EPT58_RS15960	31	98.328	299	3	1	384	682	2034	1738	4.33e-149	523
EPT58_RS16140	31	100.000	42	0	0	430	471	2438	2397	2.76e-15	78.7
EPT58_RS16150	31	99.405	336	2	0	1	336	2365	2030	3.23e-175	610
EPT58_RS16150	31	98.328	299	3	1	383	681	2034	1738	4.33e-149	523
EPT58_RS16305	39	81.762	488	87	2	356	842	812	326	5.81e-114	407
EPT59_RS14930	31	96.855	159	3	1	1	159	1894	1738	6.11e-72	265
EPT59_RS15185	31	99.405	336	2	0	1	336	2365	2030	3.23e-175	610
EPT59_RS15185	31	98.328	299	3	1	383	681	2034	1738	4.33e-149	523
EPT59_RS15410	31	99.107	336	2	1	1	335	2365	2030	5.39e-173	603
EPT59_RS15410	31	97.993	299	4	1	382	680	2034	1738	2.01e-147	518
C7V17_RS00900	38	97.222	72	2	0	25	96	2493	2422	2.16e-29	122
C7V17_RS00905	38	99.729	738	2	0	1	738	2297	1560	0.0	1352
A7A70_RS29455	6	95.946	74	3	0	1	74	155960	155887	5.54e-29	121
A7A70_RS29455	1	89.189	74	8	0	1	74	30609	30536	1.21e-20	93.5
EL207_RS00750	19	97.260	73	2	0	1	73	330	402	4.20e-30	124
EL207_RS00755	19	98.611	72	1	0	1	72	148	219	3.19e-31	128
EL207_RS00755	6	98.611	72	1	0	1	72	154606	154535	3.19e-31	128
EL207_RS00755	6	98.611	72	1	0	1	72	155372	155301	3.19e-31	128
EL207_RS00785	6	90.909	88	8	0	1	88	154709	154622	2.50e-28	119
EL207_RS01155	3	73.364	642	152	15	2010	2643	222325	221695	3.50e-57	220
EL207_RS01475	2	72.426	272	69	4	985	1253	35100	35368	6.07e-16	82.4
EL207_RS01975	1	79.880	666	128	5	55	717	337527	336865	1.02e-136	483
EL207_RS02535	19	92.857	84	6	0	1	84	992	1075	1.82e-29	122
EL207_RS02540	19	92.000	75	5	1	1	74	908	982	5.58e-24	104
EL207_RS02545	46	91.667	72	6	0	1	72	262	191	6.95e-23	100
EL207_RS02550	19	94.444	72	4	0	1	72	811	882	3.21e-26	111
EL207_RS02550	2	96.970	66	2	0	7	72	356486	356421	3.21e-26	111
EL207_RS02575	19	97.368	76	2	0	1	76	330	405	9.53e-32	130
EL207_RS02580	6	98.649	74	1	0	1	74	155165	155092	2.56e-32	132
EL207_RS02580	6	98.649	74	1	0	1	74	155730	155657	2.56e-32	132
EL207_RS02585	46	97.260	73	2	0	1	73	598	526	4.44e-30	124
EL207_RS02585	19	97.260	73	2	0	1	73	247	319	4.44e-30	124
EL207_RS02590	19	98.611	72	1	0	1	72	148	219	3.19e-31	128
EL207_RS02590	6	98.611	72	1	0	1	72	154606	154535	3.19e-31	128
EL207_RS02590	6	98.611	72	1	0	1	72	155372	155301	3.19e-31	128
EL207_RS02610	36	89.153	2950	267	37	3	2935	3127	214	0.0	3626
EL207_RS02615	52	100.000	73	0	0	1	73	97	25	2.05e-33	135
EL207_RS02615	6	100.000	73	0	0	1	73	156150	156078	2.05e-33	135
EL207_RS02620	6	100.000	74	0	0	1	74	154793	154720	5.50e-34	137
EL207_RS02620	6	100.000	74	0	0	1	74	155460	155387	5.50e-34	137
EL207_RS02625	41	91.576	1567	113	11	7	1558	1622	60	0.0	2145
EL207_RS03075	10	77.854	1305	260	23	1	1289	25163	26454	0.0	782
EL207_RS03090	10	76.475	1203	262	19	1	1191	23034	24227	0.0	634
EL207_RS03245	4	71.903	2769	696	67	7	2735	178453	175727	0.0	728
EL207_RS03300	2	76.970	495	94	18	271	755	39810	40294	3.90e-71	265
EL207_RS03355	16	75.042	1771	388	47	122	1862	43109	44855	0.0	773
EL207_RS03440	3	74.261	1251	269	46	2	1221	271258	270030	6.59e-135	477
EL207_RS03455	3	79.139	1208	240	12	161	1362	273478	272277	0.0	824
EL207_RS03790	36	89.153	2950	267	37	3	2935	3127	214	0.0	3626
EL207_RS03795	52	100.000	73	0	0	1	73	97	25	2.05e-33	135
EL207_RS03795	6	100.000	73	0	0	1	73	156150	156078	2.05e-33	135
EL207_RS03800	6	100.000	74	0	0	1	74	154793	154720	5.50e-34	137
EL207_RS03800	6	100.000	74	0	0	1	74	155460	155387	5.50e-34	137
EL207_RS03805	41	91.629	1565	116	8	7	1558	1622	60	0.0	2150
EL207_RS03975	9	77.907	344	66	10	199	537	42186	41848	1.39e-53	206
EL207_RS03980	9	79.052	401	80	4	1	399	42814	42416	9.93e-74	272
EL207_RS03985	9	83.333	186	31	0	1	186	43035	42850	4.55e-44	172
EL207_RS04015	9	85.057	435	65	0	1	435	45294	44860	2.18e-125	444
EL207_RS04035	9	80.357	840	147	14	2	832	47539	46709	1.84e-178	621
EL207_RS04160	9	82.529	1202	182	23	1	1188	53458	52271	0.0	1031
EL207_RS04950	5	72.871	1832	430	56	85	1878	23519	21717	5.58e-162	568
EL207_RS05385	5	83.696	92	15	0	613	704	156214	156305	7.03e-18	87.9
EL207_RS05695	46	93.151	73	5	0	1	73	519	447	4.23e-25	108
EL207_RS05715	19	98.611	72	1	0	1	72	148	219	3.19e-31	128
EL207_RS05715	6	98.611	72	1	0	1	72	154606	154535	3.19e-31	128
EL207_RS05715	6	98.611	72	1	0	1	72	155372	155301	3.19e-31	128
EL207_RS06310	8	72.841	1042	245	28	964	1986	72321	73343	7.05e-88	322
EL207_RS06725	16	72.900	631	149	18	302	921	59542	60161	4.50e-51	198
EL207_RS06735	2	79.646	226	42	3	53	276	186335	186112	5.44e-40	159
EL207_RS06925	3	74.670	454	115	0	229	682	77886	77433	4.44e-52	202
EL207_RS07425	2	89.076	119	13	0	1	119	48035	48153	1.16e-36	148
EL207_RS07540	41	91.629	1565	116	8	7	1558	1622	60	0.0	2150
EL207_RS07545	36	89.153	2950	267	37	3	2935	3127	214	0.0	3626
EL207_RS08030	41	91.576	1567	113	11	7	1558	1622	60	0.0	2145
EL207_RS08035	36	89.153	2950	267	37	3	2935	3127	214	0.0	3626
EL207_RS08045	46	97.260	73	2	0	1	73	598	526	4.20e-30	124
EL207_RS08045	19	97.260	73	2	0	1	73	247	319	4.20e-30	124
EL207_RS08055	46	93.151	73	5	0	1	73	519	447	4.23e-25	108
EL207_RS08060	46	96.341	82	3	0	1	82	430	349	2.26e-33	135
EL207_RS08065	46	93.056	72	5	0	1	72	262	191	1.58e-24	106
EL207_RS08070	46	95.349	86	4	0	1	86	175	90	6.70e-34	137
EL207_RS08080	6	100.000	74	0	0	1	74	156237	156164	5.50e-34	137
EL207_RS08080	1	100.000	74	0	0	1	74	413775	413702	5.50e-34	137
EL207_RS08085	52	100.000	73	0	0	1	73	97	25	1.94e-33	135
EL207_RS08085	6	100.000	73	0	0	1	73	156150	156078	1.94e-33	135
EL207_RS08095	6	97.297	74	2	0	1	74	155960	155887	1.19e-30	126
EL207_RS08105	6	98.649	74	1	0	1	74	155165	155092	2.56e-32	132
EL207_RS08105	6	98.649	74	1	0	1	74	155730	155657	2.56e-32	132
EL207_RS08110	19	97.368	76	2	0	1	76	330	405	9.53e-32	130
EL207_RS08130	6	100.000	74	0	0	1	74	154793	154720	5.50e-34	137
EL207_RS08130	6	100.000	74	0	0	1	74	155460	155387	5.50e-34	137
EL207_RS08140	6	93.182	88	6	0	1	88	154709	154622	1.20e-31	130
EL207_RS08145	19	98.611	72	1	0	1	72	148	219	3.19e-31	128
EL207_RS08145	6	98.611	72	1	0	1	72	154606	154535	3.19e-31	128
EL207_RS08145	6	98.611	72	1	0	1	72	155372	155301	3.19e-31	128
EL207_RS08270	3	78.006	682	140	9	10	686	116912	116236	6.45e-118	420
EL207_RS08570	2	73.120	532	124	15	646	1166	5332	5855	3.39e-43	172
EL207_RS08725	8	73.844	1709	387	45	1	1679	121203	122881	3.04e-179	625
EL207_RS08785	7	76.325	1377	300	20	487	1847	27379	28745	0.0	713
EL207_RS08925	4	70.952	1050	247	45	9	1029	83281	82261	1.64e-50	196
EL207_RS08965	10	74.866	931	208	23	134	1051	11346	12263	2.53e-111	399
EL207_RS10030	4	77.792	806	177	2	347	1151	17449	16645	2.83e-140	496
EL207_RS10305	9	73.897	1065	250	25	433	1483	1224	174	4.73e-112	401
EL207_RS10310	41	91.512	1567	114	11	7	1558	1622	60	0.0	2139
EL207_RS10315	36	89.153	2950	267	37	3	2935	3127	214	0.0	3626
EL207_RS10325	46	97.260	73	2	0	1	73	598	526	4.20e-30	124
EL207_RS10325	19	97.260	73	2	0	1	73	247	319	4.20e-30	124
EL207_RS10335	46	93.151	73	5	0	1	73	519	447	4.23e-25	108
EL207_RS10340	46	96.341	82	3	0	1	82	430	349	2.26e-33	135
EL207_RS10345	46	93.056	72	5	0	1	72	262	191	1.49e-24	106
EL207_RS10350	46	95.349	86	4	0	1	86	175	90	6.70e-34	137
EL207_RS10360	6	100.000	74	0	0	1	74	156237	156164	5.50e-34	137
EL207_RS10360	1	100.000	74	0	0	1	74	413775	413702	5.50e-34	137
EL207_RS10365	52	100.000	73	0	0	1	73	97	25	2.05e-33	135
EL207_RS10365	6	100.000	73	0	0	1	73	156150	156078	2.05e-33	135
EL207_RS10370	41	91.512	1567	114	11	7	1558	1622	60	0.0	2139
EL207_RS10375	36	89.119	2950	268	37	3	2935	3127	214	0.0	3620
EL207_RS10490	7	78.374	689	131	13	1	680	103056	103735	2.73e-121	431
EL207_RS10520	1	82.500	1120	194	2	2275	3393	358688	357570	0.0	981
EL207_RS10525	1	76.254	3508	778	46	67	3545	357100	353619	0.0	1812
EL207_RS11125	7	76.578	713	163	4	1	711	19826	20536	1.74e-108	388
EL207_RS11480	3	100.000	29	0	0	1258	1286	185727	185699	2.09e-07	54.7
EL207_RS12380	2	74.217	702	158	22	940	1628	319589	318898	4.23e-73	272
EL207_RS13965	13	72.886	745	177	22	284	1014	52151	51418	1.36e-61	233
EL207_RS14180	18	83.333	198	27	5	1	195	4555	4749	1.07e-45	178
EL207_RS14330	1	75.366	410	91	10	46	450	281395	280991	3.44e-48	189
EL207_RS14355	1	77.293	916	202	5	5	917	302908	301996	3.11e-152	534
EL207_RS14395	2	72.298	1693	398	60	218	1873	121209	122867	3.21e-130	462
EXC48_RS00130	9	75.950	1210	247	37	1	1188	53458	52271	1.25e-166	582
EXC48_RS00175	41	78.089	1319	225	46	250	1518	1369	65	0.0	776
EXC48_RS00180	36	80.881	1135	208	9	1658	2788	1455	326	0.0	885
EXC48_RS00180	36	75.678	1439	296	43	27	1433	3105	1689	0.0	669
EXC48_RS00185	36	80.810	1136	208	10	1663	2794	1455	326	0.0	881
EXC48_RS00185	36	75.833	1440	296	41	27	1437	3105	1689	0.0	684
EXC48_RS00190	41	78.258	1320	228	38	252	1527	1369	65	0.0	793
EXC48_RS00525	41	78.442	1322	222	38	251	1526	1369	65	0.0	804
EXC48_RS00530	36	80.881	1135	208	9	1663	2793	1455	326	0.0	885
EXC48_RS00530	36	75.833	1440	296	41	27	1437	3105	1689	0.0	684
EXC48_RS01360	41	78.317	1319	229	36	251	1526	1369	65	0.0	798
EXC48_RS01365	36	80.881	1135	208	9	1663	2793	1455	326	0.0	885
EXC48_RS01365	36	75.833	1440	296	41	27	1437	3105	1689	0.0	684
EXC48_RS01395	6	86.301	73	9	1	2	73	155164	155092	3.50e-16	78.7
EXC48_RS01395	6	86.301	73	9	1	2	73	155729	155657	3.50e-16	78.7
EXC48_RS02165	41	78.393	1319	228	36	251	1526	1369	65	0.0	804
EXC48_RS02170	36	80.793	1135	209	9	1663	2793	1455	326	0.0	880
EXC48_RS02170	36	75.903	1440	295	41	27	1437	3105	1689	0.0	689
EXC48_RS04140	9	75.950	1210	247	37	1	1188	53458	52271	1.25e-166	582
SBC2_RS26365	36	80.526	1027	177	18	1764	2774	1345	326	0.0	767
SBC2_RS26365	36	76.632	1057	207	38	377	1412	2718	1681	1.12e-155	547
SBC2_RS26380	41	78.836	1323	234	38	240	1536	1368	66	0.0	850
EXC52_RS03520	36	76.556	1446	277	47	24	1434	3105	1687	0.0	736
EXC52_RS03520	36	78.571	336	63	7	1624	1957	1490	1162	3.14e-55	213
EXC52_RS03525	41	78.631	1315	232	31	266	1541	1369	65	0.0	826
EXC52_RS03545	41	78.555	1315	232	32	266	1540	1369	65	0.0	821
EXC52_RS03550	36	76.365	1447	278	50	24	1434	3105	1687	0.0	719
EXC52_RS03550	36	79.154	331	62	5	1623	1952	1490	1166	5.18e-58	222
EXC52_RS03575	41	80.570	386	68	7	266	647	1369	987	5.02e-79	291
EXC53_RS03670	36	77.782	2822	532	74	25	2793	3105	326	0.0	1650
EXC53_RS03675	41	78.756	1318	225	35	263	1538	1369	65	0.0	832
EXC53_RS03815	36	77.746	2822	533	74	25	2793	3105	326	0.0	1644
EXC53_RS03820	41	78.756	1318	225	35	263	1538	1369	65	0.0	832
EXC60_RS05335	6	92.593	54	3	1	10	62	155156	155103	1.26e-15	76.8
EXC60_RS05335	6	92.593	54	3	1	10	62	155721	155668	1.26e-15	76.8
EXC60_RS05565	13	76.506	166	31	8	13	174	16148	15987	1.47e-16	84.2
EXC60_RS07715	41	79.909	1314	231	24	237	1526	1369	65	0.0	933
EXC60_RS07720	36	79.879	1153	198	27	1672	2809	1455	322	0.0	813
EXC60_RS07720	36	77.248	1446	269	49	26	1440	3105	1689	0.0	793
EXC63_RS04935	10	81.707	82	13	2	220	300	81300	81380	4.47e-12	67.6
EXC63_RS05280	3	100.000	30	0	0	826	855	193381	193352	2.54e-08	56.5
EXC63_RS06230	36	80.461	1172	209	20	1626	2789	1485	326	0.0	878
EXC63_RS06230	36	75.726	1446	286	56	26	1435	3105	1689	0.0	665
EXC63_RS06235	41	79.075	1319	226	35	260	1542	1369	65	0.0	861
EXC63_RS06690	36	80.461	1172	209	20	1625	2788	1485	326	0.0	878
EXC63_RS06690	36	75.795	1446	284	55	26	1434	3105	1689	0.0	671
EXC63_RS06695	41	78.907	1318	230	33	260	1542	1369	65	0.0	850
EXC63_RS07670	10	73.029	241	57	8	291	527	25441	25677	8.25e-15	78.7
EXC63_RS07680	9	76.316	1178	241	29	1	1159	53458	52300	1.60e-170	595
EXC63_RS08090	18	90.741	54	3	2	347	399	21472	21524	2.13e-12	71.3
EXC63_RS08680	13	76.087	414	92	7	328	737	17955	17545	3.62e-54	209
Sp245p_RS14795	41	81.373	1326	205	25	199	1491	1378	62	0.0	1042
Sp245p_RS14810	36	80.452	1018	167	26	1637	2635	1345	341	0.0	749
Sp245p_RS14810	36	76.276	1058	209	35	355	1394	2719	1686	4.98e-149	525
Sp245p_RS19770	36	80.452	1018	167	26	1638	2636	1345	341	0.0	749
Sp245p_RS19770	36	76.504	1064	208	35	349	1395	2724	1686	4.95e-154	542
Sp245p_RS19785	41	81.297	1326	206	24	199	1491	1378	62	0.0	1037
Sp245p_RS20615	41	81.373	1326	205	25	199	1491	1378	62	0.0	1042
Sp245p_RS20620	36	80.452	1018	167	26	1638	2636	1345	341	0.0	749
Sp245p_RS20620	36	76.465	1058	208	34	355	1395	2719	1686	2.30e-152	536
Sp245p_RS27645	41	81.462	1327	202	26	199	1491	1378	62	0.0	1048
Sp245p_RS27660	36	80.452	1018	167	26	1638	2636	1345	341	0.0	749
Sp245p_RS27660	36	76.465	1058	208	34	355	1395	2719	1686	2.30e-152	536
Sp245p_RS31740	36	80.452	1018	167	26	1637	2635	1345	341	0.0	749
Sp245p_RS31740	36	76.276	1058	209	35	355	1394	2719	1686	4.98e-149	525
Sp245p_RS31755	41	81.373	1326	205	25	199	1491	1378	62	0.0	1042
Sp245p_RS33390	41	81.462	1327	202	26	199	1491	1378	62	0.0	1048
Sp245p_RS33405	36	80.452	1018	167	26	1638	2636	1345	341	0.0	749
Sp245p_RS33405	36	76.504	1064	208	35	349	1395	2724	1686	4.95e-154	542
Sp245p_RS33695	41	81.462	1327	202	26	199	1491	1378	62	0.0	1048
Sp245p_RS33710	36	80.452	1018	167	26	1638	2636	1345	341	0.0	749
Sp245p_RS33710	36	76.504	1064	208	35	349	1395	2724	1686	4.95e-154	542
Sp245p_RS34555	36	80.452	1018	167	26	1638	2636	1345	341	0.0	749
Sp245p_RS34555	36	76.504	1064	208	35	349	1395	2724	1686	4.95e-154	542
Sp245p_RS34570	41	81.297	1326	206	24	199	1491	1378	62	0.0	1037
D7J84_RS30225	18	82.468	154	26	1	1	153	4555	4708	2.38e-32	134
D7J84_RS30825	18	80.110	181	32	3	1	179	4555	4733	8.56e-32	132
D7J84_RS32125	6	95.946	74	3	0	1	74	155960	155887	5.54e-29	121
D7J84_RS32125	1	89.189	74	8	0	1	74	30609	30536	1.21e-20	93.5
EPT60_RS15955	31	96.875	160	3	1	3	162	1895	1738	1.73e-72	267
EPT60_RS00260	31	99.405	336	2	0	1	336	2365	2030	3.23e-175	610
EPT60_RS00260	31	98.328	299	3	1	383	681	2034	1738	4.33e-149	523
EPT60_RS00475	31	99.107	336	2	1	1	335	2365	2030	5.39e-173	603
EPT60_RS00475	31	97.993	299	4	1	382	680	2034	1738	2.01e-147	518
EYD11_RS25765	38	99.593	738	3	0	1	738	2297	1560	0.0	1347
EYD11_RS25770	38	97.222	72	2	0	25	96	2493	2422	2.16e-29	122
KVU_RS14980	41	80.287	1324	195	42	201	1467	1378	64	0.0	939
KVU_RS14990	6	94.643	56	3	0	8	63	154786	154731	5.92e-19	87.9
KVU_RS14990	6	94.643	56	3	0	8	63	155453	155398	5.92e-19	87.9
KVU_RS14995	36	79.028	1173	199	31	1582	2732	1486	339	0.0	760
KVU_RS14995	36	75.199	754	157	29	401	1139	2718	1980	4.34e-90	329
C3E96_RS28085	38	99.729	738	2	0	1	738	2297	1560	0.0	1352
C3E96_RS28090	38	97.222	72	2	0	25	96	2493	2422	2.16e-29	122
HmaOT1_RS15600	41	79.866	1341	188	50	194	1471	1385	64	0.0	905
HmaOT1_RS15605	6	92.857	56	4	0	8	63	154786	154731	2.76e-17	82.4
HmaOT1_RS15605	6	92.857	56	4	0	8	63	155453	155398	2.76e-17	82.4
HmaOT1_RS15615	36	78.772	1173	204	33	1576	2727	1487	339	0.0	745
HmaOT1_RS15615	36	74.266	851	178	36	397	1229	2718	1891	2.61e-87	320
FORC83_RS08730	36	89.219	2931	285	29	1	2919	3128	217	0.0	3633
FORC83_RS08735	41	89.899	1584	130	21	8	1582	1622	60	0.0	2012
E0484_RS15670	31	97.312	186	3	1	1	186	1921	1738	7.14e-87	315
E0484_RS15755	31	97.312	186	3	1	1	186	1921	1738	7.14e-87	315
EWV32_RS02010	18	82.667	150	26	0	1	150	4555	4704	2.38e-32	134
EWV32_RS02715	5	82.804	913	155	2	1	912	72486	73397	0.0	815
EWW46_RS30165	18	82.667	150	26	0	1	150	4555	4704	2.38e-32	134
EWW46_RS30865	5	82.804	913	155	2	1	912	72486	73397	0.0	815
SBC1_RS25715	41	78.880	1321	237	35	240	1536	1368	66	0.0	856
SBC1_RS25730	36	80.526	1027	177	18	1763	2773	1345	326	0.0	767
SBC1_RS25730	36	76.632	1057	206	39	377	1411	2718	1681	4.02e-155	545
CA_RS19560	5	77.242	892	181	20	1	881	72486	73366	7.61e-143	503
GZS08_RS23405	38	99.729	738	2	0	1	738	2297	1560	0.0	1352
GZS08_RS23410	38	97.222	72	2	0	25	96	2493	2422	2.16e-29	122
MPD5_RS08330	6	76.423	123	21	6	400	521	57983	57868	1.43e-09	60.2
MPD5_RS08535	5	94.286	35	2	0	784	818	31032	30998	8.78e-08	54.7
CEA_RS19510	5	77.242	892	181	20	1	881	72486	73366	7.61e-143	503
TM1040_RS01350	36	79.941	1022	166	29	1731	2728	1345	339	0.0	715
TM1040_RS01350	36	75.000	848	169	38	402	1228	2718	1893	9.25e-97	351
TM1040_RS01355	52	90.411	73	7	0	1	73	97	25	9.67e-22	97.1
TM1040_RS01355	6	90.411	73	7	0	1	73	156150	156078	9.67e-22	97.1
TM1040_RS01360	6	92.857	56	4	0	8	63	154786	154731	2.76e-17	82.4
TM1040_RS01360	6	92.857	56	4	0	8	63	155453	155398	2.76e-17	82.4
TM1040_RS01365	41	79.759	1329	208	32	194	1467	1386	64	0.0	907
TM1040_RS02350	52	95.890	73	3	0	1	73	97	25	2.06e-28	119
TM1040_RS02350	6	95.890	73	3	0	1	73	156150	156078	2.06e-28	119
TM1040_RS02810	41	79.759	1329	208	32	194	1467	1386	64	0.0	907
TM1040_RS02815	6	92.857	56	4	0	8	63	154786	154731	2.76e-17	82.4
TM1040_RS02815	6	92.857	56	4	0	8	63	155453	155398	2.76e-17	82.4
TM1040_RS02820	52	90.411	73	7	0	1	73	97	25	9.67e-22	97.1
TM1040_RS02820	6	90.411	73	7	0	1	73	156150	156078	9.67e-22	97.1
TM1040_RS02825	36	79.941	1022	166	29	1731	2728	1345	339	0.0	715
TM1040_RS02825	36	75.000	848	169	38	402	1228	2718	1893	9.25e-97	351
TM1040_RS03330	41	79.759	1329	208	32	194	1467	1386	64	0.0	907
TM1040_RS03335	6	92.857	56	4	0	8	63	154786	154731	2.76e-17	82.4
TM1040_RS03335	6	92.857	56	4	0	8	63	155453	155398	2.76e-17	82.4
TM1040_RS03340	52	90.411	73	7	0	1	73	97	25	9.67e-22	97.1
TM1040_RS03340	6	90.411	73	7	0	1	73	156150	156078	9.67e-22	97.1
TM1040_RS03345	36	79.941	1022	166	29	1731	2728	1345	339	0.0	715
TM1040_RS03345	36	75.000	848	169	38	402	1228	2718	1893	9.25e-97	351
HB637_RS27115	38	99.729	738	2	0	1	738	2297	1560	0.0	1352
HB637_RS27120	38	97.222	72	2	0	25	96	2493	2422	2.16e-29	122
HB636_RS29335	38	97.222	72	2	0	25	96	2493	2422	2.16e-29	122
HB636_RS29340	38	99.729	738	2	0	1	738	2297	1560	0.0	1352
MEPL_RS08520	5	94.286	35	2	0	784	818	31032	30998	8.78e-08	54.7
LLA12_RS12880	31	85.342	307	45	0	17	323	2337	2031	2.15e-87	318
LLA12_RS12880	31	83.108	296	45	4	375	668	2030	1738	2.84e-71	265
LLA12_RS12925	31	86.441	295	38	1	387	681	2030	1738	1.69e-88	322
LLA12_RS13030	44	99.163	239	2	0	146	384	975	737	1.49e-121	431
LLA12_RS13030	2	98.760	242	3	0	143	384	83321	83562	1.49e-121	431
LLA12_RS13030	2	87.586	145	18	0	1	145	82918	83062	1.29e-42	169
LLA12_RS13030	23	97.934	242	5	0	143	384	36	277	3.22e-118	420
LLA12_RS13030	31	91.852	135	11	0	7	141	2323	2189	9.88e-49	189
LLA12_RS13030	47	87.586	145	18	0	1	145	368	224	1.29e-42	169
LLA12_RS13060	31	86.441	295	38	1	387	681	2030	1738	1.69e-88	322
LLA12_RS13080	31	86.441	295	38	1	387	681	2030	1738	1.69e-88	322
LLA12_RS13650	31	96.835	158	5	0	6	163	2318	2161	1.05e-71	265
LLA12_RS13650	31	93.750	96	6	0	158	253	1853	1758	1.43e-35	145
LLA12_RS13170	31	80.678	295	47	10	175	465	2026	1738	4.28e-58	220
LLA12_RS13170	2	74.728	459	108	7	1	455	83098	83552	2.01e-51	198
LLA12_RS13180	31	86.269	335	46	0	1	335	2365	2031	2.78e-101	364
LLA12_RS13180	31	87.797	295	34	2	387	681	2030	1738	3.62e-95	344
LLA12_RS13395	31	85.342	307	45	0	17	323	2337	2031	2.15e-87	318
LLA12_RS13395	31	83.108	296	45	4	375	668	2030	1738	2.84e-71	265
AL014_RS15500	2	98.385	681	11	0	1	681	82882	83562	0.0	1197
AL014_RS15500	47	99.732	373	1	0	32	404	373	1	0.0	684
AL014_RS15500	23	99.639	277	1	0	405	681	1	277	4.36e-144	507
AL014_RS15500	44	98.106	264	5	0	418	681	1000	737	3.44e-130	460
AL014_RS15500	53	100.000	29	0	0	2	30	76	104	6.82e-08	54.7
AL014_RS15520	2	98.385	681	11	0	1	681	82882	83562	0.0	1197
AL014_RS15520	47	99.732	373	1	0	32	404	373	1	0.0	684
AL014_RS15520	23	99.639	277	1	0	405	681	1	277	4.36e-144	507
AL014_RS15520	44	98.106	264	5	0	418	681	1000	737	3.44e-130	460
AL014_RS15520	53	100.000	29	0	0	2	30	76	104	6.82e-08	54.7
AL014_RS15545	53	100.000	47	0	0	954	1000	1	47	9.98e-18	87.9
AL014_RS15545	2	100.000	47	0	0	954	1000	82808	82854	9.98e-18	87.9
AL014_RS15550	2	98.385	681	10	1	1	680	82882	83562	0.0	1195
AL014_RS15550	47	99.732	373	1	0	32	404	373	1	0.0	684
AL014_RS15550	23	99.639	277	1	0	404	680	1	277	4.35e-144	507
AL014_RS15550	44	98.106	264	5	0	417	680	1000	737	3.44e-130	460
AL014_RS15550	53	100.000	29	0	0	2	30	76	104	6.81e-08	54.7
AL014_RS15555	27	90.714	560	46	6	1	557	10627	10071	0.0	741
AL014_RS15555	31	99.338	151	1	0	423	573	6131	5981	4.03e-74	274
AL014_RS15555	31	99.254	134	0	1	226	358	6261	6128	4.09e-64	241
AL014_RS15555	21	100.000	65	0	0	1	65	21464	21400	5.56e-28	121
AL014_RS15635	2	98.385	681	11	0	1	681	82882	83562	0.0	1197
AL014_RS15635	47	99.732	373	1	0	32	404	373	1	0.0	684
AL014_RS15635	23	99.639	277	1	0	405	681	1	277	4.36e-144	507
AL014_RS15635	44	98.106	264	5	0	418	681	1000	737	3.44e-130	460
AL014_RS15635	53	100.000	29	0	0	2	30	76	104	6.82e-08	54.7
AL014_RS15640	39	100.000	208	0	0	1	208	1017	810	1.69e-107	385
AL014_RS17330	39	100.000	189	0	0	1	189	997	1185	1.99e-97	350
AL014_RS15645	39	99.874	795	1	0	1	795	2087	1293	0.0	1463
AL014_RS15650	39	99.644	281	0	1	263	542	2460	2180	7.41e-146	512
AL014_RS15650	39	100.000	262	0	0	1	262	262	1	1.61e-137	484
AL014_RS15655	39	100.000	554	0	0	356	909	812	259	0.0	1024
AL014_RS17335	44	98.462	260	4	0	2	261	411	152	4.53e-130	459
AL014_RS17335	38	95.019	261	13	0	1	261	1390	1130	1.29e-115	411
AL014_RS15680	38	99.729	738	2	0	1	738	2297	1560	0.0	1352
AL014_RS15685	38	100.000	84	0	0	1	84	2505	2422	1.79e-39	156
AL014_RS15690	2	98.091	681	13	0	1	681	82882	83562	0.0	1186
AL014_RS15690	47	99.464	373	2	0	32	404	373	1	0.0	678
AL014_RS15690	23	99.278	277	2	0	405	681	1	277	2.03e-142	501
AL014_RS15690	44	97.727	264	6	0	418	681	1000	737	1.60e-128	455
AL014_RS15690	53	100.000	29	0	0	2	30	76	104	6.82e-08	54.7
AL014_RS15745	22	83.788	586	95	0	8	593	23084	23669	3.84e-159	556
AL014_RS15820	42	75.746	503	116	4	752	1251	640	141	5.44e-66	248
BH714_RS22910	41	78.087	1579	269	57	8	1535	1621	69	0.0	928
BH714_RS22920	52	93.243	74	3	2	1	73	97	25	4.47e-25	108
BH714_RS22920	6	93.243	74	3	2	1	73	156150	156078	4.47e-25	108
BH714_RS22925	36	78.916	996	194	12	1781	2769	1342	356	0.0	662
BH714_RS22925	36	76.777	1055	199	42	378	1410	2719	1689	3.14e-156	549
BH714_RS23330	41	78.368	1581	265	57	8	1539	1621	69	0.0	953
BH714_RS23340	52	93.243	74	3	2	1	73	97	25	4.47e-25	108
BH714_RS23340	6	93.243	74	3	2	1	73	156150	156078	4.47e-25	108
BH714_RS23345	36	79.016	996	192	13	1783	2770	1342	356	0.0	665
BH714_RS23345	36	76.777	1055	201	40	378	1412	2719	1689	8.74e-157	551
B4V05_RS10010	2	98.238	681	12	0	1	681	82882	83562	0.0	1192
B4V05_RS10010	47	99.732	373	1	0	32	404	373	1	0.0	684
B4V05_RS10010	23	98.556	277	4	0	405	681	1	277	4.39e-139	490
B4V05_RS10010	44	98.106	264	5	0	418	681	1000	737	3.44e-130	460
B4V05_RS10400	2	98.238	681	12	0	1	681	82882	83562	0.0	1192
B4V05_RS10400	47	99.732	373	1	0	32	404	373	1	0.0	684
B4V05_RS10400	23	99.278	277	2	0	405	681	1	277	2.03e-142	501
B4V05_RS10400	44	98.106	264	5	0	418	681	1000	737	3.44e-130	460
CMV25_RS10905	2	84.656	567	75	12	1	561	83002	83562	1.26e-158	555
CMV25_RS10905	31	97.297	296	6	2	266	561	2031	1738	1.66e-142	501
CMV25_RS10905	47	98.712	233	2	1	1	232	284	52	8.01e-116	412
CMV25_RS10905	23	81.696	224	39	2	339	561	55	277	1.90e-47	185
CMV25_RS10905	44	80.357	224	42	2	339	561	959	737	1.91e-42	169
CMV25_RS10915	31	98.810	336	4	0	1	336	2365	2030	6.99e-172	599
CMV25_RS10915	31	98.328	299	3	1	383	681	2034	1738	4.33e-149	523
CMV25_RS10920	2	93.098	681	47	0	1	681	82882	83562	0.0	998
CMV25_RS10920	47	92.055	365	29	0	40	404	365	1	2.60e-146	514
CMV25_RS10920	23	99.278	277	2	0	405	681	1	277	2.03e-142	501
CMV25_RS10920	44	98.485	264	4	0	418	681	1000	737	7.40e-132	466
CMV25_RS10920	31	91.071	336	30	0	1	336	2365	2030	1.60e-128	455
CMV25_RS10930	31	92.000	225	18	0	1	225	2365	2141	2.45e-87	316
CMV25_RS11015	31	99.510	204	1	0	1	204	2365	2162	4.63e-104	372
CMV25_RS11075	8	84.091	176	26	2	76	250	11178	11004	7.92e-42	169
CMV25_RS11100	2	97.651	681	16	0	1	681	82882	83562	0.0	1170
CMV25_RS11100	47	99.196	373	3	0	32	404	373	1	0.0	673
CMV25_RS11100	23	97.834	277	6	0	405	681	1	277	9.50e-136	479
CMV25_RS11100	44	96.970	264	8	0	418	681	1000	737	3.47e-125	444
CMV25_RS11100	53	100.000	29	0	0	2	30	76	104	6.82e-08	54.7
CMV25_RS11140	2	97.944	681	12	1	1	679	82882	83562	0.0	1179
CMV25_RS11140	47	98.928	373	2	1	32	402	373	1	0.0	665
CMV25_RS11140	23	98.917	277	3	0	403	679	1	277	9.40e-141	496
CMV25_RS11140	44	98.106	264	5	0	416	679	1000	737	3.43e-130	460
CMV25_RS11140	53	100.000	29	0	0	2	30	76	104	6.80e-08	54.7
CMV25_RS11220	31	99.702	336	1	0	1	336	2365	2030	6.94e-177	616
CMV25_RS11220	31	97.659	299	5	1	383	681	2034	1738	9.37e-146	512
GOZ47_RS08585	5	94.286	35	2	0	784	818	31032	30998	8.78e-08	54.7
LSL_RS09850	2	95.888	681	14	4	1	667	82882	83562	0.0	1090
LSL_RS09850	47	97.790	362	4	1	32	389	373	12	1.46e-178	621
LSL_RS09850	23	98.556	277	4	0	391	667	1	277	4.30e-139	490
LSL_RS09850	44	97.727	264	6	0	404	667	1000	737	1.57e-128	455
LSL_RS09850	53	100.000	29	0	0	2	30	76	104	6.68e-08	54.7
LSL_RS10360	3	73.601	1144	264	35	280	1404	109188	108064	3.43e-113	405
EF_RS15785	24	96.742	1013	30	3	1	1011	15790	16801	0.0	1685
EF_RS15810	29	96.809	282	9	0	25	306	917	636	6.88e-134	472
EF_RS15815	34	96.067	1068	42	0	1603	2670	3999	2932	0.0	1740
EF_RS15815	34	96.743	307	10	0	626	932	4979	4673	3.77e-145	512
EF_RS15815	9	95.459	991	43	2	1603	2593	103115	102127	0.0	1580
EF_RS15815	9	93.333	315	21	0	627	941	104091	103777	2.98e-131	466
EF_RS15815	29	96.160	625	24	0	1	625	625	1	0.0	1022
EF_RS15820	9	90.078	3850	354	20	1	3833	101541	97703	0.0	4968
EF_RS15820	23	95.561	2388	106	0	1531	3918	23989	21602	0.0	3823
EF_RS15820	17	94.956	2399	110	3	1530	3918	40279	37882	0.0	3749
EF_RS15820	34	94.713	1532	75	5	1	1529	1529	1	0.0	2375
EF_RS15825	23	97.199	357	10	0	1	357	21540	21184	7.66e-174	604
EF_RS15825	17	96.581	351	12	0	1	351	37821	37471	3.59e-167	582
EF_RS15925	17	86.336	1332	174	8	11	1338	13172	14499	0.0	1445
EF_RS15935	17	98.901	546	6	0	1	546	11688	12233	0.0	976
EF_RS15940	17	98.958	192	2	0	1	192	11473	11664	9.44e-96	344
EF_RS15945	17	99.462	186	1	0	1	186	11303	11488	4.24e-94	339
EF_RS15955	17	100.000	231	0	0	1	231	10475	10705	1.12e-120	427
EF_RS15960	17	98.788	495	6	0	1	495	10420	9926	0.0	881
EF_RS15965	17	98.234	453	8	0	1	453	9860	9408	0.0	793
EF_RS16640	17	94.118	153	9	0	1	153	9394	9242	1.65e-62	233
EF_RS15970	17	83.642	593	81	12	1	579	9230	8640	2.81e-155	544
EF_RS15970	17	100.000	31	0	0	20	50	9180	9210	4.47e-09	58.4
EF_RS15970	23	83.363	559	90	3	19	574	1679	1121	2.21e-146	514
EF_RS15975	17	96.885	321	10	0	1	321	8634	8314	7.03e-154	538
EF_RS16030	24	99.405	336	2	0	1	336	455	790	1.54e-175	610
EF_RS16060	24	97.980	297	6	0	1	297	13850	14146	3.03e-147	516
EF_RS16065	24	99.361	783	5	0	1	783	14400	15182	0.0	1419
EF_RS16070	24	99.160	357	3	0	1	357	15175	15531	0.0	643
EF_RS16075	24	94.770	1262	66	0	1	1262	16956	18217	0.0	1965
EF_RS16080	2	98.238	681	12	0	1	681	82882	83562	0.0	1192
EF_RS16080	47	100.000	373	0	0	32	404	373	1	0.0	689
EF_RS16080	23	99.278	277	2	0	405	681	1	277	2.03e-142	501
EF_RS16080	44	97.727	264	6	0	418	681	1000	737	1.60e-128	455
EF_RS16100	53	100.000	37	0	0	1011	1047	1	37	3.79e-12	69.4
EF_RS16100	2	100.000	37	0	0	1011	1047	82808	82844	3.79e-12	69.4
EF_RS16105	2	98.385	681	11	0	1	681	82882	83562	0.0	1197
EF_RS16105	47	99.732	373	1	0	32	404	373	1	0.0	684
EF_RS16105	23	99.639	277	1	0	405	681	1	277	4.36e-144	507
EF_RS16105	44	98.106	264	5	0	418	681	1000	737	3.44e-130	460
EF_RS16105	53	100.000	29	0	0	2	30	76	104	6.82e-08	54.7
EF_RS16115	24	99.517	621	3	0	1	621	9421	10041	0.0	1131
EF_RS16120	24	97.097	310	9	0	2	311	10032	10341	1.91e-149	523
EF_RS16165	24	92.877	365	21	5	579	940	16371	16733	1.81e-149	525
EF_RS16175	24	76.933	1539	311	38	102	1618	17063	18579	0.0	835
EF_RS16190	2	98.385	681	11	0	1	681	82882	83562	0.0	1197
EF_RS16190	47	99.732	373	1	0	32	404	373	1	0.0	684
EF_RS16190	23	99.639	277	1	0	405	681	1	277	4.36e-144	507
EF_RS16190	44	98.106	264	5	0	418	681	1000	737	3.44e-130	460
EF_RS16190	53	100.000	29	0	0	2	30	76	104	6.82e-08	54.7
EF_RS16195	38	99.593	738	3	0	1	738	2297	1560	0.0	1347
EF_RS16205	2	98.385	681	11	0	1	681	82882	83562	0.0	1197
EF_RS16205	47	99.732	373	1	0	32	404	373	1	0.0	684
EF_RS16205	23	99.639	277	1	0	405	681	1	277	4.36e-144	507
EF_RS16205	44	98.106	264	5	0	418	681	1000	737	3.44e-130	460
EF_RS16205	53	100.000	29	0	0	2	30	76	104	6.82e-08	54.7
EF_RS16220	2	98.385	681	11	0	1	681	82882	83562	0.0	1197
EF_RS16220	47	99.732	373	1	0	32	404	373	1	0.0	684
EF_RS16220	23	99.639	277	1	0	405	681	1	277	4.36e-144	507
EF_RS16220	44	98.106	264	5	0	418	681	1000	737	3.44e-130	460
EF_RS16220	53	100.000	29	0	0	2	30	76	104	6.82e-08	54.7
EF_RS16225	2	100.000	38	0	0	455	492	82807	82844	4.84e-13	71.3
EF_RS16225	53	100.000	37	0	0	456	492	1	37	1.74e-12	69.4
EF_RS16250	17	77.117	1311	271	26	2	1296	13172	14469	0.0	732
EF_RS16270	23	93.865	489	30	0	1	489	4353	3865	0.0	737
EF_RS16280	23	90.782	998	88	4	1	996	7925	6930	0.0	1330
EF_RS16280	23	84.129	775	119	3	1419	2192	6460	5689	0.0	747
EF_RS16285	23	97.231	2347	63	2	1	2346	10257	7912	0.0	3973
EF_RS16290	23	87.415	294	26	6	1	291	10668	10383	2.07e-90	327
EF_RS16295	23	99.398	2493	15	0	1	2493	13117	10625	0.0	4521
EF_RS16300	23	99.564	459	2	0	1	459	13680	13222	0.0	837
EF_RS16305	23	100.000	390	0	0	1	390	14678	14289	0.0	721
EF_RS16310	23	99.638	276	1	0	1	276	14953	14678	6.06e-144	505
EF_RS16315	23	99.034	1035	10	0	1	1035	15977	14943	0.0	1857
EF_RS16320	23	99.365	315	2	0	1	315	16284	15970	6.80e-164	571
EF_RS16325	23	98.561	417	6	0	1	417	16700	16284	0.0	737
EF_RS16330	23	98.867	618	7	0	1	618	17301	16684	0.0	1103
EF_RS16335	23	99.686	1272	4	0	1	1272	18575	17304	0.0	2327
EF_RS16340	23	98.951	858	9	0	1	858	19458	18601	0.0	1535
EF_RS16345	23	97.952	879	18	0	1	879	20359	19481	0.0	1524
EF_RS16350	23	99.617	261	1	0	1	261	20630	20370	1.25e-135	477
EF_RS16355	23	100.000	385	0	0	1	385	21162	20778	0.0	712
EF_RS16360	23	98.319	357	3	1	1	354	21540	21184	2.10e-179	623
EF_RS16360	17	96.629	356	9	1	1	353	37821	37466	7.64e-169	588
EF_RS16365	17	96.157	2238	75	3	1664	3891	40118	37882	0.0	3646
EF_RS16365	23	95.599	2227	98	0	1665	3891	23828	21602	0.0	3570
EF_RS16365	9	94.828	2204	114	0	1603	3806	99906	97703	0.0	3439
EF_RS16365	9	91.069	795	69	2	1	794	101541	100748	0.0	1074
EF_RS16365	34	91.572	795	65	2	1	794	1529	736	0.0	1096
EF_RS16370	34	100.000	336	0	0	1	336	2171	1836	7.13e-179	621
EF_RS16375	9	93.006	1973	123	14	627	2592	104091	102127	0.0	2865
EF_RS16375	34	89.650	2058	196	17	626	2673	4979	2929	0.0	2604
EF_RS16375	29	96.640	625	21	0	1	625	625	1	0.0	1038
EF_RS16380	29	97.163	282	8	0	25	306	917	636	1.48e-135	477
EF_RS16390	2	98.385	681	11	0	1	681	82882	83562	0.0	1197
EF_RS16390	47	99.732	373	1	0	32	404	373	1	0.0	684
EF_RS16390	23	99.639	277	1	0	405	681	1	277	4.36e-144	507
EF_RS16390	44	98.106	264	5	0	418	681	1000	737	3.44e-130	460
EF_RS16390	53	100.000	29	0	0	2	30	76	104	6.82e-08	54.7
EF_RS16425	2	98.385	681	11	0	1	681	82882	83562	0.0	1197
EF_RS16425	47	99.732	373	1	0	32	404	373	1	0.0	684
EF_RS16425	23	99.639	277	1	0	405	681	1	277	4.36e-144	507
EF_RS16425	44	98.106	264	5	0	418	681	1000	737	3.44e-130	460
EF_RS16425	53	100.000	29	0	0	2	30	76	104	6.82e-08	54.7
EF_RS16465	24	100.000	621	0	0	1	621	9421	10041	0.0	1147
EF_RS16470	24	100.000	288	0	0	1	288	10058	10345	2.91e-152	532
EF_RS16475	24	100.000	225	0	0	1	225	10339	10563	2.35e-117	416
EF_RS16480	24	100.000	210	0	0	1	210	10624	10833	4.75e-109	388
EF_RS16485	24	100.000	303	0	0	1	303	10845	11147	1.41e-160	560
EF_RS16490	24	98.947	1329	14	0	1	1329	11574	12902	0.0	2377
EF_RS16495	24	97.721	351	8	0	1	351	12899	13249	7.52e-174	604
EF_RS16500	24	98.198	111	2	0	1	111	13500	13610	5.38e-51	195
MCCL_RS11175	21	75.789	190	44	2	89	277	21864	22052	6.76e-20	95.3
MCCL_RS11820	53	100.000	37	0	0	411	447	1	37	1.58e-12	69.4
MCCL_RS11820	2	100.000	37	0	0	411	447	82808	82844	1.58e-12	69.4
MCCL_RS11295	2	98.385	681	11	0	1	681	82882	83562	0.0	1197
MCCL_RS11295	47	99.732	373	1	0	32	404	373	1	0.0	684
MCCL_RS11295	23	98.917	277	3	0	405	681	1	277	9.43e-141	496
MCCL_RS11295	44	98.106	264	5	0	418	681	1000	737	3.44e-130	460
MCCL_RS11295	53	100.000	29	0	0	2	30	76	104	6.82e-08	54.7
MCCL_RS12005	38	100.000	101	0	0	12	112	2626	2526	9.10e-49	187
MCCL_RS11310	38	100.000	84	0	0	1	84	2505	2422	1.79e-39	156
MCCL_RS11315	38	100.000	738	0	0	1	738	2297	1560	0.0	1363
MCCL_RS11345	2	98.385	681	11	0	1	681	82882	83562	0.0	1197
MCCL_RS11345	47	99.732	373	1	0	32	404	373	1	0.0	684
MCCL_RS11345	23	98.917	277	3	0	405	681	1	277	9.43e-141	496
MCCL_RS11345	44	98.106	264	5	0	418	681	1000	737	3.44e-130	460
MCCL_RS11345	53	100.000	29	0	0	2	30	76	104	6.82e-08	54.7
SSUBM407_RS10465	38	97.310	855	23	0	1	855	985	131	0.0	1452
SSUBM407_RS10470	51	100.000	135	0	0	33	167	135	1	2.41e-67	250
SSUBM407_RS10470	38	100.000	32	0	0	1	32	32	1	4.36e-10	60.2
SSUBM407_RS10470	44	100.000	31	0	0	1	31	32	2	1.57e-09	58.4
SSUBM407_RS10475	40	97.802	273	6	0	1	273	66	338	6.08e-134	472
SSUBM407_RS10480	40	96.412	864	31	0	1	864	340	1203	0.0	1424
SSUBM407_RS10485	2	98.385	681	11	0	1	681	82882	83562	0.0	1197
SSUBM407_RS10485	47	99.732	373	1	0	32	404	373	1	0.0	684
SSUBM407_RS10485	23	99.639	277	1	0	405	681	1	277	4.36e-144	507
SSUBM407_RS10485	44	98.106	264	5	0	418	681	1000	737	3.44e-130	460
SSUBM407_RS10485	53	100.000	29	0	0	2	30	76	104	6.82e-08	54.7
SSUBM407_RS10585	2	98.385	681	11	0	1	681	82882	83562	0.0	1197
SSUBM407_RS10585	47	99.732	373	1	0	32	404	373	1	0.0	684
SSUBM407_RS10585	23	99.639	277	1	0	405	681	1	277	4.36e-144	507
SSUBM407_RS10585	44	98.106	264	5	0	418	681	1000	737	3.44e-130	460
SSUBM407_RS10585	53	100.000	29	0	0	2	30	76	104	6.82e-08	54.7
SSUBM407_RS10605	2	98.385	681	11	0	1	681	82882	83562	0.0	1197
SSUBM407_RS10605	47	99.732	373	1	0	32	404	373	1	0.0	684
SSUBM407_RS10605	23	99.639	277	1	0	405	681	1	277	4.36e-144	507
SSUBM407_RS10605	44	98.106	264	5	0	418	681	1000	737	3.44e-130	460
SSUBM407_RS10605	53	100.000	29	0	0	2	30	76	104	6.82e-08	54.7
LIN_RS15535	2	98.532	681	10	0	1	681	82882	83562	0.0	1203
LIN_RS15535	47	99.464	373	2	0	32	404	373	1	0.0	678
LIN_RS15535	23	98.195	277	5	0	405	681	1	277	2.04e-137	484
LIN_RS15535	44	98.864	264	3	0	418	681	1000	737	1.59e-133	472
LIN_RS15535	53	100.000	29	0	0	2	30	76	104	6.82e-08	54.7
LIN_RS16190	44	99.099	222	2	0	1	222	958	737	2.33e-112	399
LIN_RS16190	2	99.099	222	2	0	1	222	83341	83562	2.33e-112	399
LIN_RS16190	23	97.748	222	5	0	1	222	56	277	2.35e-107	383
LIN_RS15560	2	97.931	435	9	0	1	435	83128	83562	0.0	754
LIN_RS15560	23	98.195	277	5	0	159	435	1	277	1.28e-137	484
LIN_RS15560	44	98.864	264	3	0	172	435	1000	737	9.99e-134	472
LIN_RS15560	47	99.367	158	1	0	1	158	158	1	3.88e-78	287
LIN_RS15605	2	98.385	681	11	0	1	681	82882	83562	0.0	1197
LIN_RS15605	47	99.732	373	1	0	32	404	373	1	0.0	684
LIN_RS15605	23	99.639	277	1	0	405	681	1	277	4.36e-144	507
LIN_RS15605	44	98.106	264	5	0	418	681	1000	737	3.44e-130	460
LIN_RS15605	53	100.000	29	0	0	2	30	76	104	6.82e-08	54.7
LIN_RS15620	2	98.385	681	11	0	1	681	82882	83562	0.0	1197
LIN_RS15620	47	99.732	373	1	0	32	404	373	1	0.0	684
LIN_RS15620	23	99.639	277	1	0	405	681	1	277	4.36e-144	507
LIN_RS15620	44	98.106	264	5	0	418	681	1000	737	3.44e-130	460
LIN_RS15620	53	100.000	29	0	0	2	30	76	104	6.82e-08	54.7
LIN_RS15665	2	100.000	35	0	0	626	660	82807	82841	3.05e-11	65.8
LIN_RS15665	53	100.000	34	0	0	627	660	1	34	1.10e-10	63.9
LIN_RS16305	2	99.020	102	1	0	1	102	82882	82983	1.05e-47	183
LIN_RS16305	47	100.000	71	0	0	32	102	373	303	3.86e-32	132
LIN_RS15675	2	98.385	681	11	0	1	681	82882	83562	0.0	1197
LIN_RS15675	47	99.732	373	1	0	32	404	373	1	0.0	684
LIN_RS15675	23	99.639	277	1	0	405	681	1	277	4.36e-144	507
LIN_RS15675	44	98.106	264	5	0	418	681	1000	737	3.44e-130	460
LIN_RS15675	53	100.000	29	0	0	2	30	76	104	6.82e-08	54.7
LIN_RS15705	31	99.702	336	1	0	1	336	2365	2030	6.94e-177	616
LIN_RS15705	31	98.328	299	3	1	383	681	2034	1738	4.33e-149	523
MPTP_RS08875	5	94.286	35	2	0	784	818	31032	30998	8.78e-08	54.7
SMB_RS19515	5	77.242	892	181	20	1	881	72486	73366	7.61e-143	503
HMPREF0351_RS13045	8	96.458	1920	68	0	1	1920	34025	35944	0.0	3169
HMPREF0351_RS13060	2	98.385	681	11	0	1	681	82882	83562	0.0	1197
HMPREF0351_RS13060	47	99.732	373	1	0	32	404	373	1	0.0	684
HMPREF0351_RS13060	23	99.639	277	1	0	405	681	1	277	4.36e-144	507
HMPREF0351_RS13060	44	98.106	264	5	0	418	681	1000	737	3.44e-130	460
HMPREF0351_RS13060	53	100.000	29	0	0	2	30	76	104	6.82e-08	54.7
HMPREF0351_RS13080	21	98.968	1163	8	3	1	1159	21773	22935	0.0	2078
HMPREF0351_RS13085	21	100.000	35	0	0	221	255	21698	21732	1.12e-11	65.8
HMPREF0351_RS13130	2	98.385	681	11	0	1	681	82882	83562	0.0	1197
HMPREF0351_RS13130	47	99.732	373	1	0	32	404	373	1	0.0	684
HMPREF0351_RS13130	23	99.639	277	1	0	405	681	1	277	4.36e-144	507
HMPREF0351_RS13130	44	98.106	264	5	0	418	681	1000	737	3.44e-130	460
HMPREF0351_RS13130	53	100.000	29	0	0	2	30	76	104	6.82e-08	54.7
HMPREF0351_RS13140	44	100.000	34	0	0	867	900	681	714	1.51e-10	63.9
HMPREF0351_RS13140	23	97.222	36	1	0	865	900	335	300	5.43e-10	62.1
HMPREF0351_RS13140	2	100.000	33	0	0	868	900	83617	83585	5.43e-10	62.1
HMPREF0351_RS13145	2	98.238	681	12	0	1	681	82882	83562	0.0	1192
HMPREF0351_RS13145	47	99.732	373	1	0	32	404	373	1	0.0	684
HMPREF0351_RS13145	23	99.278	277	2	0	405	681	1	277	2.03e-142	501
HMPREF0351_RS13145	44	97.727	264	6	0	418	681	1000	737	1.60e-128	455
HMPREF0351_RS13145	53	100.000	29	0	0	2	30	76	104	6.82e-08	54.7
HMPREF0351_RS13160	8	100.000	315	0	0	1	315	22238	22552	3.14e-167	582
HMPREF0351_RS13165	8	100.000	387	0	0	1	387	22568	22954	0.0	715
HMPREF0351_RS13170	8	100.000	1386	0	0	1	1386	22983	24368	0.0	2560
HMPREF0351_RS13175	8	100.000	153	0	0	1	153	24371	24523	1.61e-77	283
HMPREF0351_RS13180	8	99.917	1206	1	0	1	1206	24546	25751	0.0	2222
HMPREF0351_RS13190	8	100.000	201	0	0	25	225	25815	26015	5.16e-104	372
HMPREF0351_RS13195	8	100.000	498	0	0	1	498	26132	26629	0.0	920
HMPREF0351_RS13200	8	100.000	507	0	0	1	507	26604	27110	0.0	937
HMPREF0351_RS13205	8	99.918	2448	2	0	1	2448	27094	29541	0.0	4510
HMPREF0351_RS13210	8	92.086	2186	157	7	1	2178	29544	31721	0.0	3064
HMPREF0351_RS13215	8	99.501	1002	5	0	1	1002	31718	32719	0.0	1823
HMPREF0351_RS13220	8	99.786	933	2	0	1	933	32716	33648	0.0	1712
HMPREF0351_RS13225	8	99.145	117	1	0	1	117	33893	34009	5.69e-56	211
HMPREF0351_RS13230	39	100.000	281	0	0	263	543	2460	2180	4.43e-148	520
HMPREF0351_RS13230	39	100.000	262	0	0	1	262	262	1	1.62e-137	484
HMPREF0351_RS13235	39	100.000	336	0	0	1	336	594	259	7.13e-179	621
HMPREF0351_RS13240	2	98.091	681	13	0	1	681	82882	83562	0.0	1186
HMPREF0351_RS13240	47	99.196	373	3	0	32	404	373	1	0.0	673
HMPREF0351_RS13240	23	99.639	277	1	0	405	681	1	277	4.36e-144	507
HMPREF0351_RS13240	44	98.106	264	5	0	418	681	1000	737	3.44e-130	460
HMPREF0351_RS13240	53	100.000	29	0	0	2	30	76	104	6.82e-08	54.7
HMPREF0351_RS13245	53	100.000	58	0	0	1	58	58	1	1.87e-24	108
HMPREF0351_RS13245	2	100.000	58	0	0	1	58	82865	82808	1.87e-24	108
HMPREF0351_RS13295	2	97.944	681	14	0	1	681	82882	83562	0.0	1181
HMPREF0351_RS13295	47	99.464	373	2	0	32	404	373	1	0.0	678
HMPREF0351_RS13295	23	99.639	277	1	0	405	681	1	277	4.36e-144	507
HMPREF0351_RS13295	44	98.106	264	5	0	418	681	1000	737	3.44e-130	460
HMPREF0351_RS13300	21	98.208	279	5	0	1	279	21773	22051	6.18e-139	488
HMPREF0351_RS13320	42	75.746	503	116	4	752	1251	640	141	5.44e-66	248
HMPREF0351_RS13330	31	99.604	757	3	0	423	1179	6131	5375	0.0	1382
HMPREF0351_RS13330	31	99.254	134	0	1	226	358	6261	6128	8.57e-64	241
HMPREF0351_RS13330	27	84.801	829	110	13	1	821	10627	9807	0.0	819
HMPREF0351_RS13330	21	100.000	65	0	0	1	65	21464	21400	1.16e-27	121
HMPREF0351_RS13365	22	89.414	614	65	0	4	617	23059	23672	0.0	774
HMPREF0351_RS13390	19	100.000	71	0	0	1	71	908	978	2.42e-32	132
HMPREF0351_RS13395	19	93.023	86	3	3	1	85	992	1075	1.85e-29	122
HMPREF0351_RS13450	2	98.091	681	13	0	1	681	82882	83562	0.0	1186
HMPREF0351_RS13450	47	99.196	373	3	0	32	404	373	1	0.0	673
HMPREF0351_RS13450	23	99.639	277	1	0	405	681	1	277	4.36e-144	507
HMPREF0351_RS13450	44	98.106	264	5	0	418	681	1000	737	3.44e-130	460
HMPREF0351_RS13450	53	100.000	29	0	0	2	30	76	104	6.82e-08	54.7
HMPREF0351_RS13460	39	100.000	208	0	0	1	208	1017	810	1.78e-107	385
HMPREF0351_RS13465	39	100.000	189	0	0	1	189	997	1185	1.99e-97	350
HMPREF0351_RS13470	39	100.000	795	0	0	1	795	2087	1293	0.0	1469
HMPREF0351_RS13475	39	100.000	281	0	0	263	543	2460	2180	4.43e-148	520
HMPREF0351_RS13475	39	100.000	262	0	0	1	262	262	1	1.62e-137	484
HMPREF0351_RS13480	39	100.000	554	0	0	356	909	812	259	0.0	1024
HMPREF0351_RS13505	44	98.462	260	4	0	2	261	411	152	4.53e-130	459
HMPREF0351_RS13505	38	95.019	261	13	0	1	261	1390	1130	1.29e-115	411
HMPREF0351_RS13510	38	99.729	738	2	0	1	738	2297	1560	0.0	1352
HMPREF0351_RS13515	38	100.000	84	0	0	1	84	2505	2422	1.79e-39	156
HMPREF0351_RS13520	51	100.000	135	0	0	33	167	135	1	3.06e-67	250
HMPREF0351_RS13520	38	97.087	103	1	1	168	270	2626	2526	6.82e-44	172
HMPREF0351_RS13520	38	100.000	31	0	0	1	31	32	2	1.99e-09	58.4
HMPREF0351_RS13520	44	100.000	32	0	0	1	32	32	1	5.54e-10	60.2
HMPREF0351_RS13525	44	98.413	189	3	0	1	189	340	152	2.01e-92	333
HMPREF0351_RS13530	2	98.385	681	11	0	1	681	82882	83562	0.0	1197
HMPREF0351_RS13530	47	99.732	373	1	0	32	404	373	1	0.0	684
HMPREF0351_RS13530	23	99.639	277	1	0	405	681	1	277	4.36e-144	507
HMPREF0351_RS13530	44	98.106	264	5	0	418	681	1000	737	3.44e-130	460
HMPREF0351_RS13530	53	100.000	29	0	0	2	30	76	104	6.82e-08	54.7
HMPREF0351_RS13560	2	98.238	681	12	0	1	681	82882	83562	0.0	1192
HMPREF0351_RS13560	47	99.464	373	2	0	32	404	373	1	0.0	678
HMPREF0351_RS13560	23	99.639	277	1	0	405	681	1	277	4.36e-144	507
HMPREF0351_RS13560	44	98.106	264	5	0	418	681	1000	737	3.44e-130	460
HMPREF0351_RS13560	53	100.000	29	0	0	2	30	76	104	6.82e-08	54.7
HMPREF0351_RS13600	22	83.788	586	95	0	8	593	23084	23669	3.84e-159	556
HMPREF0351_RS13630	2	98.385	681	11	0	1	681	82882	83562	0.0	1197
HMPREF0351_RS13630	47	99.732	373	1	0	32	404	373	1	0.0	684
HMPREF0351_RS13630	23	99.639	277	1	0	405	681	1	277	4.36e-144	507
HMPREF0351_RS13630	44	98.106	264	5	0	418	681	1000	737	3.44e-130	460
HMPREF0351_RS13630	53	100.000	29	0	0	2	30	76	104	6.82e-08	54.7
HMPREF0351_RS13635	39	100.000	208	0	0	1	208	1017	810	8.44e-108	385
HMPREF0351_RS13640	39	100.000	189	0	0	1	189	997	1185	1.99e-97	350
HMPREF0351_RS13645	39	100.000	795	0	0	1	795	2087	1293	0.0	1469
HMPREF0351_RS13815	31	86.658	757	101	0	423	1179	6131	5375	0.0	839
HMPREF0351_RS13850	31	97.619	42	1	0	172	213	1684	1725	5.52e-14	73.1
HMPREF0351_RS13855	31	99.405	336	2	0	1	336	2365	2030	3.23e-175	610
HMPREF0351_RS13855	31	98.328	299	3	1	383	681	2034	1738	4.33e-149	523
HMPREF0351_RS13930	2	100.000	35	0	0	794	828	83619	83585	3.86e-11	65.8
HMPREF0351_RS13930	44	100.000	33	0	0	796	828	682	714	4.99e-10	62.1
HMPREF0351_RS13930	23	100.000	32	0	0	797	828	331	300	1.79e-09	60.2
HMPREF0351_RS13935	2	97.661	684	13	1	1	684	82882	83562	0.0	1171
HMPREF0351_RS13935	47	99.464	373	2	0	32	404	373	1	0.0	678
HMPREF0351_RS13935	23	98.214	280	2	1	405	684	1	277	5.70e-138	486
HMPREF0351_RS13935	44	96.629	267	6	1	418	684	1000	737	4.50e-124	440
HMPREF0351_RS13935	53	100.000	29	0	0	2	30	76	104	6.85e-08	54.7
HMPREF0351_RS13995	2	97.944	681	14	0	1	681	82882	83562	0.0	1181
HMPREF0351_RS13995	47	99.196	373	3	0	32	404	373	1	0.0	673
HMPREF0351_RS13995	23	99.278	277	2	0	405	681	1	277	2.03e-142	501
HMPREF0351_RS13995	44	97.727	264	6	0	418	681	1000	737	1.60e-128	455
HMPREF0351_RS13995	53	100.000	29	0	0	2	30	76	104	6.82e-08	54.7
HMPREF0351_RS14025	2	97.504	681	17	0	1	681	82882	83562	0.0	1164
HMPREF0351_RS14025	47	98.660	373	5	0	32	404	373	1	0.0	662
HMPREF0351_RS14025	23	99.278	277	2	0	405	681	1	277	2.03e-142	501
HMPREF0351_RS14025	44	97.727	264	6	0	418	681	1000	737	1.60e-128	455
HMPREF0351_RS14065	2	98.091	681	13	0	1	681	82882	83562	0.0	1186
HMPREF0351_RS14065	47	99.464	373	2	0	32	404	373	1	0.0	678
HMPREF0351_RS14065	23	99.639	277	1	0	405	681	1	277	4.36e-144	507
HMPREF0351_RS14065	44	98.106	264	5	0	418	681	1000	737	3.44e-130	460
HMPREF0351_RS14085	35	95.056	1072	49	3	228	1299	3156	2089	0.0	1683
HMPREF0351_RS14100	43	98.958	960	10	0	1	960	97	1056	0.0	1718
HMPREF0351_RS14110	21	99.398	1163	7	0	1	1163	21773	22935	0.0	2109
HMPREF0351_RS14120	21	99.573	1170	5	0	1	1170	26692	27861	0.0	2134
HMPREF0351_RS14125	21	99.764	846	2	0	1	846	26438	25593	0.0	1552
HMPREF0351_RS14130	21	100.000	828	0	0	1	828	25581	24754	0.0	1530
HMPREF0351_RS14135	21	99.764	849	2	0	1	849	24739	23891	0.0	1557
HMPREF0351_RS14140	21	99.495	396	2	0	1	396	23878	23483	0.0	721
HMPREF0351_RS14190	21	94.664	1293	69	0	1	1293	20634	19342	0.0	2006
HMPREF0351_RS14230	35	95.705	1071	42	4	228	1297	3156	2089	0.0	1720
HMPREF0351_RS14330	21	100.000	237	0	0	1	237	21144	20908	5.31e-124	438
HMPREF0351_RS14335	31	86.394	757	102	1	423	1178	6131	5375	0.0	826
HMPREF0351_RS14340	21	100.000	39	0	0	1282	1320	28224	28186	3.71e-13	73.1
HMPREF0351_RS14345	35	100.000	566	0	0	1	566	3513	4078	0.0	1046
HMPREF0351_RS14350	35	98.824	85	1	0	1	85	3241	3157	4.47e-37	152
HMPREF0351_RS14355	9	80.039	1538	296	10	33	1566	82096	83626	0.0	1129
HMPREF0351_RS14410	35	98.824	85	1	0	1	85	3241	3157	4.47e-37	152
HMPREF0351_RS14470	21	89.426	1097	116	0	1	1097	20634	19538	0.0	1384
HMPREF0351_RS14475	35	99.927	1377	1	0	1	1377	582	1958	0.0	2538
HMPREF0351_RS14480	35	100.000	582	0	0	76	657	1	582	0.0	1075
HMPREF0351_RS14485	27	99.757	1237	3	0	1	1237	12696	13932	0.0	2268
HMPREF0351_RS14490	27	98.969	97	1	0	60	156	12581	12677	1.04e-44	174
HMPREF0351_RS14500	27	96.581	351	1	1	1	340	12024	12374	9.66e-164	571
HMPREF0351_RS14500	21	99.000	100	1	0	340	439	21579	21678	6.84e-46	180
HMPREF0351_RS14505	27	97.606	543	2	1	1	543	11337	11868	0.0	920
HMPREF0351_RS14515	31	87.629	194	24	0	23	216	5568	5375	4.06e-60	226
HMPREF0351_RS14555	21	99.398	1163	7	0	1	1163	21773	22935	0.0	2109
HMPREF0351_RS14565	35	95.697	1069	45	1	228	1296	3156	2089	0.0	1718
HMPREF0351_RS14575	22	81.987	1510	258	14	1	1503	19850	18348	0.0	1269
HMPREF0351_RS14580	22	80.615	650	120	6	37	683	20514	19868	2.66e-141	497
HMPREF0351_RS14585	22	82.339	821	141	4	1	819	20706	21524	0.0	710
HMPREF0351_RS14785	2	97.515	684	14	1	1	684	82882	83562	0.0	1166
HMPREF0351_RS14785	47	98.928	373	4	0	32	404	373	1	0.0	667
HMPREF0351_RS14785	23	98.214	280	2	1	405	684	1	277	5.70e-138	486
HMPREF0351_RS14785	44	97.378	267	4	1	418	684	1000	737	2.08e-127	451
HMPREF0351_RS14800	42	75.746	503	116	4	752	1251	640	141	5.44e-66	248
FA04_RS25220	36	81.986	1027	164	16	1687	2698	1346	326	0.0	852
FA04_RS25220	36	73.754	1063	221	52	404	1439	2723	1692	1.17e-100	364
FA04_RS25225	46	92.424	66	5	0	8	73	591	526	3.48e-21	95.3
FA04_RS25225	19	92.424	66	5	0	8	73	254	319	3.48e-21	95.3
FA04_RS25230	6	90.323	62	6	0	1	62	154793	154732	2.76e-17	82.4
FA04_RS25230	6	90.323	62	6	0	1	62	155460	155399	2.76e-17	82.4
FA04_RS25235	41	82.957	1062	160	16	440	1491	1113	63	0.0	939
FA04_RS33040	36	81.986	1027	164	16	1687	2698	1346	326	0.0	852
FA04_RS33040	36	73.754	1063	221	52	404	1439	2723	1692	1.17e-100	364
FA04_RS33045	46	92.424	66	5	0	8	73	591	526	3.48e-21	95.3
FA04_RS33045	19	92.424	66	5	0	8	73	254	319	3.48e-21	95.3
FA04_RS33050	6	90.323	62	6	0	1	62	154793	154732	2.76e-17	82.4
FA04_RS33050	6	90.323	62	6	0	1	62	155460	155399	2.76e-17	82.4
FA04_RS33055	41	82.957	1062	160	16	440	1491	1113	63	0.0	939
AMK58_RS18705	36	80.648	1018	169	22	1637	2637	1345	339	0.0	763
AMK58_RS18705	36	76.443	1057	209	33	355	1394	2719	1686	2.30e-152	536
AMK58_RS18720	41	81.264	1329	203	28	214	1507	1378	61	0.0	1033
AMK58_RS20615	36	80.648	1018	169	22	1637	2637	1345	339	0.0	763
AMK58_RS20615	36	76.443	1057	209	33	355	1394	2719	1686	2.30e-152	536
AMK58_RS20620	41	81.180	1339	205	29	191	1494	1387	61	0.0	1033
AMK58_RS21495	41	81.105	1339	206	29	191	1494	1387	61	0.0	1027
AMK58_RS21510	36	80.648	1018	169	22	1637	2637	1345	339	0.0	763
AMK58_RS21510	36	76.443	1057	209	33	355	1394	2719	1686	2.30e-152	536
AMK58_RS22240	41	81.161	1327	206	26	214	1506	1378	62	0.0	1026
AMK58_RS22255	36	80.648	1018	169	22	1637	2637	1345	339	0.0	763
AMK58_RS22255	36	76.443	1057	209	33	355	1394	2719	1686	2.30e-152	536
AMK58_RS23385	36	80.471	1019	169	24	1637	2637	1345	339	0.0	752
AMK58_RS23385	36	76.443	1057	209	33	355	1394	2719	1686	2.30e-152	536
AMK58_RS23400	41	81.161	1327	206	26	214	1506	1378	62	0.0	1026
AMK58_RS25180	36	80.471	1019	169	24	1637	2637	1345	339	0.0	752
AMK58_RS25180	36	76.465	1058	207	34	355	1394	2719	1686	2.30e-152	536
AMK58_RS25195	41	81.180	1339	205	29	191	1494	1387	61	0.0	1033
AMK58_RS26725	41	81.175	1328	206	26	214	1507	1378	61	0.0	1027
AMK58_RS26740	36	80.648	1018	169	22	1637	2637	1345	339	0.0	763
AMK58_RS26740	36	76.443	1057	209	33	355	1394	2719	1686	2.30e-152	536
AMK58_RS27525	36	80.373	1019	170	24	1637	2637	1345	339	0.0	747
AMK58_RS27525	36	76.443	1057	209	33	355	1394	2719	1686	2.30e-152	536
AMK58_RS27540	41	81.175	1328	206	26	214	1507	1378	61	0.0	1027
UP17_RS25820	41	90.979	1563	119	17	5	1551	1622	66	0.0	2085
UP17_RS25825	36	87.980	2945	311	31	2	2935	3127	215	0.0	3437
CJD42_RS08975	39	100.000	795	0	0	1	795	2087	1293	0.0	1469
YSS_RS09840	39	100.000	494	0	0	128	621	752	259	0.0	913
YSS_RS09845	39	100.000	281	0	0	263	543	2460	2180	4.43e-148	520
YSS_RS09845	39	100.000	262	0	0	1	262	262	1	1.62e-137	484
YSS_RS09850	39	100.000	795	0	0	1	795	2087	1293	0.0	1469
OV14_RS28870	36	81.986	1027	164	16	1687	2698	1346	326	0.0	852
OV14_RS28870	36	73.966	1064	217	53	404	1439	2723	1692	5.41e-104	375
OV14_RS28875	46	92.424	66	5	0	8	73	591	526	3.48e-21	95.3
OV14_RS28875	19	92.424	66	5	0	8	73	254	319	3.48e-21	95.3
OV14_RS28880	6	90.323	62	6	0	1	62	154793	154732	2.76e-17	82.4
OV14_RS28880	6	90.323	62	6	0	1	62	155460	155399	2.76e-17	82.4
OV14_RS28885	41	83.019	1060	163	14	440	1491	1113	63	0.0	944
GTP13_RS30500	8	99.242	264	2	0	1	264	33385	33648	1.27e-135	477
GTP13_RS30505	8	99.145	117	1	0	1	117	33893	34009	5.69e-56	211
GTP13_RS30510	8	94.271	1920	110	0	1	1920	34025	35944	0.0	2937
EMQU_RS14640	22	86.027	594	83	0	3	596	23079	23672	0.0	638
EMQU_RS16565	24	88.968	281	31	0	2	282	2289	2009	1.11e-96	348
EMQU_RS15115	22	86.942	582	76	0	3	584	23079	23660	0.0	654
EMQU_RS15210	24	95.299	1319	62	0	2	1320	2289	971	0.0	2093
EMQU_RS15240	24	94.845	1319	68	0	2	1320	2289	971	0.0	2060
EMQU_RS15550	24	95.072	1319	65	0	2	1320	2289	971	0.0	2076
EMQU_RS16585	24	96.855	477	13	2	1	475	1447	971	0.0	797
LACPI_RS11725	31	99.405	336	2	0	1	336	2365	2030	3.23e-175	610
LACPI_RS11725	31	98.649	296	2	1	386	681	2031	1738	4.33e-149	523
LACPI_RS11930	31	99.702	336	1	0	1	336	2365	2030	6.94e-177	616
LACPI_RS11930	31	98.311	296	3	1	386	681	2031	1738	2.01e-147	518
LACPI_RS12045	2	98.091	681	13	0	1	681	82882	83562	0.0	1186
LACPI_RS12045	47	99.732	373	1	0	32	404	373	1	0.0	684
LACPI_RS12045	23	98.917	277	3	0	405	681	1	277	9.43e-141	496
LACPI_RS12045	44	97.348	264	7	0	418	681	1000	737	7.45e-127	449
LACPI_RS12045	53	100.000	29	0	0	2	30	76	104	6.82e-08	54.7
LACPI_RS12095	2	98.825	681	8	0	1	681	82882	83562	0.0	1214
LACPI_RS12095	47	99.732	373	1	0	32	404	373	1	0.0	684
LACPI_RS12095	23	98.556	277	4	0	405	681	1	277	4.39e-139	490
LACPI_RS12095	44	99.242	264	2	0	418	681	1000	737	3.42e-135	477
LACPI_RS12095	53	100.000	29	0	0	2	30	76	104	6.82e-08	54.7
LACPI_RS12605	31	100.000	37	0	0	377	413	2438	2402	1.45e-12	69.4
LACPI_RS12220	31	99.405	336	2	0	1	336	2365	2030	3.23e-175	610
LACPI_RS12220	31	98.328	299	3	1	383	681	2034	1738	4.33e-149	523
LACPI_RS12230	31	99.405	336	2	0	1	336	2365	2030	3.23e-175	610
LACPI_RS12230	31	97.973	296	4	1	386	681	2031	1738	9.37e-146	512
FIU66_RS14165	41	79.803	1322	205	35	201	1467	1378	64	0.0	905
FIU66_RS14170	6	92.857	56	4	0	8	63	154786	154731	2.76e-17	82.4
FIU66_RS14170	6	92.857	56	4	0	8	63	155453	155398	2.76e-17	82.4
FIU66_RS14180	36	79.704	1015	181	19	1729	2726	1345	339	0.0	710
FIU66_RS14180	36	75.132	756	154	33	397	1135	2718	1980	2.02e-88	324
C5F72_RS25760	8	96.552	87	3	0	1	87	33923	34009	4.06e-36	145
C5F72_RS25765	8	94.896	1920	98	0	1	1920	34025	35944	0.0	3003
C5F72_RS25770	8	88.623	167	19	0	2	168	36068	36234	1.44e-53	204
C5F72_RS25775	8	100.000	63	0	0	1	63	36356	36294	5.86e-28	117
F6447_RS13370	21	98.796	1163	14	0	1	1163	21773	22935	0.0	2071
F6447_RS13505	22	82.339	821	141	4	1	819	20706	21524	0.0	710
F6447_RS13510	22	80.615	650	120	6	37	683	20514	19868	2.66e-141	497
F6447_RS13515	22	81.921	1510	259	14	1	1503	19850	18348	0.0	1264
F6447_RS13525	21	99.484	1163	6	0	1	1163	21773	22935	0.0	2115
F6447_RS13670	31	99.107	336	3	0	1	336	2365	2030	1.50e-173	604
F6447_RS13670	31	98.328	299	3	1	383	681	2034	1738	4.33e-149	523
F6447_RS13790	21	99.398	1163	7	0	1	1163	21773	22935	0.0	2109
F6447_RS13925	2	94.737	684	32	2	1	683	82882	83562	0.0	1061
F6447_RS13925	47	95.442	373	16	1	32	403	373	1	3.26e-170	593
F6447_RS13925	23	96.786	280	6	1	404	683	1	277	2.67e-131	464
F6447_RS13925	44	95.131	267	10	1	417	683	1000	737	2.11e-117	418
F6447_RS13980	2	97.748	666	15	0	1	666	82882	83547	0.0	1147
F6447_RS13980	47	99.732	373	1	0	32	404	373	1	0.0	684
F6447_RS13980	23	97.710	262	6	0	405	666	1	262	2.03e-127	451
F6447_RS13980	44	96.032	252	10	0	418	669	1000	749	3.45e-115	411
F6447_RS13980	53	100.000	29	0	0	2	30	76	104	6.70e-08	54.7
F6447_RS13985	39	100.000	208	0	0	1	208	1017	810	1.32e-107	385
F6447_RS13990	39	100.000	178	0	0	1	178	997	1174	2.69e-91	329
F6447_RS14010	38	99.593	738	3	0	1	738	2297	1560	0.0	1347
F6447_RS14015	38	100.000	84	0	0	1	84	2505	2422	1.79e-39	156
F6447_RS14020	38	100.000	101	0	0	12	112	2626	2526	9.10e-49	187
F6447_RS14025	39	100.000	795	0	0	1	795	2087	1293	0.0	1469
F6447_RS14030	39	100.000	281	0	0	263	543	2460	2180	4.43e-148	520
F6447_RS14030	39	100.000	262	0	0	1	262	262	1	1.62e-137	484
F6447_RS14035	39	100.000	554	0	0	356	909	812	259	0.0	1024
F6447_RS14110	2	98.385	681	11	0	1	681	82882	83562	0.0	1197
F6447_RS14110	47	99.732	373	1	0	32	404	373	1	0.0	684
F6447_RS14110	23	99.639	277	1	0	405	681	1	277	4.36e-144	507
F6447_RS14110	44	98.106	264	5	0	418	681	1000	737	3.44e-130	460
F6447_RS14110	53	100.000	29	0	0	2	30	76	104	6.82e-08	54.7
F6447_RS14485	31	86.658	757	101	0	423	1179	6131	5375	0.0	839
HC353_RS12905	21	99.140	1163	10	0	1	1163	21773	22935	0.0	2093
HC353_RS12970	43	98.750	960	12	0	1	960	97	1056	0.0	1707
HC353_RS12975	31	99.604	758	3	0	428	1185	6132	5375	0.0	1384
HC353_RS12975	31	97.015	134	3	1	226	358	6261	6128	8.67e-59	224
HC353_RS12975	27	85.132	834	104	15	1	827	10627	9807	0.0	835
HC353_RS12975	21	100.000	65	0	0	1	65	21464	21400	1.17e-27	121
HC353_RS13015	21	99.054	1163	11	0	1	1163	21773	22935	0.0	2087
HC353_RS13390	2	98.238	681	12	0	1	681	82882	83562	0.0	1192
HC353_RS13390	47	99.732	373	1	0	32	404	373	1	0.0	684
HC353_RS13390	23	99.278	277	2	0	405	681	1	277	2.03e-142	501
HC353_RS13390	44	97.727	264	6	0	418	681	1000	737	1.60e-128	455
HC353_RS13390	53	100.000	29	0	0	2	30	76	104	6.82e-08	54.7
HC353_RS13395	31	99.075	757	7	0	123	879	6131	5375	0.0	1360
HC353_RS13395	31	100.000	58	0	0	1	58	6185	6128	6.72e-24	108
HC353_RS13395	27	77.505	529	103	13	1	521	10327	9807	7.98e-83	303
HC353_RS13400	31	100.000	1038	0	0	1	1038	4033	5070	0.0	1917
HC353_RS13405	31	99.681	939	3	0	1	939	3069	4007	0.0	1718
HC353_RS13410	31	95.700	721	29	2	207	926	6131	5412	0.0	1158
HC353_RS13410	31	100.000	142	0	0	1	142	6269	6128	1.51e-70	263
HC353_RS13410	27	79.504	605	107	14	9	605	10402	9807	3.93e-116	414
HC353_RS13410	27	88.000	250	28	2	727	975	9685	9437	5.34e-80	294
HC353_RS13505	53	100.000	47	0	0	419	465	1	47	4.53e-18	87.9
HC353_RS13505	2	96.296	54	1	1	412	465	82802	82854	4.53e-18	87.9
HC353_RS13510	2	97.944	681	14	0	1	681	82882	83562	0.0	1181
HC353_RS13510	47	99.196	373	3	0	32	404	373	1	0.0	673
HC353_RS13510	23	99.278	277	2	0	405	681	1	277	2.03e-142	501
HC353_RS13510	44	97.727	264	6	0	418	681	1000	737	1.60e-128	455
HC353_RS13510	53	100.000	29	0	0	2	30	76	104	6.82e-08	54.7
HC353_RS13575	28	99.495	198	0	1	1096	1292	3390	3587	2.49e-99	359
HC353_RS13595	31	99.107	336	3	0	1	336	2365	2030	1.38e-173	604
HC353_RS13595	31	99.184	245	2	0	383	627	2034	1790	1.14e-124	442
HC354_RS12885	28	99.495	198	0	1	1096	1292	3390	3587	2.49e-99	359
HC354_RS12905	31	99.107	336	3	0	1	336	2365	2030	1.50e-173	604
HC354_RS12905	31	97.993	299	4	1	383	681	2034	1738	2.01e-147	518
HC354_RS12940	21	99.140	1163	10	0	1	1163	21773	22935	0.0	2093
HC354_RS13005	43	98.750	960	12	0	1	960	97	1056	0.0	1707
HC354_RS13010	31	99.604	758	3	0	428	1185	6132	5375	0.0	1384
HC354_RS13010	31	97.015	134	3	1	226	358	6261	6128	8.67e-59	224
HC354_RS13010	27	85.132	834	104	15	1	827	10627	9807	0.0	835
HC354_RS13010	21	100.000	65	0	0	1	65	21464	21400	1.17e-27	121
HC354_RS13050	21	99.054	1163	11	0	1	1163	21773	22935	0.0	2087
HC354_RS13425	2	98.238	681	12	0	1	681	82882	83562	0.0	1192
HC354_RS13425	47	99.732	373	1	0	32	404	373	1	0.0	684
HC354_RS13425	23	99.278	277	2	0	405	681	1	277	2.03e-142	501
HC354_RS13425	44	97.727	264	6	0	418	681	1000	737	1.60e-128	455
HC354_RS13425	53	100.000	29	0	0	2	30	76	104	6.82e-08	54.7
HC354_RS13430	31	99.075	757	7	0	123	879	6131	5375	0.0	1360
HC354_RS13430	31	100.000	58	0	0	1	58	6185	6128	6.72e-24	108
HC354_RS13430	27	77.505	529	103	13	1	521	10327	9807	7.98e-83	303
HC354_RS13435	31	100.000	1038	0	0	1	1038	4033	5070	0.0	1917
HC354_RS13440	31	99.681	939	3	0	1	939	3069	4007	0.0	1718
HC354_RS13445	31	95.700	721	29	2	207	926	6131	5412	0.0	1158
HC354_RS13445	31	100.000	142	0	0	1	142	6269	6128	1.51e-70	263
HC354_RS13445	27	79.504	605	107	14	9	605	10402	9807	3.93e-116	414
HC354_RS13445	27	88.000	250	28	2	727	975	9685	9437	5.34e-80	294
HC354_RS13540	53	100.000	47	0	0	419	465	1	47	4.53e-18	87.9
HC354_RS13540	2	96.296	54	1	1	412	465	82802	82854	4.53e-18	87.9
HC354_RS13545	2	97.944	681	14	0	1	681	82882	83562	0.0	1181
HC354_RS13545	47	99.196	373	3	0	32	404	373	1	0.0	673
HC354_RS13545	23	99.278	277	2	0	405	681	1	277	2.03e-142	501
HC354_RS13545	44	97.727	264	6	0	418	681	1000	737	1.60e-128	455
HC354_RS13545	53	100.000	29	0	0	2	30	76	104	6.82e-08	54.7
HEC89_RS24510	38	97.222	72	2	0	25	96	2493	2422	2.16e-29	122
HEC89_RS24515	38	99.729	738	2	0	1	738	2297	1560	0.0	1352
HEC82_RS23860	8	99.383	324	2	0	1	324	33325	33648	6.96e-169	588
HEC82_RS23865	8	99.145	117	1	0	1	117	33893	34009	5.69e-56	211
HEC82_RS23870	8	94.271	1920	110	0	1	1920	34025	35944	0.0	2937
HEC90_RS24060	8	94.323	1920	109	0	1	1920	34025	35944	0.0	2942
HEC90_RS24065	8	99.145	117	1	0	1	117	33893	34009	5.69e-56	211
HEC90_RS24070	8	99.383	324	2	0	1	324	33325	33648	6.96e-169	588
HEC78_RS23780	8	94.271	1920	110	0	1	1920	34025	35944	0.0	2937
HEC78_RS23785	8	99.145	117	1	0	1	117	33893	34009	5.69e-56	211
HEC78_RS23790	8	99.383	324	2	0	1	324	33325	33648	6.96e-169	588
GU336_RS12840	31	99.702	336	1	0	1	336	2365	2030	6.94e-177	616
GU336_RS12840	31	98.649	296	2	1	386	681	2031	1738	4.33e-149	523
GU336_RS12905	2	100.000	64	0	0	1	64	82870	82807	1.10e-27	119
GU336_RS12905	53	100.000	63	0	0	1	63	63	1	3.95e-27	117
GU336_RS12910	2	83.994	681	99	10	1	676	82882	83557	0.0	645
GU336_RS12910	31	98.662	299	2	1	383	681	2034	1738	9.30e-151	529
GU336_RS12910	31	88.988	336	37	0	1	336	2365	2030	7.55e-117	416
GU336_RS12910	47	91.925	322	25	1	32	352	373	52	7.45e-127	449
GU336_RS12910	53	100.000	29	0	0	2	30	76	104	6.82e-08	54.7
GU336_RS12980	2	97.504	681	17	0	1	681	82882	83562	0.0	1164
GU336_RS12980	47	97.855	373	8	0	32	404	373	1	0.0	645
GU336_RS12980	23	99.278	277	2	0	405	681	1	277	2.03e-142	501
GU336_RS12980	44	98.485	264	4	0	418	681	1000	737	7.40e-132	466
GU336_RS12980	53	100.000	29	0	0	2	30	76	104	6.82e-08	54.7
GU336_RS12990	31	97.826	276	4	1	1	276	2011	1738	4.76e-135	475
GU337_RS12100	31	86.102	295	39	1	387	681	2030	1738	7.88e-87	316
GU337_RS12130	31	100.000	72	0	0	1	72	2436	2365	6.85e-33	134
GU337_RS12135	31	99.702	336	1	0	1	336	2365	2030	6.94e-177	616
GU337_RS12135	31	98.649	296	2	1	386	681	2031	1738	4.33e-149	523
GU337_RS12175	31	90.179	336	33	0	1	336	2365	2030	1.61e-123	438
GU337_RS12180	31	99.702	336	1	0	1	336	2365	2030	6.94e-177	616
GU337_RS12180	31	98.986	296	1	1	386	681	2031	1738	9.30e-151	529
GU334_RS11675	31	94.828	58	3	0	147	204	1684	1741	1.45e-19	91.6
GU334_RS11740	23	97.872	141	3	0	1	141	137	277	6.93e-66	244
GU334_RS11740	44	97.163	141	4	0	1	141	877	737	3.22e-64	239
GU334_RS11740	2	97.163	141	4	0	1	141	83422	83562	3.22e-64	239
GU334_RS11750	31	98.649	296	2	1	257	552	2031	1738	3.49e-149	523
GU334_RS11750	31	99.505	202	1	0	6	207	2231	2030	1.73e-102	368
GU334_RS11780	2	92.070	681	54	0	1	681	82882	83562	0.0	959
GU334_RS11780	23	99.278	277	2	0	405	681	1	277	2.03e-142	501
GU334_RS11780	47	89.757	371	38	0	34	404	371	1	1.23e-134	475
GU334_RS11780	44	98.485	264	4	0	418	681	1000	737	7.40e-132	466
GU334_RS11800	31	99.702	336	1	0	1	336	2365	2030	6.94e-177	616
GU334_RS11800	31	98.649	296	2	1	386	681	2031	1738	4.33e-149	523
GU333_RS11580	31	99.405	336	2	0	1	336	2365	2030	3.23e-175	610
GU333_RS11580	31	98.649	296	2	1	386	681	2031	1738	4.33e-149	523
GU333_RS11700	31	99.702	336	1	0	1	336	2365	2030	6.94e-177	616
GU333_RS11700	31	98.649	296	2	1	386	681	2031	1738	4.33e-149	523
GU333_RS11825	31	88.550	262	28	1	1	262	2002	1743	2.94e-87	316
GU333_RS11830	31	90.448	335	32	0	1	335	2365	2031	1.25e-124	442
GU333_RS11850	31	90.448	335	32	0	1	335	2365	2031	1.25e-124	442
G3T49_RS08410	39	100.000	190	0	0	78	267	996	1185	8.07e-98	351
G3T49_RS08415	39	100.000	795	0	0	1	795	2087	1293	0.0	1469
G3T49_RS08670	39	100.000	795	0	0	1	795	2087	1293	0.0	1469
E2L09_RS12855	21	99.312	1163	8	0	1	1163	21773	22935	0.0	2104
E2L09_RS12900	2	98.238	681	12	0	1	681	82882	83562	0.0	1192
E2L09_RS12900	47	99.464	373	2	0	32	404	373	1	0.0	678
E2L09_RS12900	23	99.639	277	1	0	405	681	1	277	4.36e-144	507
E2L09_RS12900	44	98.106	264	5	0	418	681	1000	737	3.44e-130	460
E2L09_RS12900	53	100.000	29	0	0	2	30	76	104	6.82e-08	54.7
E2L09_RS12905	53	100.000	47	0	0	476	522	1	47	5.11e-18	87.9
E2L09_RS12905	2	100.000	47	0	0	476	522	82808	82854	5.11e-18	87.9
E2L09_RS13195	2	98.678	681	9	0	1	681	82882	83562	0.0	1208
E2L09_RS13195	47	99.732	373	1	0	32	404	373	1	0.0	684
E2L09_RS13195	23	98.917	277	3	0	405	681	1	277	9.43e-141	496
E2L09_RS13195	44	98.864	264	3	0	418	681	1000	737	1.59e-133	472
E2L09_RS13195	53	100.000	29	0	0	2	30	76	104	6.82e-08	54.7
E2L09_RS13260	38	92.308	52	4	0	1	52	1407	1458	4.24e-14	75.0
E2L09_RS13260	38	86.792	53	7	0	3	55	1441	1389	1.19e-09	60.2
E2L09_RS13275	38	99.864	738	1	0	1	738	2297	1560	0.0	1358
E2L09_RS13280	38	98.810	84	1	0	1	84	2505	2422	8.34e-38	150
E2L09_RS13290	2	99.706	681	2	0	1	681	82882	83562	0.0	1247
E2L09_RS13290	47	99.464	373	2	0	32	404	373	1	0.0	678
E2L09_RS13290	44	100.000	277	0	0	405	681	1013	737	9.37e-146	512
E2L09_RS13290	23	96.377	276	10	0	406	681	2	277	1.60e-128	455
E2L09_RS13290	53	100.000	29	0	0	2	30	76	104	6.82e-08	54.7
E2L09_RS13295	21	99.630	270	1	0	1	270	22666	22935	1.28e-140	494
E2L09_RS13340	31	99.107	336	3	0	1	336	2365	2030	1.50e-173	604
E2L09_RS13340	31	97.993	299	4	1	383	681	2034	1738	2.01e-147	518
E2L09_RS13375	31	98.810	336	4	0	1	336	2365	2030	7.94e-172	599
E2L09_RS13375	31	99.342	152	1	0	383	534	2034	1883	1.52e-74	276
E2L09_RS13385	8	96.458	1920	68	0	1	1920	34025	35944	0.0	3169
E2L09_RS13415	2	98.262	633	11	0	31	663	82930	83562	0.0	1109
E2L09_RS13415	2	100.000	30	0	0	1	30	83587	83616	1.85e-08	56.5
E2L09_RS13415	47	99.719	356	1	0	31	386	356	1	0.0	652
E2L09_RS13415	23	99.639	277	1	0	387	663	1	277	4.24e-144	507
E2L09_RS13415	23	100.000	31	0	0	1	31	302	332	5.13e-09	58.4
E2L09_RS13415	44	98.106	264	5	0	400	663	1000	737	3.35e-130	460
E2L09_RS13415	44	100.000	30	0	0	1	30	712	683	1.85e-08	56.5
E2L09_RS13420	2	98.825	681	8	0	1	681	82882	83562	0.0	1214
E2L09_RS13420	47	99.732	373	1	0	32	404	373	1	0.0	684
E2L09_RS13420	23	98.556	277	4	0	405	681	1	277	4.39e-139	490
E2L09_RS13420	44	99.242	264	2	0	418	681	1000	737	3.42e-135	477
E2L09_RS13420	53	100.000	29	0	0	2	30	76	104	6.82e-08	54.7
E2L09_RS13450	23	100.000	52	0	0	1	52	281	332	8.65e-21	97.1
E2L09_RS13450	44	100.000	51	0	0	1	51	733	683	3.11e-20	95.3
E2L09_RS13450	2	92.537	67	4	1	1	66	83566	83632	3.11e-20	95.3
E2L09_RS13455	2	98.639	588	8	0	1	588	82975	83562	0.0	1042
E2L09_RS13455	47	99.678	311	1	0	1	311	311	1	4.71e-163	569
E2L09_RS13455	23	98.556	277	4	0	312	588	1	277	3.78e-139	490
E2L09_RS13455	44	99.242	264	2	0	325	588	1000	737	2.94e-135	477
E2L09_RS13470	38	99.864	738	1	0	1	738	2297	1560	0.0	1358
E2L09_RS13475	38	98.810	84	1	0	1	84	2505	2422	8.34e-38	150
E2L09_RS13480	2	100.000	99	0	0	1	99	82882	82980	1.01e-47	183
E2L09_RS13480	47	100.000	68	0	0	32	99	373	306	1.73e-30	126
E2L09_RS13480	53	100.000	29	0	0	2	30	76	104	8.28e-09	54.7
E2L09_RS13490	2	98.825	681	8	0	1	681	82882	83562	0.0	1214
E2L09_RS13490	47	99.732	373	1	0	32	404	373	1	0.0	684
E2L09_RS13490	23	98.556	277	4	0	405	681	1	277	4.39e-139	490
E2L09_RS13490	44	99.242	264	2	0	418	681	1000	737	3.42e-135	477
E2L09_RS13490	53	100.000	29	0	0	2	30	76	104	6.82e-08	54.7
E2L09_RS13495	2	100.000	56	0	0	1	56	82882	82937	5.07e-24	104
E2L09_RS13495	53	100.000	29	0	0	2	30	76	104	5.18e-09	54.7
E2L09_RS13530	2	98.385	681	11	0	1	681	82882	83562	0.0	1197
E2L09_RS13530	47	99.732	373	1	0	32	404	373	1	0.0	684
E2L09_RS13530	23	99.639	277	1	0	405	681	1	277	4.36e-144	507
E2L09_RS13530	44	98.106	264	5	0	418	681	1000	737	3.44e-130	460
E2L09_RS13530	53	100.000	29	0	0	2	30	76	104	6.82e-08	54.7
E2L09_RS13550	2	98.094	682	12	1	1	682	82882	83562	0.0	1186
E2L09_RS13550	47	99.198	374	2	1	32	405	373	1	0.0	673
E2L09_RS13550	23	99.639	277	1	0	406	682	1	277	4.36e-144	507
E2L09_RS13550	44	98.106	264	5	0	419	682	1000	737	3.45e-130	460
E2L09_RS13550	53	100.000	29	0	0	2	30	76	104	6.83e-08	54.7
E2L09_RS13555	8	100.000	671	0	0	44	714	32049	32719	0.0	1240
E2L09_RS13555	53	100.000	43	0	0	1	43	43	1	1.18e-15	80.5
E2L09_RS13555	2	100.000	43	0	0	1	43	82850	82808	1.18e-15	80.5
E2L09_RS13560	8	99.786	933	2	0	1	933	32716	33648	0.0	1712
E2L09_RS13565	8	99.145	117	1	0	1	117	33893	34009	5.69e-56	211
G3T47_RS08950	2	98.385	681	11	0	1	681	82882	83562	0.0	1197
G3T47_RS08950	47	99.732	373	1	0	32	404	373	1	0.0	684
G3T47_RS08950	23	99.639	277	1	0	405	681	1	277	4.36e-144	507
G3T47_RS08950	44	98.106	264	5	0	418	681	1000	737	3.44e-130	460
G3T47_RS08950	53	100.000	29	0	0	2	30	76	104	6.82e-08	54.7
G3T47_RS08965	2	98.129	588	11	0	1	588	82975	83562	0.0	1026
G3T47_RS08965	47	99.678	311	1	0	1	311	311	1	4.71e-163	569
G3T47_RS08965	23	99.639	277	1	0	312	588	1	277	3.75e-144	507
G3T47_RS08965	44	98.106	264	5	0	325	588	1000	737	2.96e-130	460
G3T47_RS08975	23	98.198	222	4	0	1	222	56	277	5.05e-109	388
G3T47_RS08975	44	97.748	222	5	0	1	222	958	737	2.35e-107	383
G3T47_RS08975	2	97.748	222	5	0	1	222	83341	83562	2.35e-107	383
USA300HOU_RS15650	39	99.038	208	1	1	1	207	1017	810	1.39e-103	372
USA300HOU_RS15655	39	100.000	189	0	0	1	189	997	1185	1.99e-97	350
USA300HOU_RS14800	39	100.000	795	0	0	1	795	2087	1293	0.0	1469
USA300HOU_RS14805	39	100.000	262	0	0	1	262	262	1	1.58e-137	484
USA300HOU_RS14805	39	100.000	241	0	0	263	503	2460	2220	7.46e-126	446
USA300HOU_RS14805	39	100.000	40	0	0	492	531	2219	2180	4.05e-14	75.0
USA300HOU_RS15660	39	99.819	554	1	0	83	636	812	259	0.0	1018
D172_RS17265	41	78.269	1583	259	68	9	1536	1621	69	0.0	939
D172_RS17270	36	80.528	1022	180	17	1763	2776	1343	333	0.0	767
D172_RS17270	36	76.506	996	200	31	417	1395	2667	1689	4.11e-145	512
D172_RS21120	41	78.269	1583	259	68	9	1536	1621	69	0.0	939
D172_RS21125	36	80.528	1022	180	17	1766	2779	1343	333	0.0	767
D172_RS21125	36	76.376	999	199	34	417	1398	2667	1689	2.48e-142	503
B1S31_RS15920	2	82.440	672	116	2	1	671	82882	83552	5.44e-168	586
B1S31_RS15920	23	83.333	276	46	0	406	681	2	277	1.74e-68	255
B1S31_RS15920	44	83.650	263	43	0	412	674	1006	744	2.92e-66	248
B1S31_RS15925	2	93.201	353	23	1	1	352	82882	83234	1.03e-147	518
B1S31_RS15925	47	92.547	322	23	1	32	352	373	52	1.75e-130	460
B1S31_RS15925	31	89.583	336	35	0	1	336	2365	2030	1.78e-120	427
B1S31_RS15925	53	100.000	29	0	0	2	30	76	104	3.48e-08	54.7
B1S31_RS15960	31	99.663	297	1	0	1	297	2326	2030	3.12e-155	544
B1S31_RS15960	31	98.328	299	3	1	344	642	2034	1738	4.07e-149	523
ARX15_RS15790	31	99.702	336	1	0	1	336	2365	2030	6.94e-177	616
ARX15_RS15790	31	98.328	299	3	1	383	681	2034	1738	4.33e-149	523
ARX15_RS15865	31	99.702	336	1	0	1	336	2365	2030	6.94e-177	616
ARX15_RS15865	31	98.328	299	3	1	383	681	2034	1738	4.33e-149	523
ARX15_RS15870	31	100.000	74	0	0	431	504	2438	2365	4.83e-33	137
ARX15_RS16235	2	82.589	672	115	2	1	671	82882	83552	1.17e-169	592
ARX15_RS16235	23	83.696	276	45	0	406	681	2	277	3.75e-70	261
ARX15_RS16235	44	84.030	263	42	0	412	674	1006	744	6.27e-68	254
ARX15_RS16240	2	92.918	353	24	1	1	352	82882	83234	4.78e-146	512
ARX15_RS16240	47	92.236	322	24	1	32	352	373	52	8.16e-129	455
ARX15_RS16240	31	89.286	336	36	0	1	336	2365	2030	8.28e-119	422
ARX15_RS16240	53	100.000	29	0	0	2	30	76	104	3.48e-08	54.7
ARX15_RS16275	31	99.702	336	1	0	1	336	2365	2030	6.94e-177	616
ARX15_RS16275	31	98.328	299	3	1	383	681	2034	1738	4.33e-149	523
ARX15_RS16585	2	82.440	672	116	2	1	671	82882	83552	5.44e-168	586
ARX15_RS16585	23	83.333	276	46	0	406	681	2	277	1.74e-68	255
ARX15_RS16585	44	83.650	263	43	0	412	674	1006	744	2.92e-66	248
ARX15_RS16590	2	92.918	353	24	1	1	352	82882	83234	4.78e-146	512
ARX15_RS16590	47	92.236	322	24	1	32	352	373	52	8.16e-129	455
ARX15_RS16590	31	89.286	336	36	0	1	336	2365	2030	8.28e-119	422
ARX15_RS16590	53	100.000	29	0	0	2	30	76	104	3.48e-08	54.7
ARX13_RS15805	2	82.440	672	116	2	1	671	82882	83552	5.44e-168	586
ARX13_RS15805	23	83.333	276	46	0	406	681	2	277	1.74e-68	255
ARX13_RS15805	44	83.650	263	43	0	412	674	1006	744	2.92e-66	248
ARX13_RS15810	2	93.201	353	23	1	1	352	82882	83234	1.03e-147	518
ARX13_RS15810	47	92.547	322	23	1	32	352	373	52	1.75e-130	460
ARX13_RS15810	31	89.583	336	35	0	1	336	2365	2030	1.78e-120	427
ARX13_RS15810	53	100.000	29	0	0	2	30	76	104	3.48e-08	54.7
ARX13_RS15845	31	99.663	297	1	0	1	297	2326	2030	3.12e-155	544
ARX13_RS15845	31	98.328	299	3	1	344	642	2034	1738	4.07e-149	523
EWW47_RS30155	18	82.667	150	26	0	1	150	4555	4704	2.38e-32	134
EWW47_RS30855	5	82.804	913	155	2	1	912	72486	73397	0.0	815
GIX96_RS26400	39	99.748	795	2	0	1	795	2087	1293	0.0	1458
AZOLI_RS13935	36	79.528	1016	181	22	1653	2651	1346	341	0.0	699
AZOLI_RS13935	36	75.421	1070	201	45	356	1405	2719	1692	3.99e-130	462
AZOLI_RS13950	41	81.565	1329	196	29	227	1518	1378	62	0.0	1051
AZOLI_RS16180	41	81.640	1329	197	28	199	1492	1378	62	0.0	1059
AZOLI_RS16185	36	79.528	1016	181	22	1638	2636	1346	341	0.0	699
AZOLI_RS16185	36	76.353	1053	204	39	358	1390	2719	1692	1.79e-148	523
AZOLI_RS17095	36	79.843	1017	176	24	1654	2652	1346	341	0.0	715
AZOLI_RS17095	36	75.696	1078	196	48	350	1406	2724	1692	3.96e-135	479
AZOLI_RS17110	41	81.401	1328	200	28	199	1490	1378	62	0.0	1040
AZOLI_RS18415	36	79.548	1017	179	24	1636	2634	1346	341	0.0	699
AZOLI_RS18415	36	76.376	1054	202	41	356	1388	2719	1692	1.79e-148	523
AZOLI_RS18450	41	81.579	1330	196	29	219	1512	1378	62	0.0	1053
AZOLI_RS18465	36	79.528	1016	181	22	2089	3087	1346	341	0.0	699
AZOLI_RS18465	36	77.696	816	144	33	355	1153	2719	1925	1.28e-130	464
AZOLI_RS21585	41	81.593	1331	194	28	219	1512	1378	62	0.0	1053
AZOLI_RS21620	36	79.626	1016	179	23	1635	2632	1346	341	0.0	704
AZOLI_RS21620	36	76.376	1054	202	41	355	1387	2719	1692	1.79e-148	523
AZOLI_RS24240	41	81.493	1340	198	30	189	1492	1387	62	0.0	1055
AZOLI_RS27100	36	79.528	1016	181	22	1637	2635	1346	341	0.0	699
AZOLI_RS27100	36	76.749	1058	192	47	356	1389	2719	1692	4.94e-154	542
AZOLI_RS29075	41	81.493	1340	198	30	189	1492	1387	62	0.0	1055
BWI95_RS22570	41	78.738	1585	254	59	8	1541	1621	69	0.0	983
BWI95_RS23030	36	78.958	998	190	16	1776	2764	1342	356	0.0	662
BWI95_RS23030	36	76.923	1053	205	36	370	1405	2720	1689	1.12e-160	564
BWI95_RS23035	52	93.243	74	3	2	1	73	97	25	4.47e-25	108
BWI95_RS23035	6	93.243	74	3	2	1	73	156150	156078	4.47e-25	108
Maq22A_RS27890	36	80.178	1014	173	24	1693	2688	1345	342	0.0	734
Maq22A_RS27890	36	74.571	1050	194	58	407	1425	2719	1712	5.39e-109	392
Maq22A_RS27905	41	80.361	1329	219	28	234	1527	1385	64	0.0	970
MRAD2831_RS61125	41	80.514	1324	212	31	227	1513	1378	64	0.0	974
MRAD2831_RS61130	36	79.864	1028	183	19	1714	2725	1345	326	0.0	730
MRAD2831_RS61130	36	75.219	799	159	28	419	1202	2719	1945	5.54e-94	342
MRAD2831_RS62805	41	80.589	1324	211	31	227	1513	1378	64	0.0	979
MRAD2831_RS62810	36	79.864	1028	183	19	1708	2719	1345	326	0.0	730
MRAD2831_RS62810	36	75.219	799	159	28	413	1196	2719	1945	5.53e-94	342
SMA_RS10580	31	97.024	336	10	0	1	336	2365	2030	7.09e-162	566
SMA_RS10580	31	97.324	299	6	1	383	681	2034	1738	4.36e-144	507
SINF_RS10155	31	98.214	336	5	1	1	335	2365	2030	4.30e-168	586
SINF_RS10155	31	98.758	161	2	0	382	542	2034	1874	4.89e-78	287
FK536_RS22530	8	96.368	468	17	0	1	468	33181	33648	0.0	771
FK536_RS22535	8	95.726	117	5	0	1	117	33893	34009	2.67e-49	189
FK536_RS22540	8	93.854	1920	118	0	1	1920	34025	35944	0.0	2892
FK536_RS22545	8	89.222	167	18	0	2	168	36068	36234	3.09e-55	209
FK536_RS22550	8	100.000	28	0	0	204	231	36269	36242	7.86e-08	52.8
HF500_RS17960	36	84.213	2445	327	41	4	2426	3128	721	0.0	2322
HF500_RS17965	41	88.690	1565	158	12	7	1560	1622	66	0.0	1892
HF500_RS17970	52	97.260	73	2	0	1	73	97	25	4.20e-30	124
HF500_RS17970	6	97.260	73	2	0	1	73	156150	156078	4.20e-30	124
HF500_RS17975	6	95.946	74	3	0	1	74	156237	156164	5.54e-29	121
HF500_RS17975	1	95.946	74	3	0	1	74	413775	413702	5.54e-29	121
HF500_RS17985	46	87.805	82	6	4	5	82	171	90	1.40e-20	93.5
HF500_RS17990	46	90.278	72	6	1	1	71	262	191	1.21e-20	93.5
HF500_RS18000	46	87.671	73	9	0	1	73	519	447	2.09e-18	86.1
HF500_RS18005	19	91.667	72	6	0	1	72	811	882	7.34e-23	100
HF500_RS18005	2	93.939	66	4	0	7	72	356486	356421	7.34e-23	100
HF500_RS18010	19	92.958	71	5	0	6	76	335	405	5.78e-24	104
HF500_RS18015	19	97.222	72	2	0	1	72	148	219	1.48e-29	122
HF500_RS18015	6	97.222	72	2	0	1	72	154606	154535	1.48e-29	122
HF500_RS18015	6	97.222	72	2	0	1	72	155372	155301	1.48e-29	122
B7R37_RS00060	38	99.729	738	2	0	1	738	2297	1560	0.0	1352
B7R37_RS00065	38	97.222	72	2	0	25	96	2493	2422	2.16e-29	122
B7R38_RS00060	38	99.729	738	2	0	1	738	2297	1560	0.0	1352
B7R38_RS00065	38	97.222	72	2	0	25	96	2493	2422	2.16e-29	122
B7R42_RS00060	38	99.729	738	2	0	1	738	2297	1560	0.0	1352
B7R42_RS00065	38	97.222	72	2	0	25	96	2493	2422	2.16e-29	122
SMVRE20_RS00225	38	99.593	738	3	0	1	738	2297	1560	0.0	1347
SMVRE20_RS00230	38	100.000	84	0	0	1	84	2505	2422	1.79e-39	156
SMVRE20_RS00235	38	100.000	101	0	0	12	112	2626	2526	9.10e-49	187
SMVRE20_RS00025	42	75.746	503	116	4	752	1251	640	141	5.44e-66	248
SMVRE20_RS00120	31	86.316	760	99	3	433	1190	6131	5375	0.0	822
SMVRE20_RS00135	3	76.746	1217	277	6	28	1241	324012	322799	0.0	675
SMVRE20_RS00175	27	91.549	213	18	0	7	219	9649	9437	1.12e-80	294
SMVRE20_RS00175	31	85.380	171	23	2	1	170	5581	5412	4.22e-45	176
SMVRE20_RS00190	2	98.385	681	11	0	1	681	82882	83562	0.0	1197
SMVRE20_RS00190	47	99.732	373	1	0	32	404	373	1	0.0	684
SMVRE20_RS00190	23	99.639	277	1	0	405	681	1	277	4.36e-144	507
SMVRE20_RS00190	44	98.106	264	5	0	418	681	1000	737	3.44e-130	460
SMVRE20_RS00190	53	100.000	29	0	0	2	30	76	104	6.82e-08	54.7
SMVRE20_RS00235	22	82.339	821	141	4	1	819	20706	21524	0.0	710
SMVRE20_RS00240	22	80.615	650	120	6	37	683	20514	19868	2.66e-141	497
SMVRE20_RS00245	22	81.921	1510	259	14	1	1503	19850	18348	0.0	1264
SMVRE20_RS00260	21	99.484	1163	6	0	1	1163	21773	22935	0.0	2115
SMVRE20_RS00310	21	99.398	1163	7	0	1	1163	21773	22935	0.0	2109
SMVRE20_RS00320	21	99.691	1293	4	0	1	1293	20634	19342	0.0	2366
SMVRE20_RS00325	21	100.000	261	0	0	1	261	21168	20908	2.69e-137	483
SMVRE20_RS00330	31	86.658	757	101	0	423	1179	6131	5375	0.0	839
SMVRE20_RS00355	21	99.495	396	2	0	1	396	23878	23483	0.0	721
SMVRE20_RS00360	21	99.647	849	3	0	1	849	24739	23891	0.0	1552
SMVRE20_RS00365	21	100.000	828	0	0	1	828	25581	24754	0.0	1530
SMVRE20_RS00370	21	99.764	846	2	0	1	846	26438	25593	0.0	1552
SMVRE20_RS00375	21	99.573	1170	5	0	1	1170	26692	27861	0.0	2134
SMVRE20_RS00380	21	100.000	39	0	0	1282	1320	28224	28186	3.71e-13	73.1
SMVRE20_RS00385	35	100.000	566	0	0	1	566	3513	4078	0.0	1046
SMVRE20_RS00390	35	98.824	85	1	0	1	85	3241	3157	3.26e-37	152
SMVRE20_RS00465	35	99.855	1377	2	0	1	1377	582	1958	0.0	2532
SMVRE20_RS00470	35	100.000	582	0	0	76	657	1	582	0.0	1075
SMVRE20_RS00475	27	99.596	1237	5	0	1	1237	12696	13932	0.0	2257
SMVRE20_RS00480	27	98.969	97	1	0	60	156	12581	12677	1.04e-44	174
SMVRE20_RS00490	27	99.715	351	1	0	1	351	12024	12374	0.0	643
SMVRE20_RS00490	21	100.000	100	0	0	351	450	21579	21678	1.51e-47	185
SMVRE20_RS00495	27	97.790	543	1	1	1	543	11337	11868	0.0	926
SMVRE20_RS00505	31	87.629	194	24	0	23	216	5568	5375	4.06e-60	226
SMVRE20_RS00530	27	98.741	1191	15	0	1	1191	10627	9437	0.0	2117
SMVRE20_RS00530	31	97.015	134	3	1	226	358	6261	6128	8.72e-59	224
SMVRE20_RS00530	21	100.000	65	0	0	1	65	21464	21400	1.18e-27	121
SMVRE20_RS00540	31	98.512	336	5	0	1	336	2365	2030	3.25e-170	593
SMVRE20_RS00540	31	97.659	299	5	1	383	681	2034	1738	9.37e-146	512
SMVRE20_RS00580	2	98.238	681	12	0	1	681	82882	83562	0.0	1192
SMVRE20_RS00580	47	99.732	373	1	0	32	404	373	1	0.0	684
SMVRE20_RS00580	23	99.639	277	1	0	405	681	1	277	4.36e-144	507
SMVRE20_RS00580	44	98.106	264	5	0	418	681	1000	737	3.44e-130	460
SMVRE20_RS00640	21	99.398	1163	7	0	1	1163	21773	22935	0.0	2109
SMVRE20_RS00675	21	99.398	1163	7	0	1	1163	21773	22935	0.0	2109
SMVRE20_RS00725	27	89.130	1196	120	8	1	1191	10627	9437	0.0	1480
SMVRE20_RS00795	2	96.804	438	14	0	212	649	83125	83562	0.0	732
SMVRE20_RS00795	2	99.115	226	2	0	1	226	82882	83107	4.33e-114	407
SMVRE20_RS00795	23	98.917	277	3	0	373	649	1	277	8.97e-141	496
SMVRE20_RS00795	44	98.106	264	5	0	386	649	1000	737	3.27e-130	460
SMVRE20_RS00795	47	98.974	195	2	0	32	226	373	179	7.39e-97	350
SMVRE20_RS00795	47	98.710	155	2	0	218	372	155	1	1.27e-74	276
SMVRE20_RS00795	53	100.000	29	0	0	2	30	76	104	6.49e-08	54.7
AKG29_RS00635	38	97.222	72	2	0	25	96	2493	2422	2.16e-29	122
AKG29_RS00640	38	99.729	738	2	0	1	738	2297	1560	0.0	1352
C7K43_RS13125	2	97.944	681	14	0	1	681	82882	83562	0.0	1181
C7K43_RS13125	47	99.464	373	2	0	32	404	373	1	0.0	678
C7K43_RS13125	23	98.917	277	3	0	405	681	1	277	9.43e-141	496
C7K43_RS13125	44	97.348	264	7	0	418	681	1000	737	7.45e-127	449
C7K43_RS13125	53	100.000	29	0	0	2	30	76	104	6.82e-08	54.7
C7K43_RS13160	23	98.701	77	1	0	1	77	259	335	5.07e-33	137
C7K43_RS13160	44	98.630	73	1	0	1	73	755	683	8.48e-31	130
C7K43_RS13160	2	98.630	73	1	0	1	73	83544	83616	8.48e-31	130
C7K43_RS13165	2	97.944	681	14	0	1	681	82882	83562	0.0	1181
C7K43_RS13165	47	99.464	373	2	0	32	404	373	1	0.0	678
C7K43_RS13165	23	98.917	277	3	0	405	681	1	277	9.43e-141	496
C7K43_RS13165	44	97.348	264	7	0	418	681	1000	737	7.45e-127	449
C7K43_RS13165	53	100.000	29	0	0	2	30	76	104	6.82e-08	54.7
HG420_RS11235	24	77.940	1301	273	14	27	1320	2264	971	0.0	800
HG420_RS11250	2	98.825	681	8	0	1	681	82882	83562	0.0	1214
HG420_RS11250	47	99.732	373	1	0	32	404	373	1	0.0	684
HG420_RS11250	23	98.556	277	4	0	405	681	1	277	4.39e-139	490
HG420_RS11250	44	99.242	264	2	0	418	681	1000	737	3.42e-135	477
HG420_RS11250	53	100.000	29	0	0	2	30	76	104	6.82e-08	54.7
HG420_RS11335	31	86.102	295	39	1	387	681	2030	1738	7.88e-87	316
HG420_RS11455	31	98.810	336	4	0	1	336	2365	2030	6.45e-172	599
HG420_RS11455	31	99.187	246	2	0	383	628	2034	1789	3.20e-125	444
HG420_RS11475	31	99.702	336	1	0	1	336	2365	2030	6.94e-177	616
HG420_RS11475	31	98.328	299	3	1	383	681	2034	1738	4.33e-149	523
HG420_RS11490	31	99.702	336	1	0	1	336	2365	2030	6.94e-177	616
HG420_RS11490	31	97.659	299	5	1	383	681	2034	1738	9.37e-146	512
HG420_RS11520	31	100.000	113	0	0	1	113	2365	2253	1.98e-55	209
HG420_RS11525	2	94.933	671	34	0	1	671	82882	83552	0.0	1051
HG420_RS11525	47	99.732	373	1	0	32	404	373	1	0.0	684
HG420_RS11525	23	89.493	276	29	0	405	680	1	276	7.77e-97	350
HG420_RS11525	44	88.213	263	31	0	418	680	1000	738	2.83e-86	315
HG420_RS11525	31	85.650	223	28	3	459	680	1958	1739	2.94e-61	231
HG420_RS11525	53	100.000	29	0	0	2	30	76	104	6.82e-08	54.7
HG420_RS11535	31	86.441	295	38	1	387	681	2030	1738	1.69e-88	322
HG420_RS11545	31	96.396	111	2	1	1	111	1846	1738	4.19e-47	182
HG420_RS11590	31	99.405	336	2	0	1	336	2365	2030	3.23e-175	610
HG420_RS11590	31	97.659	299	5	1	383	681	2034	1738	9.37e-146	512
HG420_RS11695	24	77.940	1301	273	14	27	1320	2264	971	0.0	800
HG420_RS11700	24	77.940	1301	273	14	27	1320	2264	971	0.0	800
HG420_RS11755	31	95.918	294	8	2	350	641	2029	1738	4.15e-134	473
HG420_RS11755	31	85.473	296	40	3	4	298	2323	2030	1.60e-83	305
HG420_RS11835	31	97.993	299	4	1	356	654	2034	1738	1.93e-147	518
HG420_RS11835	31	98.611	288	4	0	22	309	2317	2030	3.23e-145	510
HG420_RS11850	6	91.549	71	6	0	4	74	155162	155092	2.59e-22	99.0
HG420_RS11850	6	91.549	71	6	0	4	74	155727	155657	2.59e-22	99.0
HG420_RS11890	31	98.810	336	4	0	1	336	2365	2030	6.99e-172	599
HG420_RS11890	31	97.993	299	4	1	383	681	2034	1738	2.01e-147	518
HG420_RS11965	31	86.441	295	38	1	387	681	2030	1738	1.69e-88	322
HG420_RS11975	31	97.619	42	1	0	1885	1926	2438	2397	5.44e-13	73.1
FIP50_RS22955	8	100.000	28	0	0	204	231	36269	36242	7.86e-08	52.8
FIP50_RS22960	8	88.166	169	18	1	2	170	36068	36234	1.89e-52	200
FIP50_RS22965	8	93.854	1920	118	0	1	1920	34025	35944	0.0	2892
FIP50_RS22970	8	94.915	118	5	1	1	118	33893	34009	1.25e-47	183
FIP50_RS22975	8	96.368	468	17	0	1	468	33181	33648	0.0	771
EAL2_RS11985	21	83.077	130	18	4	153	280	21925	22052	5.10e-26	115
HKJ03_RS00005	1	80.247	81	13	3	554	632	140232	140153	9.74e-09	58.4
E1J56_RS23530	38	97.222	72	2	0	25	96	2493	2422	2.16e-29	122
E1J56_RS23535	38	99.729	738	2	0	1	738	2297	1560	0.0	1352
E1J56_RS25390	38	76.982	782	88	73	4	744	2243	1513	1.11e-100	363
E1J56_RS25490	8	99.383	324	2	0	1	324	33325	33648	6.96e-169	588
E1J56_RS25500	8	99.145	117	1	0	1	117	33893	34009	5.69e-56	211
E1J56_RS25505	8	94.271	1920	110	0	1	1920	34025	35944	0.0	2937
E3N82_RS24135	8	93.438	1920	126	0	1	1920	34025	35944	0.0	2848
E3N82_RS24140	8	98.291	117	2	0	1	117	33893	34009	2.65e-54	206
E3N82_RS24150	8	99.383	324	2	0	1	324	33325	33648	6.96e-169	588
E3N82_RS24760	8	96.368	468	17	0	1	468	33181	33648	0.0	771
E3N82_RS24765	8	95.726	117	5	0	1	117	33893	34009	2.67e-49	189
E3N82_RS24770	8	93.854	1920	118	0	1	1920	34025	35944	0.0	2892
E3N82_RS24775	8	89.222	167	18	0	2	168	36068	36234	3.09e-55	209
E3N82_RS24780	8	100.000	28	0	0	204	231	36269	36242	7.86e-08	52.8
HHJ48_RS26685	38	94.286	105	4	1	25	129	2493	2391	2.33e-40	159
HHJ48_RS26690	38	97.151	737	3	17	1	730	2285	1560	0.0	1229
JCM7686_RS17740	41	79.910	1329	205	35	194	1467	1385	64	0.0	918
JCM7686_RS17745	6	92.857	56	4	0	8	63	154786	154731	2.76e-17	82.4
JCM7686_RS17745	6	92.857	56	4	0	8	63	155453	155398	2.76e-17	82.4
JCM7686_RS17755	36	81.158	1019	159	23	1726	2723	1345	339	0.0	787
JCM7686_RS17755	36	74.209	853	174	43	396	1226	2718	1890	1.21e-85	315
FBD76_RS19160	5	73.542	480	104	19	482	951	71135	71601	5.67e-40	161
FBD77_RS18430	5	73.542	480	104	19	482	951	71135	71601	5.67e-40	161
Q783_RS11220	2	98.238	681	12	0	1	681	82882	83562	0.0	1192
Q783_RS11220	47	99.464	373	2	0	32	404	373	1	0.0	678
Q783_RS11220	23	99.639	277	1	0	405	681	1	277	4.36e-144	507
Q783_RS11220	44	98.106	264	5	0	418	681	1000	737	3.44e-130	460
Q783_RS11220	53	100.000	29	0	0	2	30	76	104	6.82e-08	54.7
Q783_RS11230	2	98.238	681	12	0	1	681	82882	83562	0.0	1192
Q783_RS11230	47	99.464	373	2	0	32	404	373	1	0.0	678
Q783_RS11230	23	99.639	277	1	0	405	681	1	277	4.36e-144	507
Q783_RS11230	44	98.106	264	5	0	418	681	1000	737	3.44e-130	460
Q783_RS11230	53	100.000	29	0	0	2	30	76	104	6.82e-08	54.7
Q783_RS11240	2	98.030	609	12	0	1	609	82954	83562	0.0	1059
Q783_RS11240	47	99.398	332	2	0	1	332	332	1	4.81e-173	603
Q783_RS11240	23	99.639	277	1	0	333	609	1	277	3.88e-144	507
Q783_RS11240	44	98.106	264	5	0	346	609	1000	737	3.07e-130	460
Q783_RS11650	6	74.713	1218	281	21	451	1653	124925	123720	7.45e-147	518
BG04_RS00405	22	80.769	156	26	4	857	1011	10329	10481	4.08e-27	119
BG04_RS27665	22	80.769	156	26	4	858	1012	10329	10481	4.09e-27	119
DC20_RS22215	36	80.832	793	129	16	1979	2753	1109	322	8.33e-172	601
DC20_RS22215	36	74.361	1291	274	46	167	1432	2944	1686	1.12e-140	497
DC20_RS22215	36	84.971	346	41	7	1633	1977	1488	1153	2.00e-93	340
DC20_RS22220	52	92.982	57	2	2	7	63	91	37	2.61e-17	82.4
DC20_RS22220	6	92.982	57	2	2	7	63	156144	156090	2.61e-17	82.4
DC20_RS22230	41	78.792	1325	228	45	221	1510	1372	66	0.0	841
GFC30_RS15805	19	97.222	72	2	0	1	72	148	219	1.48e-29	122
GFC30_RS15805	6	97.222	72	2	0	1	72	154606	154535	1.48e-29	122
GFC30_RS15805	6	97.222	72	2	0	1	72	155372	155301	1.48e-29	122
GFC30_RS15820	6	95.946	74	3	0	1	74	154793	154720	5.54e-29	121
GFC30_RS15820	6	95.946	74	3	0	1	74	155460	155387	5.54e-29	121
GFC30_RS15830	19	92.537	67	5	0	8	74	731	797	9.67e-22	97.1
GFC30_RS15845	19	92.958	71	5	0	6	76	335	405	5.78e-24	104
GFC30_RS15850	6	95.946	74	3	0	1	74	155165	155092	5.84e-29	121
GFC30_RS15850	6	95.946	74	3	0	1	74	155730	155657	5.84e-29	121
GFC30_RS15860	19	97.222	72	2	0	1	72	148	219	1.48e-29	122
GFC30_RS15860	6	97.222	72	2	0	1	72	154606	154535	1.48e-29	122
GFC30_RS15860	6	97.222	72	2	0	1	72	155372	155301	1.48e-29	122
GFC30_RS15895	19	94.444	72	4	0	1	72	811	882	3.39e-26	111
GFC30_RS15895	2	94.444	72	4	0	1	72	356492	356421	3.39e-26	111
GFC30_RS15900	46	89.041	73	8	0	1	73	519	447	4.26e-20	91.6
GFC30_RS15905	46	91.667	72	6	0	1	72	262	191	7.34e-23	100
GFC30_RS15910	52	97.260	73	2	0	1	73	97	25	4.20e-30	124
GFC30_RS15910	6	97.260	73	2	0	1	73	156150	156078	4.20e-30	124
GFC30_RS16230	19	97.222	72	2	0	1	72	148	219	1.48e-29	122
GFC30_RS16230	6	97.222	72	2	0	1	72	154606	154535	1.48e-29	122
GFC30_RS16230	6	97.222	72	2	0	1	72	155372	155301	1.48e-29	122
GFC30_RS16240	19	92.958	71	5	0	6	76	335	405	5.78e-24	104
GFC30_RS16245	19	98.611	72	1	0	1	72	811	882	3.37e-31	128
GFC30_RS16245	2	98.611	72	1	0	1	72	356492	356421	3.37e-31	128
GFC30_RS16250	46	87.671	73	9	0	1	73	519	447	1.98e-18	86.1
GFC30_RS16255	46	92.683	82	6	0	1	82	430	349	2.28e-28	119
GFC30_RS16270	6	97.297	74	2	0	1	74	156237	156164	1.25e-30	126
GFC30_RS16270	1	97.297	74	2	0	1	74	413775	413702	1.25e-30	126
BHY08_RS10600	2	98.385	681	11	0	1	681	82882	83562	0.0	1197
BHY08_RS10600	47	99.732	373	1	0	32	404	373	1	0.0	684
BHY08_RS10600	23	98.917	277	3	0	405	681	1	277	9.43e-141	496
BHY08_RS10600	44	98.106	264	5	0	418	681	1000	737	3.44e-130	460
BHY08_RS10600	53	100.000	29	0	0	2	30	76	104	6.82e-08	54.7
BCM40_RS16155	46	87.671	73	9	0	1	73	519	447	1.98e-18	86.1
BCM40_RS16160	19	90.278	72	7	0	1	72	811	882	3.42e-21	95.3
BCM40_RS16160	2	90.278	72	7	0	1	72	356492	356421	3.42e-21	95.3
BCM40_RS16175	19	95.833	72	3	0	1	72	148	219	7.29e-28	117
BCM40_RS16175	6	95.833	72	3	0	1	72	154606	154535	7.29e-28	117
BCM40_RS16175	6	95.833	72	3	0	1	72	155372	155301	7.29e-28	117
BCM40_RS16190	36	87.902	2951	302	42	3	2935	3127	214	0.0	3421
BCM40_RS16195	41	89.789	1567	128	21	7	1550	1622	65	0.0	1978
FOL01_RS10595	8	79.375	160	31	2	66	224	11179	11021	1.35e-24	111
EM4838_RS16410	24	98.921	278	3	0	17	294	1248	971	1.09e-141	497
EM4838_RS15800	24	95.451	1319	59	1	2	1319	2289	971	0.0	2102
AC20117_RS21935	36	80.026	756	135	12	1999	2748	1347	602	3.97e-155	545
AC20117_RS21940	41	80.621	1579	238	50	7	1534	1622	61	0.0	1158
AC20117_RS21955	36	81.026	1033	171	21	1994	3013	1347	327	0.0	798
AC20117_RS21960	41	80.711	1576	237	49	7	1529	1622	61	0.0	1164
AC20117_RS21975	36	82.056	1031	169	12	1995	3019	1347	327	0.0	865
AC20117_RS21980	41	80.608	1578	233	55	7	1527	1622	61	0.0	1151
AC20117_RS21995	36	81.154	1040	163	28	2000	3025	1347	327	0.0	804
AC20117_RS22000	41	80.659	1577	238	49	7	1531	1622	61	0.0	1160
EL451_RS03055	41	79.317	1581	252	50	3	1526	1626	64	0.0	1038
EL451_RS03060	36	81.255	1147	186	25	1958	3090	1347	216	0.0	900
EL451_RS08720	36	81.343	1147	184	26	1958	3089	1347	216	0.0	905
EL451_RS08725	41	79.380	1581	251	50	3	1526	1626	64	0.0	1044
G3A56_RS25935	36	81.597	1027	163	22	1220	2226	1346	326	0.0	826
G3A56_RS25935	36	74.157	979	210	38	16	973	2648	1692	2.70e-101	366
G3A56_RS27895	36	81.694	1027	167	17	1224	2235	1346	326	0.0	835
G3A56_RS27895	36	74.312	981	208	39	16	976	2648	1692	4.51e-104	375
FDP22_RS20520	36	79.846	1171	193	29	1562	2712	1486	339	0.0	815
FDP22_RS20520	36	74.172	1057	219	43	448	1474	2718	1686	1.95e-108	390
FDP22_RS20530	6	91.071	56	5	0	8	63	154786	154731	1.28e-15	76.8
FDP22_RS20530	6	91.071	56	5	0	8	63	155453	155398	1.28e-15	76.8
FDP22_RS20535	41	80.240	1331	199	41	194	1469	1385	64	0.0	942
HPF68_RS00200	38	97.222	72	2	0	25	96	2493	2422	2.16e-29	122
HPF68_RS00205	38	99.729	738	2	0	1	738	2297	1560	0.0	1352
HPF68_RS00210	38	99.398	166	1	0	1	166	1615	1450	5.06e-83	302
HPF80_RS00105	38	99.398	166	1	0	1	166	1615	1450	5.06e-83	302
HPF80_RS00110	38	99.729	738	2	0	1	738	2297	1560	0.0	1352
HPF80_RS00115	38	97.222	72	2	0	25	96	2493	2422	2.16e-29	122
HPG65_RS01120	8	99.145	117	1	0	1	117	33893	34009	5.69e-56	211
HPG65_RS01125	8	94.271	1920	110	0	1	1920	34025	35944	0.0	2937
GJD93_RS00700	38	99.726	729	2	0	25	753	2288	1560	0.0	1336
GJD93_RS14445	38	99.398	166	1	0	1	166	1615	1450	5.06e-83	302
GJD93_RS00850	8	94.271	1920	110	0	1	1920	34025	35944	0.0	2937
GJD93_RS00855	8	99.145	117	1	0	1	117	33893	34009	5.69e-56	211
FSC11_RS15665	8	94.271	1920	110	0	1	1920	34025	35944	0.0	2937
FSC11_RS15670	8	99.145	117	1	0	1	117	33893	34009	5.69e-56	211
HB368_RS20615	36	80.593	371	59	9	1953	2321	1347	988	1.75e-73	274
G3R47_RS18700	8	94.271	1920	110	0	1	1920	34025	35944	0.0	2937
G3R47_RS18705	8	99.145	117	1	0	1	117	33893	34009	5.69e-56	211
AD867_RS25985	38	97.222	72	2	0	25	96	2493	2422	2.16e-29	122
AD867_RS25990	38	99.729	738	2	0	1	738	2297	1560	0.0	1352
AD867_RS31080	38	99.398	166	1	0	1	166	1615	1450	5.06e-83	302
E0E38_RS26215	38	99.398	166	1	0	1	166	1615	1450	5.06e-83	302
E0E38_RS25305	38	99.729	738	2	0	1	738	2297	1560	0.0	1352
E0E38_RS25310	38	97.222	72	2	0	25	96	2493	2422	2.16e-29	122
E0E35_RS26290	38	99.398	166	1	0	1	166	1615	1450	5.06e-83	302
E0E35_RS25390	38	99.729	738	2	0	1	738	2297	1560	0.0	1352
E0E35_RS25395	38	97.222	72	2	0	25	96	2493	2422	2.16e-29	122
E0E33_RS24150	38	99.398	166	1	0	1	166	1615	1450	5.06e-83	302
E0E33_RS22870	38	99.729	738	2	0	1	738	2297	1560	0.0	1352
E0E33_RS22875	38	97.222	72	2	0	25	96	2493	2422	2.16e-29	122
F4V36_RS25760	38	99.398	166	1	0	1	166	1615	1450	5.06e-83	302
F4V36_RS23580	38	99.729	738	2	0	1	738	2297	1560	0.0	1352
F4V36_RS23585	38	97.222	72	2	0	25	96	2493	2422	2.16e-29	122
GJE14_RS25180	38	97.222	72	2	0	25	96	2493	2422	2.16e-29	122
GJE14_RS25185	38	99.729	738	2	0	1	738	2297	1560	0.0	1352
GJE14_RS25930	38	99.398	166	1	0	1	166	1615	1450	5.06e-83	302
EPD86_RS25490	38	99.398	166	1	0	1	166	1615	1450	5.06e-83	302
EPD86_RS23630	38	99.729	738	2	0	1	738	2297	1560	0.0	1352
EPD86_RS23635	38	97.222	72	2	0	25	96	2493	2422	2.16e-29	122
FDZ14_RS28670	6	91.892	74	6	0	1	74	155960	155887	5.88e-24	104
FDZ14_RS28675	6	91.892	74	6	0	1	74	155960	155887	5.88e-24	104
FDZ14_RS28685	6	96.471	85	3	0	4	88	154706	154622	5.56e-35	141
FDZ14_RS28870	2	84.737	190	27	2	1	189	305690	305878	4.92e-49	189
FDZ14_RS28870	18	82.741	197	30	3	1	195	4555	4749	4.96e-44	172
FDZ14_RS32200	1	76.761	710	153	11	121	824	302792	302089	9.21e-108	387
LMR479A_RS14825	2	93.201	353	23	1	1	352	82882	83234	1.03e-147	518
LMR479A_RS14825	47	92.547	322	23	1	32	352	373	52	1.75e-130	460
LMR479A_RS14825	31	89.583	336	35	0	1	336	2365	2030	1.78e-120	427
LMR479A_RS14825	53	100.000	29	0	0	2	30	76	104	3.48e-08	54.7
LMR479A_RS14830	2	82.440	672	116	2	1	671	82882	83552	5.44e-168	586
LMR479A_RS14830	23	83.333	276	46	0	406	681	2	277	1.74e-68	255
LMR479A_RS14830	44	83.650	263	43	0	412	674	1006	744	2.92e-66	248
LMR479A_RS15195	27	94.949	198	10	0	22	219	9634	9437	1.11e-85	311
LMR479A_RS15235	31	99.702	336	1	0	1	336	2365	2030	6.94e-177	616
LMR479A_RS15235	31	98.328	299	3	1	383	681	2034	1738	4.33e-149	523
ECONIH1_RS32000	38	99.398	166	1	0	1	166	1615	1450	5.06e-83	302
ECONIH1_RS26755	38	99.729	738	2	0	1	738	2297	1560	0.0	1352
ECONIH1_RS26760	38	97.222	72	2	0	25	96	2493	2422	2.16e-29	122
KNN_RS31700	6	95.946	74	3	0	1	74	155960	155887	5.54e-29	121
KNN_RS31700	1	89.189	74	8	0	1	74	30609	30536	1.21e-20	93.5
HPG46_RS27130	16	71.274	832	196	37	112	923	6283	7091	4.80e-43	172
HPG46_RS27990	6	95.946	74	3	0	1	74	155960	155887	5.54e-29	121
HPG46_RS27990	1	89.189	74	8	0	1	74	30609	30536	1.21e-20	93.5
BSY17_RS01515	36	79.981	1034	172	27	1698	2711	1346	328	0.0	730
BSY17_RS01515	36	75.061	814	161	36	411	1206	2719	1930	1.98e-93	340
BSY17_RS01525	6	88.889	63	7	0	1	63	154793	154731	3.56e-16	78.7
BSY17_RS01525	6	88.889	63	7	0	1	63	155460	155398	3.56e-16	78.7
BSY17_RS01530	41	81.792	1060	170	20	448	1497	1107	61	0.0	867
BSY17_RS01530	41	84.651	215	33	0	195	409	1385	1171	6.62e-56	215
BSY17_RS02200	41	81.792	1060	170	20	448	1497	1107	61	0.0	867
BSY17_RS02200	41	84.651	215	33	0	195	409	1385	1171	6.62e-56	215
BSY17_RS02205	6	88.889	63	7	0	1	63	154793	154731	3.56e-16	78.7
BSY17_RS02205	6	88.889	63	7	0	1	63	155460	155398	3.56e-16	78.7
BSY17_RS02215	36	79.981	1034	172	27	1714	2727	1346	328	0.0	730
BSY17_RS02215	36	75.061	814	161	36	427	1222	2719	1930	1.99e-93	340
BN9748_RS14810	53	100.000	47	0	0	1616	1662	1	47	1.67e-17	87.9
BN9748_RS14810	2	100.000	47	0	0	1616	1662	82808	82854	1.67e-17	87.9
BN9748_RS14815	2	93.750	672	40	2	1	671	82882	83552	0.0	1007
BN9748_RS14815	47	98.928	373	4	0	32	404	373	1	0.0	667
BN9748_RS14815	23	88.406	276	30	2	407	681	3	277	2.81e-91	331
BN9748_RS14815	31	92.377	223	15	1	459	681	1958	1738	7.88e-87	316
BN9748_RS14815	44	87.451	255	30	2	418	671	1000	747	1.33e-79	292
BN9748_RS14815	53	100.000	29	0	0	2	30	76	104	6.82e-08	54.7
BN9748_RS14840	31	86.658	757	101	0	423	1179	6131	5375	0.0	839
BN9748_RS14870	31	87.629	194	24	0	23	216	5568	5375	4.06e-60	226
BN9748_RS17395	27	97.790	543	1	1	1	543	11337	11868	0.0	926
BN9748_RS14885	27	99.715	351	1	0	1	351	12024	12374	0.0	643
BN9748_RS14885	21	100.000	100	0	0	351	450	21579	21678	1.51e-47	185
BN9748_RS17200	27	98.969	97	1	0	60	156	12581	12677	1.04e-44	174
BN9748_RS14900	27	99.596	1237	5	0	1	1237	12696	13932	0.0	2257
BN9748_RS14905	35	100.000	582	0	0	76	657	1	582	0.0	1075
BN9748_RS14910	35	99.855	1377	2	0	1	1377	582	1958	0.0	2532
BN9748_RS14990	35	98.824	85	1	0	1	85	3241	3157	1.78e-37	152
BN9748_RS15000	35	100.000	566	0	0	1	566	3513	4078	0.0	1046
BN9748_RS15005	21	100.000	39	0	0	1282	1320	28224	28186	3.71e-13	73.1
BN9748_RS15010	2	98.238	681	12	0	1	681	82882	83562	0.0	1192
BN9748_RS15010	47	99.464	373	2	0	32	404	373	1	0.0	678
BN9748_RS15010	23	99.639	277	1	0	405	681	1	277	4.36e-144	507
BN9748_RS15010	44	98.106	264	5	0	418	681	1000	737	3.44e-130	460
BN9748_RS15010	53	100.000	29	0	0	2	30	76	104	6.82e-08	54.7
BN9748_RS15015	21	91.925	161	13	0	66	226	12581	12421	7.78e-60	226
BN9748_RS15040	31	99.702	336	1	0	1	336	2365	2030	6.94e-177	616
BN9748_RS15040	31	98.328	299	3	1	383	681	2034	1738	4.33e-149	523
BN9748_RS15045	2	97.082	377	11	0	5	381	83186	83562	0.0	636
BN9748_RS15045	23	99.278	277	2	0	105	381	1	277	1.11e-142	501
BN9748_RS15045	44	97.727	264	6	0	118	381	1000	737	8.75e-129	455
BN9748_RS15045	47	100.000	100	0	0	5	104	100	1	1.27e-47	185
BN9748_RS15070	23	98.305	177	3	0	1	177	101	277	8.74e-86	311
BN9748_RS15070	44	97.740	177	4	0	1	177	913	737	4.07e-84	305
BN9748_RS15070	2	97.740	177	4	0	1	177	83386	83562	4.07e-84	305
BN9748_RS15090	2	98.385	681	11	0	1	681	82882	83562	0.0	1197
BN9748_RS15090	47	99.732	373	1	0	32	404	373	1	0.0	684
BN9748_RS15090	23	98.917	277	3	0	405	681	1	277	9.43e-141	496
BN9748_RS15090	44	98.106	264	5	0	418	681	1000	737	3.44e-130	460
BN9748_RS15090	53	100.000	29	0	0	2	30	76	104	6.82e-08	54.7
BN9748_RS15095	21	100.000	225	0	0	1	225	27637	27861	2.35e-117	416
BN9748_RS15105	21	99.415	855	5	0	1	855	26788	27642	0.0	1552
BN9748_RS15125	21	99.768	861	2	0	1	861	26453	25593	0.0	1580
BN9748_RS15130	21	100.000	828	0	0	1	828	25581	24754	0.0	1530
BN9748_RS15135	21	99.647	849	3	0	1	849	24739	23891	0.0	1552
BN9748_RS15140	21	99.495	396	2	0	1	396	23878	23483	0.0	721
BN9748_RS15155	31	86.658	757	101	0	423	1179	6131	5375	0.0	839
BN9748_RS15160	21	100.000	261	0	0	1	261	21168	20908	2.69e-137	483
BN9748_RS15165	21	99.691	1293	4	0	1	1293	20634	19342	0.0	2366
BN9748_RS15175	21	99.484	1163	6	0	1	1163	21773	22935	0.0	2115
BN9748_RS15240	21	99.484	1163	6	0	1	1163	21773	22935	0.0	2115
BN9748_RS15255	22	81.921	1510	259	14	1	1503	19850	18348	0.0	1264
BN9748_RS15260	22	80.615	650	120	6	37	683	20514	19868	2.66e-141	497
BN9748_RS15265	22	82.339	821	141	4	1	819	20706	21524	0.0	710
BN9748_RS15320	2	96.145	441	14	1	212	652	83125	83562	0.0	717
BN9748_RS15320	2	99.558	226	1	0	1	226	82882	83107	9.34e-116	412
BN9748_RS15320	23	98.571	280	1	1	373	652	1	277	1.17e-139	492
BN9748_RS15320	44	97.004	267	5	1	386	652	1000	737	9.21e-126	446
BN9748_RS15320	47	99.487	195	1	0	32	226	373	179	1.60e-98	355
BN9748_RS15320	47	98.710	155	2	0	218	372	155	1	1.28e-74	276
BN9748_RS15320	53	100.000	29	0	0	2	30	76	104	6.52e-08	54.7
BN9748_RS15335	27	91.549	213	18	0	7	219	9649	9437	1.12e-80	294
BN9748_RS15335	31	85.380	171	23	2	1	170	5581	5412	4.22e-45	176
BN9748_RS15375	3	76.746	1217	277	6	28	1241	324012	322799	0.0	675
BN9748_RS15390	31	86.658	757	101	0	423	1179	6131	5375	0.0	839
BN9748_RS15490	42	75.746	503	116	4	752	1251	640	141	5.44e-66	248
BN9748_RS15680	31	99.107	336	3	0	1	336	2365	2030	1.50e-173	604
BN9748_RS15680	31	98.328	299	3	1	383	681	2034	1738	4.33e-149	523
BN9748_RS15725	2	100.000	35	0	0	794	828	83619	83585	3.86e-11	65.8
BN9748_RS15725	44	100.000	33	0	0	796	828	682	714	4.99e-10	62.1
BN9748_RS15725	23	100.000	32	0	0	797	828	331	300	1.79e-09	60.2
BN9748_RS15730	2	96.145	441	14	1	212	652	83125	83562	0.0	717
BN9748_RS15730	2	99.558	226	1	0	1	226	82882	83107	9.34e-116	412
BN9748_RS15730	23	98.571	280	1	1	373	652	1	277	1.17e-139	492
BN9748_RS15730	44	97.004	267	5	1	386	652	1000	737	9.21e-126	446
BN9748_RS15730	47	99.487	195	1	0	32	226	373	179	1.60e-98	355
BN9748_RS15730	47	98.710	155	2	0	218	372	155	1	1.28e-74	276
BN9748_RS15730	53	100.000	29	0	0	2	30	76	104	6.52e-08	54.7
BN9748_RS15785	2	97.797	681	15	0	1	681	82882	83562	0.0	1175
BN9748_RS15785	47	99.196	373	3	0	32	404	373	1	0.0	673
BN9748_RS15785	23	98.917	277	3	0	405	681	1	277	9.43e-141	496
BN9748_RS15785	44	97.348	264	7	0	418	681	1000	737	7.45e-127	449
BN9748_RS15785	53	100.000	29	0	0	2	30	76	104	6.82e-08	54.7
BN9748_RS16475	42	75.746	503	116	4	752	1251	640	141	5.44e-66	248
BN9748_RS16640	35	95.978	1069	42	1	228	1296	3156	2089	0.0	1735
BN9748_RS16685	2	97.944	681	14	0	1	681	82882	83562	0.0	1181
BN9748_RS16685	47	99.732	373	1	0	32	404	373	1	0.0	684
BN9748_RS16685	23	99.278	277	2	0	405	681	1	277	2.03e-142	501
BN9748_RS16685	44	97.727	264	6	0	418	681	1000	737	1.60e-128	455
BN9748_RS16710	31	86.922	757	99	0	423	1179	6131	5375	0.0	850
BN9748_RS16730	2	98.385	681	11	0	1	681	82882	83562	0.0	1197
BN9748_RS16730	47	99.732	373	1	0	32	404	373	1	0.0	684
BN9748_RS16730	23	99.639	277	1	0	405	681	1	277	4.36e-144	507
BN9748_RS16730	44	98.106	264	5	0	418	681	1000	737	3.44e-130	460
BN9748_RS16730	53	100.000	29	0	0	2	30	76	104	6.82e-08	54.7
BN9748_RS16750	2	98.385	681	11	0	1	681	82882	83562	0.0	1197
BN9748_RS16750	47	99.732	373	1	0	32	404	373	1	0.0	684
BN9748_RS16750	23	99.639	277	1	0	405	681	1	277	4.36e-144	507
BN9748_RS16750	44	98.106	264	5	0	418	681	1000	737	3.44e-130	460
BN9748_RS16750	53	100.000	29	0	0	2	30	76	104	6.82e-08	54.7
BN9748_RS16785	2	98.385	681	11	0	1	681	82882	83562	0.0	1197
BN9748_RS16785	47	99.732	373	1	0	32	404	373	1	0.0	684
BN9748_RS16785	23	99.639	277	1	0	405	681	1	277	4.36e-144	507
BN9748_RS16785	44	98.106	264	5	0	418	681	1000	737	3.44e-130	460
BN9748_RS16785	53	100.000	29	0	0	2	30	76	104	6.82e-08	54.7
BN9748_RS16790	31	89.552	335	35	0	1	335	2365	2031	1.26e-119	425
BN9748_RS17255	40	96.581	117	4	0	1	117	1087	1203	5.73e-51	195
BN9748_RS16805	38	100.000	738	0	0	1	738	2297	1560	0.0	1363
BN9748_RS16810	38	98.810	84	1	0	1	84	2505	2422	8.34e-38	150
BN9748_RS16820	2	98.385	681	11	0	1	681	82882	83562	0.0	1197
BN9748_RS16820	47	99.732	373	1	0	32	404	373	1	0.0	684
BN9748_RS16820	23	99.639	277	1	0	405	681	1	277	4.36e-144	507
BN9748_RS16820	44	98.106	264	5	0	418	681	1000	737	3.44e-130	460
BN9748_RS16820	53	100.000	29	0	0	2	30	76	104	6.82e-08	54.7
BN9748_RS16845	2	98.385	681	11	0	1	681	82882	83562	0.0	1197
BN9748_RS16845	47	99.732	373	1	0	32	404	373	1	0.0	684
BN9748_RS16845	23	99.639	277	1	0	405	681	1	277	4.36e-144	507
BN9748_RS16845	44	98.106	264	5	0	418	681	1000	737	3.44e-130	460
BN9748_RS16845	53	100.000	29	0	0	2	30	76	104	6.82e-08	54.7
BN9748_RS16855	2	98.385	681	11	0	1	681	82882	83562	0.0	1197
BN9748_RS16855	47	99.732	373	1	0	32	404	373	1	0.0	684
BN9748_RS16855	23	99.639	277	1	0	405	681	1	277	4.36e-144	507
BN9748_RS16855	44	98.106	264	5	0	418	681	1000	737	3.44e-130	460
BN9748_RS16855	53	100.000	29	0	0	2	30	76	104	6.82e-08	54.7
JCM7685_RS19410	36	80.690	1015	171	19	1728	2725	1345	339	0.0	765
JCM7685_RS19410	36	75.297	757	151	33	398	1136	2718	1980	4.33e-90	329
JCM7685_RS19420	6	92.857	56	4	0	8	63	154786	154731	2.76e-17	82.4
JCM7685_RS19420	6	92.857	56	4	0	8	63	155453	155398	2.76e-17	82.4
JCM7685_RS19425	41	79.189	1331	211	37	195	1468	1385	64	0.0	863
CPY99_RS26230	38	97.222	72	2	0	25	96	2493	2422	2.16e-29	122
CPY99_RS26235	38	99.729	738	2	0	1	738	2297	1560	0.0	1352
CPY99_RS27265	38	99.398	166	1	0	1	166	1615	1450	5.06e-83	302
CPZ03_RS26610	38	97.222	72	2	0	25	96	2493	2422	2.16e-29	122
CPZ03_RS26615	38	99.729	738	2	0	1	738	2297	1560	0.0	1352
CPZ03_RS27675	38	99.398	166	1	0	1	166	1615	1450	5.06e-83	302
GU335_RS11485	31	99.405	336	2	0	1	336	2365	2030	3.23e-175	610
GU335_RS11485	31	98.649	296	2	1	386	681	2031	1738	4.33e-149	523
GU335_RS11495	31	96.795	156	3	1	1	156	1891	1738	2.78e-70	259
GU335_RS11510	31	99.405	336	2	0	1	336	2365	2030	3.23e-175	610
GU335_RS11510	31	98.311	296	3	1	386	681	2031	1738	2.01e-147	518
GU335_RS11540	31	99.405	336	2	0	1	336	2365	2030	3.23e-175	610
GU335_RS11540	31	98.649	296	2	1	386	681	2031	1738	4.33e-149	523
GU335_RS11545	31	99.405	336	2	0	1	336	2365	2030	1.82e-175	610
GU335_RS11555	2	98.091	681	13	0	1	681	82882	83562	0.0	1186
GU335_RS11555	47	99.196	373	3	0	32	404	373	1	0.0	673
GU335_RS11555	23	98.917	277	3	0	405	681	1	277	9.43e-141	496
GU335_RS11555	44	98.106	264	5	0	418	681	1000	737	3.44e-130	460
GU335_RS11555	53	100.000	29	0	0	2	30	76	104	6.82e-08	54.7
GU335_RS11560	23	100.000	38	0	0	1	38	295	332	1.09e-12	71.3
GU335_RS11560	44	100.000	37	0	0	1	37	719	683	3.92e-12	69.4
GU335_RS11560	2	100.000	37	0	0	1	37	83580	83616	3.92e-12	69.4
GU335_RS11615	31	98.209	335	6	0	1	335	2365	2031	5.44e-168	586
GU335_RS11615	31	92.632	285	19	1	397	681	2020	1738	1.26e-114	409
GU335_RS11620	2	98.385	681	11	0	1	681	82882	83562	0.0	1197
GU335_RS11620	47	99.196	373	3	0	32	404	373	1	0.0	673
GU335_RS11620	23	98.195	277	5	0	405	681	1	277	2.04e-137	484
GU335_RS11620	44	98.864	264	3	0	418	681	1000	737	1.59e-133	472
GU335_RS11620	53	100.000	29	0	0	2	30	76	104	6.82e-08	54.7
GU335_RS11635	8	79.005	1929	384	20	2	1920	34026	35943	0.0	1299
GU335_RS11640	8	84.524	168	26	0	1	168	36067	36234	1.89e-42	167
GU335_RS11655	2	98.385	681	11	0	1	681	82882	83562	0.0	1197
GU335_RS11655	47	99.196	373	3	0	32	404	373	1	0.0	673
GU335_RS11655	23	98.195	277	5	0	405	681	1	277	2.04e-137	484
GU335_RS11655	44	98.864	264	3	0	418	681	1000	737	1.59e-133	472
GU335_RS11655	53	100.000	29	0	0	2	30	76	104	6.82e-08	54.7
GU335_RS11660	40	98.068	207	4	0	1	207	340	546	1.13e-100	361
GU335_RS11665	40	96.703	273	9	0	1	273	66	338	6.12e-129	455
GU335_RS11670	51	97.778	135	3	0	27	161	135	1	2.35e-62	233
GU335_RS11670	40	100.000	49	0	0	162	210	1	49	1.50e-19	91.6
GU335_RS11675	38	98.551	897	13	0	1	897	1027	131	0.0	1585
GU335_RS11680	38	98.947	285	3	0	1	285	1414	1130	1.35e-145	510
GU335_RS11680	44	96.154	260	10	0	26	285	411	152	5.03e-120	425
GU335_RS11685	38	98.780	738	9	0	1	738	2297	1560	0.0	1314
GU335_RS11690	51	100.000	135	0	0	33	167	135	1	2.71e-67	250
GU335_RS11690	38	98.630	73	1	0	168	240	2626	2554	3.68e-31	130
GU335_RS11690	38	100.000	31	0	0	1	31	32	2	1.76e-09	58.4
GU335_RS11690	44	100.000	32	0	0	1	32	32	1	4.90e-10	60.2
GU335_RS11695	44	97.932	532	11	0	1614	2145	683	152	0.0	922
GU335_RS11695	38	98.077	260	5	0	1886	2145	1389	1130	1.85e-127	453
GU335_RS11710	31	99.405	336	2	0	1	336	2365	2030	3.23e-175	610
GU335_RS11710	31	98.986	296	1	1	386	681	2031	1738	9.30e-151	529
GU335_RS11745	2	97.063	681	20	0	1	681	82882	83562	0.0	1147
GU335_RS11745	47	98.113	371	7	0	34	404	371	1	0.0	647
GU335_RS11745	23	98.556	277	4	0	405	681	1	277	4.39e-139	490
GU335_RS11745	44	99.242	264	2	0	418	681	1000	737	3.42e-135	477
GU335_RS11765	31	99.405	336	2	0	1	336	2365	2030	3.23e-175	610
GU335_RS11765	31	98.649	296	2	1	386	681	2031	1738	4.33e-149	523
GU335_RS11875	4	75.724	1520	348	20	220	1728	237149	235640	0.0	743
GU335_RS12050	31	99.702	336	1	0	1	336	2365	2030	6.94e-177	616
GU335_RS12050	31	98.311	296	3	1	386	681	2031	1738	2.01e-147	518
GU335_RS12090	31	99.405	336	2	0	1	336	2365	2030	3.23e-175	610
GU335_RS12090	31	98.649	296	2	1	386	681	2031	1738	4.33e-149	523
GU335_RS12120	31	99.702	336	1	0	1	336	2365	2030	6.94e-177	616
GU335_RS12120	31	98.986	296	1	1	386	681	2031	1738	9.30e-151	529
GU335_RS12180	31	90.448	335	32	0	1	335	2365	2031	1.25e-124	442
FLC01_RS14010	43	98.854	960	11	0	1	960	97	1056	0.0	1712
FLC01_RS14035	42	75.746	503	116	4	752	1251	640	141	5.44e-66	248
FLC01_RS14130	21	95.349	43	0	2	181	222	21691	21732	2.69e-12	67.6
FLC01_RS14135	21	99.484	1163	6	0	1	1163	21773	22935	0.0	2115
FLC01_RS14140	21	97.917	96	2	0	662	757	23060	22965	9.37e-42	167
FLC01_RS14195	21	99.484	1163	6	0	1	1163	21773	22935	0.0	2115
FLC01_RS14200	31	86.658	757	101	0	423	1179	6131	5375	0.0	839
FLC01_RS14220	3	76.746	1217	277	6	28	1241	324012	322799	0.0	675
FLC01_RS14260	27	91.549	213	18	0	7	219	9649	9437	1.12e-80	294
FLC01_RS14260	31	85.380	171	23	2	1	170	5581	5412	4.22e-45	176
FLC01_RS14275	2	96.145	441	14	1	212	652	83125	83562	0.0	717
FLC01_RS14275	2	99.558	226	1	0	1	226	82882	83107	9.34e-116	412
FLC01_RS14275	23	98.571	280	1	1	373	652	1	277	1.17e-139	492
FLC01_RS14275	44	97.004	267	5	1	386	652	1000	737	9.21e-126	446
FLC01_RS14275	47	99.487	195	1	0	32	226	373	179	1.60e-98	355
FLC01_RS14275	47	98.710	155	2	0	218	372	155	1	1.28e-74	276
FLC01_RS14275	53	100.000	29	0	0	2	30	76	104	6.52e-08	54.7
FLC01_RS14320	22	82.339	821	141	4	1	819	20706	21524	0.0	710
FLC01_RS14325	22	80.615	650	120	6	37	683	20514	19868	2.66e-141	497
FLC01_RS14330	22	81.921	1510	259	14	1	1503	19850	18348	0.0	1264
FLC01_RS14345	21	99.484	1163	6	0	1	1163	21773	22935	0.0	2115
FLC01_RS14390	21	99.484	1163	6	0	1	1163	21773	22935	0.0	2115
FLC01_RS14395	21	99.691	1293	4	0	1	1293	20634	19342	0.0	2366
FLC01_RS14400	21	100.000	261	0	0	1	261	21168	20908	2.69e-137	483
FLC01_RS14405	31	86.658	757	101	0	423	1179	6131	5375	0.0	839
FLC01_RS14420	2	98.385	681	11	0	1	681	82882	83562	0.0	1197
FLC01_RS14420	47	99.732	373	1	0	32	404	373	1	0.0	684
FLC01_RS14420	23	98.917	277	3	0	405	681	1	277	9.43e-141	496
FLC01_RS14420	44	98.106	264	5	0	418	681	1000	737	3.44e-130	460
FLC01_RS14420	53	100.000	29	0	0	2	30	76	104	6.82e-08	54.7
FLC01_RS14455	23	98.305	177	3	0	1	177	101	277	8.74e-86	311
FLC01_RS14455	44	97.740	177	4	0	1	177	913	737	4.07e-84	305
FLC01_RS14455	2	97.740	177	4	0	1	177	83386	83562	4.07e-84	305
FLC01_RS14475	31	99.702	336	1	0	1	336	2365	2030	6.94e-177	616
FLC01_RS14475	31	98.328	299	3	1	383	681	2034	1738	4.33e-149	523
FLC01_RS14480	2	97.082	377	11	0	5	381	83186	83562	0.0	636
FLC01_RS14480	23	99.278	277	2	0	105	381	1	277	1.11e-142	501
FLC01_RS14480	44	97.727	264	6	0	118	381	1000	737	8.75e-129	455
FLC01_RS14480	47	100.000	100	0	0	5	104	100	1	1.27e-47	185
FLC01_RS14490	31	98.718	78	1	0	97	174	2442	2365	4.28e-34	139
FLC01_RS14495	31	99.702	336	1	0	1	336	2365	2030	6.94e-177	616
FLC01_RS14495	31	98.328	299	3	1	383	681	2034	1738	4.33e-149	523
FLC01_RS14520	21	91.925	161	13	0	66	226	12581	12421	7.78e-60	226
FLC01_RS14540	2	98.238	681	12	0	1	681	82882	83562	0.0	1192
FLC01_RS14540	47	99.464	373	2	0	32	404	373	1	0.0	678
FLC01_RS14540	23	99.639	277	1	0	405	681	1	277	4.36e-144	507
FLC01_RS14540	44	98.106	264	5	0	418	681	1000	737	3.44e-130	460
FLC01_RS14540	53	100.000	29	0	0	2	30	76	104	6.82e-08	54.7
FLC01_RS14545	21	100.000	39	0	0	1282	1320	28224	28186	3.71e-13	73.1
FLC01_RS14550	35	100.000	566	0	0	1	566	3513	4078	0.0	1046
FLC01_RS14555	35	98.824	85	1	0	1	85	3241	3157	4.47e-37	152
FLC01_RS14560	9	80.039	1538	296	10	33	1566	82096	83626	0.0	1129
FLC01_RS14685	35	98.824	85	1	0	1	85	3241	3157	4.47e-37	152
FLC01_RS14740	21	89.243	1097	118	0	1	1097	20634	19538	0.0	1373
FLC01_RS14745	35	99.927	1377	1	0	1	1377	582	1958	0.0	2538
FLC01_RS14750	35	100.000	582	0	0	76	657	1	582	0.0	1075
FLC01_RS14755	27	99.677	1237	4	0	1	1237	12696	13932	0.0	2263
FLC01_RS14760	27	98.969	97	1	0	60	156	12581	12677	1.04e-44	174
FLC01_RS14775	2	98.091	681	13	0	1	681	82882	83562	0.0	1186
FLC01_RS14775	47	99.464	373	2	0	32	404	373	1	0.0	678
FLC01_RS14775	23	99.639	277	1	0	405	681	1	277	4.36e-144	507
FLC01_RS14775	44	98.106	264	5	0	418	681	1000	737	3.44e-130	460
FLC01_RS14980	31	86.658	757	101	0	423	1179	6131	5375	0.0	839
FLC01_RS15420	42	75.746	503	116	4	752	1251	640	141	5.44e-66	248
FLC01_RS15565	42	75.746	503	116	4	752	1251	640	141	5.44e-66	248
FLC01_RS15660	22	83.788	586	95	0	8	593	23084	23669	3.84e-159	556
FLC01_RS15695	44	97.260	73	2	0	3	75	809	737	4.36e-30	124
FLC01_RS15695	23	97.260	73	2	0	3	75	205	277	4.36e-30	124
FLC01_RS15695	2	97.260	73	2	0	3	75	83490	83562	4.36e-30	124
FLC01_RS15705	2	98.390	621	10	0	1	621	82882	83502	0.0	1092
FLC01_RS15705	47	99.732	373	1	0	32	404	373	1	0.0	684
FLC01_RS15705	23	100.000	216	0	0	405	620	1	216	7.54e-112	399
FLC01_RS15705	44	97.585	207	5	0	418	624	1000	794	1.66e-98	355
FLC01_RS15705	53	100.000	29	0	0	2	30	76	104	6.76e-08	54.7
FLC01_RS15745	2	98.385	681	11	0	1	681	82882	83562	0.0	1197
FLC01_RS15745	47	99.732	373	1	0	32	404	373	1	0.0	684
FLC01_RS15745	23	99.639	277	1	0	405	681	1	277	4.36e-144	507
FLC01_RS15745	44	98.106	264	5	0	418	681	1000	737	3.44e-130	460
FLC01_RS15745	53	100.000	29	0	0	2	30	76	104	6.82e-08	54.7
FLC01_RS15755	31	86.658	757	101	0	423	1179	6131	5375	0.0	839
FLC01_RS15885	27	99.715	351	1	0	1	351	12024	12374	0.0	643
FLC01_RS15885	21	99.000	100	1	0	351	450	21579	21678	7.02e-46	180
FLC01_RS15890	27	97.790	543	1	1	1	543	11337	11868	0.0	926
FLC01_RS15915	2	98.532	681	10	0	1	681	82882	83562	0.0	1203
FLC01_RS15915	47	99.732	373	1	0	32	404	373	1	0.0	684
FLC01_RS15915	23	99.278	277	2	0	405	681	1	277	2.03e-142	501
FLC01_RS15915	44	98.485	264	4	0	418	681	1000	737	7.40e-132	466
FLC01_RS15915	53	100.000	29	0	0	2	30	76	104	6.82e-08	54.7
FLC01_RS15945	2	98.385	681	11	0	1	681	82882	83562	0.0	1197
FLC01_RS15945	47	99.732	373	1	0	32	404	373	1	0.0	684
FLC01_RS15945	23	99.639	277	1	0	405	681	1	277	4.36e-144	507
FLC01_RS15945	44	98.106	264	5	0	418	681	1000	737	3.44e-130	460
FLC01_RS15945	53	100.000	29	0	0	2	30	76	104	6.82e-08	54.7
FLC01_RS15965	2	98.238	681	12	0	1	681	82882	83562	0.0	1192
FLC01_RS15965	47	99.732	373	1	0	32	404	373	1	0.0	684
FLC01_RS15965	23	99.278	277	2	0	405	681	1	277	2.03e-142	501
FLC01_RS15965	44	97.727	264	6	0	418	681	1000	737	1.60e-128	455
FLC01_RS15965	53	100.000	29	0	0	2	30	76	104	6.82e-08	54.7
FLC01_RS15970	38	97.203	143	4	0	2	144	273	131	2.55e-65	243
FLC01_RS15975	51	100.000	135	0	0	27	161	135	1	2.34e-67	250
FLC01_RS15980	40	97.802	273	6	0	1	273	66	338	6.08e-134	472
FLC01_RS15985	40	96.412	864	31	0	1	864	340	1203	0.0	1424
FLC01_RS15990	38	99.729	738	2	0	1	738	2297	1560	0.0	1352
FLC01_RS15995	38	98.810	84	1	0	1	84	2505	2422	8.34e-38	150
FLC01_RS16000	38	100.000	73	0	0	12	84	2626	2554	2.34e-33	135
FLC01_RS16005	39	100.000	795	0	0	1	795	2087	1293	0.0	1469
FLC01_RS16010	39	100.000	252	0	0	1	252	2431	2180	2.60e-132	466
FLC01_RS16025	39	100.000	229	0	0	1	229	262	34	1.57e-119	424
FLC01_RS16030	39	99.819	554	1	0	356	909	812	259	0.0	1018
FLC01_RS16060	2	98.385	681	11	0	1	681	82882	83562	0.0	1197
FLC01_RS16060	47	99.732	373	1	0	32	404	373	1	0.0	684
FLC01_RS16060	23	99.639	277	1	0	405	681	1	277	4.36e-144	507
FLC01_RS16060	44	98.106	264	5	0	418	681	1000	737	3.44e-130	460
FLC01_RS16060	53	100.000	29	0	0	2	30	76	104	6.82e-08	54.7
FLC01_RS16095	21	99.398	1163	7	0	1	1163	21773	22935	0.0	2109
FLC01_RS16100	21	100.000	35	0	0	221	255	21698	21732	1.12e-11	65.8
DY029_RS17010	41	79.214	1323	228	38	242	1538	1368	67	0.0	876
DY029_RS17025	36	80.078	1029	179	21	1760	2771	1345	326	0.0	741
DY029_RS17025	36	76.099	1046	214	34	377	1401	2718	1688	1.14e-145	514
DY081_RS25720	36	80.175	1029	178	21	1760	2771	1345	326	0.0	747
DY081_RS25720	36	76.313	1047	210	36	377	1401	2718	1688	5.26e-149	525
DY081_RS25735	41	79.230	1324	226	38	242	1538	1368	67	0.0	876
DYZ17_RS25650	36	80.078	1029	179	21	1760	2771	1345	326	0.0	741
DYZ17_RS25650	36	75.598	1045	221	32	377	1401	2718	1688	2.48e-137	486
DYZ17_RS25665	41	79.289	1323	227	38	242	1538	1368	67	0.0	881
DYZ17_RS28560	36	80.175	1029	178	21	1759	2770	1345	326	0.0	747
DYZ17_RS28560	36	75.598	1045	220	32	377	1400	2718	1688	8.92e-137	484
DYZ17_RS28575	41	79.289	1323	227	38	242	1538	1368	67	0.0	881
DYZ16_RS20740	41	79.318	1320	231	32	244	1539	1368	67	0.0	887
DYZ16_RS20755	36	80.175	1029	178	21	1759	2770	1345	326	0.0	747
DYZ16_RS20755	36	75.598	1045	220	32	377	1400	2718	1688	8.92e-137	484
DYZ16_RS23135	41	79.318	1320	232	31	242	1538	1368	67	0.0	887
DYZ16_RS23150	36	80.175	1029	178	21	1760	2771	1345	326	0.0	747
DYZ16_RS23150	36	75.598	1045	221	32	377	1401	2718	1688	2.48e-137	486
DYZ20_RS17555	41	79.365	1323	221	43	242	1533	1368	67	0.0	883
DYZ20_RS17570	36	80.175	1029	178	21	1758	2769	1345	326	0.0	747
DYZ20_RS17570	36	76.409	1047	207	38	377	1399	2718	1688	4.06e-150	529
DYZ20_RS20160	41	79.230	1324	226	38	242	1538	1368	67	0.0	876
DYZ20_RS20175	36	80.175	1029	178	21	1760	2771	1345	326	0.0	747
DYZ20_RS20175	36	76.313	1047	210	36	377	1401	2718	1688	5.26e-149	525
ELZ59_RS12980	21	99.398	1163	7	0	1	1163	21773	22935	0.0	2109
ELZ59_RS13105	2	98.385	681	11	0	1	681	82882	83562	0.0	1197
ELZ59_RS13105	47	99.732	373	1	0	32	404	373	1	0.0	684
ELZ59_RS13105	23	99.639	277	1	0	405	681	1	277	4.36e-144	507
ELZ59_RS13105	44	98.106	264	5	0	418	681	1000	737	3.44e-130	460
ELZ59_RS13105	53	100.000	29	0	0	2	30	76	104	6.82e-08	54.7
ELZ59_RS13185	21	99.398	1163	7	0	1	1163	21773	22935	0.0	2109
ELZ59_RS13210	31	86.658	757	101	0	423	1179	6131	5375	0.0	839
ELZ59_RS13315	2	94.048	672	38	2	1	671	82882	83552	0.0	1018
ELZ59_RS13315	47	99.196	373	3	0	32	404	373	1	0.0	673
ELZ59_RS13315	23	88.489	278	30	2	405	681	1	277	2.18e-92	335
ELZ59_RS13315	31	92.377	223	15	1	459	681	1958	1738	7.88e-87	316
ELZ59_RS13315	44	87.451	255	30	2	418	671	1000	747	1.33e-79	292
ELZ59_RS13315	53	100.000	29	0	0	2	30	76	104	6.82e-08	54.7
ELZ59_RS13320	53	100.000	37	0	0	1290	1326	1	37	4.82e-12	69.4
ELZ59_RS13320	2	100.000	37	0	0	1290	1326	82808	82844	4.82e-12	69.4
ELZ59_RS13435	2	97.944	681	14	0	1	681	82882	83562	0.0	1181
ELZ59_RS13435	47	99.196	373	3	0	32	404	373	1	0.0	673
ELZ59_RS13435	23	99.278	277	2	0	405	681	1	277	2.03e-142	501
ELZ59_RS13435	44	97.727	264	6	0	418	681	1000	737	1.60e-128	455
ELZ59_RS13435	53	100.000	29	0	0	2	30	76	104	6.82e-08	54.7
ELZ59_RS13500	31	86.658	757	101	0	423	1179	6131	5375	0.0	839
ELZ59_RS13505	8	100.000	307	0	0	1	307	22568	22874	8.55e-163	568
ELZ59_RS13510	8	100.000	315	0	0	1	315	22238	22552	3.14e-167	582
ELZ59_RS13540	2	98.385	681	11	0	1	681	82882	83562	0.0	1197
ELZ59_RS13540	47	99.732	373	1	0	32	404	373	1	0.0	684
ELZ59_RS13540	23	99.639	277	1	0	405	681	1	277	4.36e-144	507
ELZ59_RS13540	44	98.106	264	5	0	418	681	1000	737	3.44e-130	460
ELZ59_RS13540	53	100.000	29	0	0	2	30	76	104	6.82e-08	54.7
ELZ59_RS13565	21	99.398	1163	7	0	1	1163	21773	22935	0.0	2109
ELZ59_RS13570	21	100.000	35	0	0	221	255	21698	21732	1.12e-11	65.8
ELZ59_RS13615	2	98.238	681	12	0	1	681	82882	83562	0.0	1192
ELZ59_RS13615	47	99.732	373	1	0	32	404	373	1	0.0	684
ELZ59_RS13615	23	99.278	277	2	0	405	681	1	277	2.03e-142	501
ELZ59_RS13615	44	97.727	264	6	0	418	681	1000	737	1.60e-128	455
ELZ59_RS13615	53	100.000	29	0	0	2	30	76	104	6.82e-08	54.7
ELZ59_RS13620	44	100.000	34	0	0	867	900	681	714	1.51e-10	63.9
ELZ59_RS13620	23	97.222	36	1	0	865	900	335	300	5.43e-10	62.1
ELZ59_RS13620	2	100.000	33	0	0	868	900	83617	83585	5.43e-10	62.1
ELZ59_RS13645	8	96.458	1920	68	0	1	1920	34025	35944	0.0	3169
ELZ59_RS13650	8	99.145	117	1	0	1	117	33893	34009	5.69e-56	211
ELZ59_RS13660	8	99.786	933	2	0	1	933	32716	33648	0.0	1712
ELZ59_RS13665	8	99.501	1002	5	0	1	1002	31718	32719	0.0	1823
ELZ59_RS13670	8	92.132	2186	156	7	1	2178	29544	31721	0.0	3070
ELZ59_RS13675	8	99.918	2448	2	0	1	2448	27094	29541	0.0	4510
ELZ59_RS13680	8	100.000	507	0	0	1	507	26604	27110	0.0	937
ELZ59_RS13685	8	100.000	498	0	0	1	498	26132	26629	0.0	920
ELZ59_RS13690	8	100.000	222	0	0	1	222	25794	26015	1.08e-115	411
ELZ59_RS13695	8	99.917	1206	1	0	1	1206	24546	25751	0.0	2222
ELZ59_RS13700	8	100.000	153	0	0	1	153	24371	24523	1.61e-77	283
ELZ59_RS13705	8	100.000	1386	0	0	1	1386	22983	24368	0.0	2560
ELZ59_RS13710	8	100.000	80	0	0	1	80	22875	22954	2.82e-37	148
SPYCW_RS18645	3	75.444	338	75	6	25	358	175741	175408	1.13e-38	158
EW031_RS15390	39	99.038	208	1	1	1	207	1017	810	1.39e-103	372
EW031_RS15400	39	100.000	795	0	0	1	795	2087	1293	0.0	1469
EW031_RS15405	39	100.000	262	0	0	1	262	262	1	1.58e-137	484
EW031_RS15405	39	100.000	241	0	0	263	503	2460	2220	7.46e-126	446
EW031_RS15405	39	100.000	40	0	0	492	531	2219	2180	4.05e-14	75.0
EW031_RS15410	39	99.819	554	1	0	83	636	812	259	0.0	1018
ELZ42_RS12805	44	92.481	532	40	0	1146	1677	683	152	0.0	761
ELZ42_RS12805	38	96.923	260	8	0	1418	1677	1389	1130	1.46e-122	436
ELZ42_RS12810	38	93.130	262	18	0	6	267	980	719	7.95e-108	385
ELZ42_RS13515	38	96.341	328	11	1	1	328	487	161	8.79e-154	538
ELZ42_RS12840	44	97.932	532	11	0	1068	1599	683	152	0.0	922
ELZ42_RS12840	38	98.077	260	5	0	1340	1599	1389	1130	1.38e-127	453
ELZ42_RS12845	51	100.000	91	0	0	27	117	135	45	5.14e-43	169
ELZ42_RS12845	38	98.276	58	1	0	108	165	2583	2526	5.29e-23	102
ELZ42_RS12850	38	98.611	72	1	0	25	96	2493	2422	4.63e-31	128
ELZ42_RS12855	38	99.864	738	1	0	1	738	2297	1560	0.0	1358
ELZ42_RS12865	38	97.193	285	8	0	1	285	1414	1130	2.94e-137	483
ELZ42_RS12865	44	96.538	260	9	0	26	285	411	152	1.08e-121	431
ELZ42_RS12870	38	95.880	267	11	0	1	267	985	719	2.80e-122	433
ELZ42_RS12875	38	98.901	455	5	0	2	456	714	260	0.0	813
ELZ42_RS12880	51	100.000	135	0	0	27	161	135	1	2.34e-67	250
ELZ42_RS12880	40	100.000	49	0	0	162	210	1	49	1.50e-19	91.6
ELZ42_RS12885	40	96.703	273	9	0	1	273	66	338	6.12e-129	455
ELZ42_RS12890	40	98.380	864	14	0	1	864	340	1203	0.0	1519
ELZ42_RS12895	40	100.000	318	0	0	1	318	1644	1961	6.82e-169	588
ELZ42_RS12910	2	97.797	681	15	0	1	681	82882	83562	0.0	1175
ELZ42_RS12910	47	98.928	373	4	0	32	404	373	1	0.0	667
ELZ42_RS12910	23	98.556	277	4	0	405	681	1	277	4.39e-139	490
ELZ42_RS12910	44	97.727	264	6	0	418	681	1000	737	1.60e-128	455
ELZ42_RS12910	53	100.000	29	0	0	2	30	76	104	6.82e-08	54.7
ELZ42_RS12935	21	99.312	1163	8	0	1	1163	21773	22935	0.0	2104
ELZ42_RS12985	31	99.107	336	3	0	1	336	2365	2030	1.50e-173	604
ELZ42_RS12985	31	97.993	299	4	1	383	681	2034	1738	2.01e-147	518
ELZ42_RS13025	31	98.810	336	4	0	1	336	2365	2030	5.44e-172	599
ELZ42_RS13025	31	99.342	152	1	0	383	534	2034	1883	1.04e-74	276
ELZ42_RS13150	21	99.398	1163	7	0	1	1163	21773	22935	0.0	2109
ELZ42_RS13205	2	98.238	681	12	0	1	681	82882	83562	0.0	1192
ELZ42_RS13205	47	99.464	373	2	0	32	404	373	1	0.0	678
ELZ42_RS13205	23	99.639	277	1	0	405	681	1	277	4.36e-144	507
ELZ42_RS13205	44	98.106	264	5	0	418	681	1000	737	3.44e-130	460
ELZ42_RS13205	53	100.000	29	0	0	2	30	76	104	6.82e-08	54.7
ELZ42_RS13215	2	98.238	681	12	0	1	681	82882	83562	0.0	1192
ELZ42_RS13215	47	99.464	373	2	0	32	404	373	1	0.0	678
ELZ42_RS13215	23	99.639	277	1	0	405	681	1	277	4.36e-144	507
ELZ42_RS13215	44	98.106	264	5	0	418	681	1000	737	3.44e-130	460
ELZ42_RS13215	53	100.000	29	0	0	2	30	76	104	6.82e-08	54.7
ELZ42_RS13220	53	100.000	58	0	0	1	58	58	1	6.69e-24	108
ELZ42_RS13220	2	100.000	58	0	0	1	58	82865	82808	6.69e-24	108
ELZ42_RS13315	44	100.000	54	0	0	1	54	736	683	2.53e-22	100
ELZ42_RS13315	23	100.000	54	0	0	1	54	278	331	2.53e-22	100
ELZ42_RS13315	2	98.276	58	0	1	1	57	83563	83620	2.53e-22	100
ELZ42_RS13320	2	98.238	681	12	0	1	681	82882	83562	0.0	1192
ELZ42_RS13320	47	99.464	373	2	0	32	404	373	1	0.0	678
ELZ42_RS13320	23	99.639	277	1	0	405	681	1	277	4.36e-144	507
ELZ42_RS13320	44	98.106	264	5	0	418	681	1000	737	3.44e-130	460
ELZ42_RS13320	53	100.000	29	0	0	2	30	76	104	6.82e-08	54.7
ELZ65_RS13865	42	75.746	503	116	4	752	1251	640	141	5.44e-66	248
ELZ65_RS13975	43	99.062	960	9	0	1	960	97	1056	0.0	1724
ELZ65_RS14000	21	99.484	1163	6	0	1	1163	21773	22935	0.0	2115
ELZ65_RS14075	35	97.938	97	2	0	594	690	2004	2100	2.37e-42	169
ELZ65_RS14080	35	95.978	1069	42	1	228	1296	3156	2089	0.0	1735
ELZ65_RS14105	27	96.474	1191	42	0	1	1191	10627	9437	0.0	1967
ELZ65_RS14105	31	99.254	134	0	1	226	358	6261	6128	8.66e-64	241
ELZ65_RS14105	21	100.000	65	0	0	1	65	21464	21400	1.18e-27	121
ELZ65_RS14110	28	98.201	1167	21	0	1	1167	231	1397	0.0	2039
ELZ65_RS14115	21	99.398	1163	7	0	1	1163	21773	22935	0.0	2109
ELZ65_RS14150	28	97.314	484	13	0	3	486	1989	1506	0.0	822
ELZ65_RS14155	2	97.807	684	12	1	1	684	82882	83562	0.0	1177
ELZ65_RS14155	47	99.732	373	1	0	32	404	373	1	0.0	684
ELZ65_RS14155	23	98.214	280	2	1	405	684	1	277	5.70e-138	486
ELZ65_RS14155	44	96.629	267	6	1	418	684	1000	737	4.50e-124	440
ELZ65_RS14155	53	100.000	29	0	0	2	30	76	104	6.85e-08	54.7
ELZ65_RS14275	21	99.484	1163	6	0	1	1163	21773	22935	0.0	2115
ELZ65_RS14290	22	82.041	1509	259	12	1	1503	19850	18348	0.0	1275
ELZ65_RS14295	22	80.615	650	120	6	37	683	20514	19868	2.66e-141	497
ELZ65_RS14300	22	82.217	821	142	4	1	819	20706	21524	0.0	704
ELZ65_RS14310	31	99.604	757	3	0	423	1179	6131	5375	0.0	1382
ELZ65_RS14310	31	99.254	134	0	1	226	358	6261	6128	8.57e-64	241
ELZ65_RS14310	27	84.680	829	111	13	1	821	10627	9807	0.0	813
ELZ65_RS14310	21	100.000	65	0	0	1	65	21464	21400	1.16e-27	121
ELZ65_RS14355	21	99.398	1163	7	0	1	1163	21773	22935	0.0	2109
ELZ65_RS14360	21	99.691	1293	4	0	1	1293	20634	19342	0.0	2366
ELZ65_RS14365	21	100.000	261	0	0	1	261	21168	20908	2.69e-137	483
ELZ65_RS14370	31	86.658	757	101	0	423	1179	6131	5375	0.0	839
ELZ65_RS14385	21	99.495	396	2	0	1	396	23878	23483	0.0	721
ELZ65_RS14390	21	99.647	849	3	0	1	849	24739	23891	0.0	1552
ELZ65_RS14395	21	100.000	828	0	0	1	828	25581	24754	0.0	1530
ELZ65_RS14400	21	99.768	861	2	0	1	861	26453	25593	0.0	1580
ELZ65_RS14405	21	99.573	1170	5	0	1	1170	26692	27861	0.0	2134
ELZ65_RS14410	2	98.385	681	11	0	1	681	82882	83562	0.0	1197
ELZ65_RS14410	47	99.732	373	1	0	32	404	373	1	0.0	684
ELZ65_RS14410	23	98.917	277	3	0	405	681	1	277	9.43e-141	496
ELZ65_RS14410	44	98.106	264	5	0	418	681	1000	737	3.44e-130	460
ELZ65_RS14410	53	100.000	29	0	0	2	30	76	104	6.82e-08	54.7
ELZ65_RS14435	23	98.305	177	3	0	1	177	101	277	8.74e-86	311
ELZ65_RS14435	44	97.740	177	4	0	1	177	913	737	4.07e-84	305
ELZ65_RS14435	2	97.740	177	4	0	1	177	83386	83562	4.07e-84	305
ELZ65_RS14460	2	97.082	377	11	0	5	381	83186	83562	0.0	636
ELZ65_RS14460	23	99.278	277	2	0	105	381	1	277	1.11e-142	501
ELZ65_RS14460	44	97.727	264	6	0	118	381	1000	737	8.75e-129	455
ELZ65_RS14460	47	100.000	100	0	0	5	104	100	1	1.27e-47	185
ELZ65_RS14470	31	99.702	336	1	0	1	336	2365	2030	6.94e-177	616
ELZ65_RS14470	31	98.328	299	3	1	383	681	2034	1738	4.33e-149	523
ELZ65_RS14495	21	91.925	161	13	0	66	226	12581	12421	7.78e-60	226
ELZ65_RS14515	2	98.385	681	11	0	1	681	82882	83562	0.0	1197
ELZ65_RS14515	47	99.732	373	1	0	32	404	373	1	0.0	684
ELZ65_RS14515	23	99.639	277	1	0	405	681	1	277	4.36e-144	507
ELZ65_RS14515	44	98.106	264	5	0	418	681	1000	737	3.44e-130	460
ELZ65_RS14515	53	100.000	29	0	0	2	30	76	104	6.82e-08	54.7
ELZ65_RS14520	21	100.000	39	0	0	1282	1320	28224	28186	3.71e-13	73.1
ELZ65_RS14525	35	100.000	566	0	0	1	566	3513	4078	0.0	1046
ELZ65_RS14535	35	98.824	85	1	0	1	85	3241	3157	1.78e-37	152
ELZ65_RS14615	35	99.855	1377	2	0	1	1377	582	1958	0.0	2532
ELZ65_RS14620	35	100.000	582	0	0	76	657	1	582	0.0	1075
ELZ65_RS14625	27	99.677	1237	4	0	1	1237	12696	13932	0.0	2263
ELZ65_RS14630	27	98.969	97	1	0	60	156	12581	12677	1.04e-44	174
ELZ65_RS14640	27	99.715	351	1	0	1	351	12024	12374	0.0	643
ELZ65_RS14640	21	99.000	100	1	0	351	450	21579	21678	7.02e-46	180
ELZ65_RS16465	27	97.790	543	1	1	1	543	11337	11868	0.0	926
ELZ65_RS14660	2	98.238	681	12	0	1	681	82882	83562	0.0	1192
ELZ65_RS14660	47	99.732	373	1	0	32	404	373	1	0.0	684
ELZ65_RS14660	23	99.639	277	1	0	405	681	1	277	4.36e-144	507
ELZ65_RS14660	44	98.106	264	5	0	418	681	1000	737	3.44e-130	460
ELZ65_RS15160	42	75.746	503	116	4	752	1251	640	141	5.44e-66	248
ELZ65_RS15355	2	98.091	681	13	0	1	681	82882	83562	0.0	1186
ELZ65_RS15355	47	99.732	373	1	0	32	404	373	1	0.0	684
ELZ65_RS15355	23	99.639	277	1	0	405	681	1	277	4.36e-144	507
ELZ65_RS15355	44	98.106	264	5	0	418	681	1000	737	3.44e-130	460
ELZ65_RS15370	22	81.834	589	107	0	8	596	23084	23672	8.27e-141	496
ELZ65_RS15690	43	99.062	960	9	0	1	960	97	1056	0.0	1724
ELZ65_RS15700	38	99.587	727	3	0	1	727	2297	1571	0.0	1327
ELZ65_RS15705	38	97.619	84	2	0	1	84	2505	2422	3.88e-36	145
ELZ65_RS15710	2	98.238	681	12	0	1	681	82882	83562	0.0	1192
ELZ65_RS15710	47	99.732	373	1	0	32	404	373	1	0.0	684
ELZ65_RS15710	23	99.639	277	1	0	405	681	1	277	4.36e-144	507
ELZ65_RS15710	44	98.106	264	5	0	418	681	1000	737	3.44e-130	460
ELZ65_RS15780	2	98.238	681	12	0	1	681	82882	83562	0.0	1192
ELZ65_RS15780	47	99.732	373	1	0	32	404	373	1	0.0	684
ELZ65_RS15780	23	99.639	277	1	0	405	681	1	277	4.36e-144	507
ELZ65_RS15780	44	98.106	264	5	0	418	681	1000	737	3.44e-130	460
ELZ65_RS15830	2	97.664	685	11	3	1	684	82882	83562	0.0	1171
ELZ65_RS15830	47	98.674	377	1	2	32	408	373	1	0.0	665
ELZ65_RS15830	23	99.639	277	1	0	408	684	1	277	4.38e-144	507
ELZ65_RS15830	44	98.106	264	5	0	421	684	1000	737	3.46e-130	460
ELZ65_RS15850	2	97.804	683	13	1	1	683	82882	83562	0.0	1177
ELZ65_RS15850	47	98.933	375	2	1	32	406	373	1	0.0	669
ELZ65_RS15850	23	99.639	277	1	0	407	683	1	277	4.37e-144	507
ELZ65_RS15850	44	98.106	264	5	0	420	683	1000	737	3.45e-130	460
ELZ65_RS15895	39	81.762	488	87	2	356	842	812	326	5.81e-114	407
ELZ65_RS15910	44	93.797	532	33	0	957	1488	683	152	0.0	800
ELZ65_RS15910	38	94.615	260	14	0	1229	1488	1389	1130	1.31e-112	403
ELZ65_RS15915	38	96.210	897	34	0	1	897	1027	131	0.0	1469
ELZ65_RS15920	51	97.037	135	4	0	27	161	135	1	1.10e-60	228
ELZ65_RS15925	40	93.040	273	19	0	1	273	66	338	2.91e-112	399
ELZ65_RS15930	40	89.352	864	92	0	1	864	340	1203	0.0	1086
EL279_RS14650	24	93.710	620	39	0	1	620	9421	10040	0.0	929
EL279_RS14680	24	100.000	111	0	0	1	111	13500	13610	2.49e-54	206
EL279_RS14685	24	94.558	294	16	0	1	294	13850	14143	6.78e-129	455
EL279_RS14700	24	81.938	454	70	11	571	1017	16349	16797	6.96e-104	374
EL279_RS14725	29	93.791	306	19	0	1	306	941	636	1.49e-130	460
EL279_RS14730	34	97.757	2051	46	0	626	2676	4979	2929	0.0	3533
EL279_RS14730	9	89.564	1974	193	13	627	2596	104091	102127	0.0	2492
EL279_RS14730	29	96.800	625	20	0	1	625	625	1	0.0	1044
EL279_RS14735	34	99.702	336	1	0	1	336	2171	1836	3.32e-177	616
EL279_RS14740	9	89.593	3853	367	26	1	3833	101541	97703	0.0	4863
EL279_RS14740	17	96.080	2398	85	1	1530	3918	40279	37882	0.0	3899
EL279_RS14740	23	94.684	2389	125	2	1531	3918	23989	21602	0.0	3707
EL279_RS14740	34	95.359	1530	69	2	1	1529	1529	1	0.0	2431
EL279_RS14745	17	97.753	356	8	0	1	356	37821	37466	1.27e-176	614
EL279_RS14745	23	97.479	357	9	0	1	357	21540	21184	1.65e-175	610
EL279_RS14750	23	98.442	385	6	0	1	385	21162	20778	0.0	678
EL279_RS14755	23	100.000	261	0	0	1	261	20630	20370	2.69e-137	483
EL279_RS14760	23	98.407	879	14	0	1	879	20359	19481	0.0	1546
EL279_RS14765	23	97.086	858	7	1	1	840	19458	18601	0.0	1430
EL279_RS14770	23	98.899	1272	14	0	1	1272	18575	17304	0.0	2272
EL279_RS14775	23	98.058	618	12	0	1	618	17301	16684	0.0	1075
EL279_RS14780	23	98.082	417	8	0	1	417	16700	16284	0.0	726
EL279_RS14790	23	100.000	300	0	0	1	300	16269	15970	6.50e-159	555
EL279_RS14795	23	99.324	1035	7	0	1	1035	15977	14943	0.0	1873
EL279_RS14800	23	99.638	276	1	0	1	276	14953	14678	6.06e-144	505
EL279_RS14805	23	100.000	390	0	0	1	390	14678	14289	0.0	721
EL279_RS14810	23	99.793	483	1	0	1	483	14257	13775	0.0	887
EL279_RS14815	23	100.000	459	0	0	1	459	13680	13222	0.0	848
EL279_RS14820	23	99.318	2493	17	0	1	2493	13117	10625	0.0	4510
EL279_RS14825	23	87.075	294	27	6	1	291	10668	10383	9.64e-89	322
EL279_RS14830	23	96.634	2347	77	2	1	2346	10257	7912	0.0	3895
EL279_RS14835	23	97.654	2259	53	0	1	2259	7925	5667	0.0	3879
EL279_RS14845	23	100.000	786	0	0	1	786	5144	4359	0.0	1452
EL279_RS14850	23	95.297	489	23	0	1	489	4353	3865	0.0	776
EL279_RS14875	17	77.328	1310	270	24	11	1305	13172	14469	0.0	749
EL279_RS14895	2	98.385	681	11	0	1	681	82882	83562	0.0	1197
EL279_RS14895	47	99.732	373	1	0	32	404	373	1	0.0	684
EL279_RS14895	23	99.639	277	1	0	405	681	1	277	4.36e-144	507
EL279_RS14895	44	98.106	264	5	0	418	681	1000	737	3.44e-130	460
EL279_RS14895	53	100.000	29	0	0	2	30	76	104	6.82e-08	54.7
EL279_RS14905	2	84.018	682	107	2	1	681	82882	83562	0.0	654
EL279_RS14905	47	88.859	368	41	0	37	404	368	1	5.76e-128	453
EL279_RS14940	2	85.484	682	97	2	1	681	82882	83562	0.0	710
EL279_RS14940	47	89.276	373	40	0	32	404	373	1	2.06e-132	468
EL279_RS14940	53	100.000	29	0	0	2	30	76	104	6.82e-08	54.7
EL279_RS14945	38	100.000	73	0	0	12	84	2626	2554	2.34e-33	135
EL279_RS14950	38	100.000	84	0	0	1	84	2505	2422	1.79e-39	156
EL279_RS14955	38	99.864	738	1	0	1	738	2297	1560	0.0	1358
EL279_RS14960	39	100.000	795	0	0	1	795	2087	1293	0.0	1469
EL279_RS14965	38	100.000	73	0	0	12	84	2626	2554	2.34e-33	135
EL279_RS14970	2	98.532	681	10	0	1	681	82882	83562	0.0	1203
EL279_RS14970	47	99.732	373	1	0	32	404	373	1	0.0	684
EL279_RS14970	23	99.278	277	2	0	405	681	1	277	2.03e-142	501
EL279_RS14970	44	98.485	264	4	0	418	681	1000	737	7.40e-132	466
EL279_RS14970	53	100.000	29	0	0	2	30	76	104	6.82e-08	54.7
EL279_RS14990	44	98.496	532	8	0	1308	1839	683	152	0.0	939
EL279_RS14990	38	95.000	260	13	0	1580	1839	1389	1130	3.48e-114	409
EL279_RS14995	38	98.885	897	10	0	1	897	1027	131	0.0	1602
EL279_RS15000	51	97.037	135	4	0	27	161	135	1	1.10e-60	228
EL279_RS15005	40	96.703	273	9	0	1	273	66	338	6.12e-129	455
EL279_RS15010	40	95.023	864	43	0	1	864	340	1203	0.0	1358
EL279_RS15040	2	98.385	681	11	0	1	681	82882	83562	0.0	1197
EL279_RS15040	47	99.732	373	1	0	32	404	373	1	0.0	684
EL279_RS15040	23	98.917	277	3	0	405	681	1	277	9.43e-141	496
EL279_RS15040	44	98.106	264	5	0	418	681	1000	737	3.44e-130	460
EL279_RS15040	53	100.000	29	0	0	2	30	76	104	6.82e-08	54.7
EL279_RS15045	22	89.562	594	62	0	3	596	23079	23672	0.0	754
EL279_RS15055	31	86.790	757	100	0	423	1179	6131	5375	0.0	845
EL279_RS15060	39	100.000	554	0	0	239	792	812	259	0.0	1024
EL279_RS15065	39	100.000	281	0	0	263	543	2460	2180	4.43e-148	520
EL279_RS15065	39	100.000	262	0	0	1	262	262	1	1.62e-137	484
EL279_RS15070	39	100.000	795	0	0	1	795	2087	1293	0.0	1469
EL279_RS15075	38	100.000	73	0	0	12	84	2626	2554	2.34e-33	135
EL279_RS15080	38	100.000	84	0	0	1	84	2505	2422	1.79e-39	156
EL279_RS15085	38	100.000	738	0	0	1	738	2297	1560	0.0	1363
EL279_RS15095	38	97.872	141	3	0	1	141	1414	1274	6.93e-66	244
EL279_RS15095	44	99.138	116	1	0	26	141	411	296	2.53e-55	209
EL279_RS15100	39	81.762	488	87	2	356	842	812	326	5.81e-114	407
EL279_RS15185	31	86.790	757	100	0	423	1179	6131	5375	0.0	845
EL279_RS15265	24	91.819	1638	128	1	1	1632	16956	18593	0.0	2278
EL279_RS15270	24	92.554	1155	86	0	1	1155	18604	19758	0.0	1657
EL279_RS15290	34	94.789	403	21	0	1594	1996	3999	3597	3.58e-180	628
EL279_RS15290	34	95.440	307	14	0	617	923	4979	4673	1.76e-138	490
EL279_RS15290	9	94.541	403	22	0	1594	1996	103115	102713	1.66e-178	623
EL279_RS15290	9	93.968	315	19	0	618	932	104091	103777	1.37e-134	477
EL279_RS15290	29	95.604	364	16	0	253	616	364	1	7.85e-167	584
EL279_RS15300	9	88.823	3892	367	33	1	3855	101541	97681	0.0	4715
EL279_RS15300	23	95.392	2409	90	8	1510	3918	23989	21602	0.0	3814
EL279_RS15300	17	93.843	2420	117	11	1509	3918	40279	37882	0.0	3615
EL279_RS15300	34	91.052	1531	112	12	1	1508	1529	1	0.0	2045
EL279_RS15310	17	90.698	129	5	2	5	133	37586	37465	5.18e-42	165
EL279_RS15315	17	94.064	219	12	1	1	219	37463	37246	8.50e-92	331
EL279_RS15360	17	78.706	1808	365	19	303	2100	31546	29749	0.0	1188
EL279_RS15380	17	78.366	2570	508	40	1	2543	26809	24261	0.0	1622
EL279_RS15405	17	80.275	218	37	5	19	233	21732	21518	4.56e-40	159
EL279_RS15500	31	99.405	336	2	0	1	336	2365	2030	3.23e-175	610
EL279_RS15500	31	98.662	299	2	1	383	681	2034	1738	9.30e-151	529
EL279_RS15505	31	99.787	939	2	0	1	939	3069	4007	0.0	1724
EL279_RS15510	31	99.904	1038	1	0	1	1038	4033	5070	0.0	1912
EL279_RS15515	31	99.405	336	2	0	1	336	2365	2030	3.23e-175	610
EL279_RS15515	31	98.662	299	2	1	383	681	2034	1738	9.30e-151	529
EL279_RS15575	24	93.237	621	42	0	1	621	9421	10041	0.0	915
EL279_RS15585	24	87.940	199	24	0	1	199	10339	10537	6.75e-63	235
EL279_RS15655	44	96.241	532	20	0	1614	2145	683	152	0.0	872
EL279_RS15655	38	94.231	260	15	0	1886	2145	1389	1130	8.81e-111	398
EL279_RS15660	38	97.436	897	23	0	1	897	1027	131	0.0	1530
EL279_RS15665	51	100.000	135	0	0	27	161	135	1	2.34e-67	250
EL279_RS15670	40	97.802	273	6	0	1	273	66	338	6.08e-134	472
EL279_RS15675	40	96.412	864	31	0	1	864	340	1203	0.0	1424
EL279_RS15695	38	100.000	738	0	0	1	738	2297	1560	0.0	1363
EL279_RS15700	38	98.810	84	1	0	1	84	2505	2422	8.34e-38	150
EL279_RS15710	40	99.686	318	1	0	1	318	1644	1961	3.17e-167	582
EL279_RS15810	31	96.610	59	2	0	7	65	2730	2672	2.55e-21	99.0
EL279_RS15815	31	96.250	240	9	0	1	240	2702	2941	1.18e-110	394
EL279_RS15850	8	99.893	933	1	0	1	933	32716	33648	0.0	1718
EL279_RS15855	8	97.436	117	3	0	1	117	33893	34009	1.23e-52	200
EL279_RS15860	8	94.323	1920	109	0	1	1920	34025	35944	0.0	2942
EL279_RS15865	8	89.222	167	18	0	2	168	36068	36234	3.09e-55	209
EL279_RS15870	8	100.000	354	0	0	1	354	36647	36294	0.0	654
EL279_RS15880	8	100.000	182	0	0	1	182	37152	37333	3.66e-93	337
EL279_RS15900	2	97.504	681	17	0	1	681	82882	83562	0.0	1164
EL279_RS15900	47	98.928	373	4	0	32	404	373	1	0.0	667
EL279_RS15900	23	97.112	277	8	0	405	681	1	277	2.06e-132	468
EL279_RS15900	44	96.970	264	8	0	418	681	1000	737	3.47e-125	444
EL279_RS15900	53	100.000	29	0	0	2	30	76	104	6.82e-08	54.7
EL279_RS15915	2	98.238	681	12	0	1	681	82882	83562	0.0	1192
EL279_RS15915	47	99.464	373	2	0	32	404	373	1	0.0	678
EL279_RS15915	23	99.639	277	1	0	405	681	1	277	4.36e-144	507
EL279_RS15915	44	98.106	264	5	0	418	681	1000	737	3.44e-130	460
EL279_RS15915	53	100.000	29	0	0	2	30	76	104	6.82e-08	54.7
EL279_RS15920	21	91.925	161	13	0	66	226	12581	12421	7.78e-60	226
EL279_RS15960	2	99.559	681	3	0	1	681	82882	83562	0.0	1242
EL279_RS15960	47	99.464	373	2	0	32	404	373	1	0.0	678
EL279_RS15960	44	99.639	277	1	0	405	681	1013	737	4.36e-144	507
EL279_RS15960	23	96.739	276	9	0	406	681	2	277	3.44e-130	460
EL279_RS15960	53	100.000	29	0	0	2	30	76	104	6.82e-08	54.7
EL279_RS15985	2	98.385	681	11	0	1	681	82882	83562	0.0	1197
EL279_RS15985	47	99.464	373	2	0	32	404	373	1	0.0	678
EL279_RS15985	23	98.556	277	4	0	405	681	1	277	4.39e-139	490
EL279_RS15985	44	98.485	264	4	0	418	681	1000	737	7.40e-132	466
EL279_RS15985	53	100.000	29	0	0	2	30	76	104	6.82e-08	54.7
EL279_RS15990	38	99.458	738	4	0	1	738	2297	1560	0.0	1341
EL345_RS12570	22	82.252	817	141	4	1	815	20706	21520	0.0	702
EL345_RS12575	22	80.828	652	115	9	37	683	20514	19868	5.71e-143	503
EL345_RS12580	22	81.415	1512	263	17	1	1503	19850	18348	0.0	1219
EL345_RS12775	6	94.444	72	3	1	3	73	155958	155887	1.18e-25	110
EL345_RS12895	28	92.825	223	2	2	818	1040	11233	11441	5.67e-85	311
EL345_RS12950	28	91.518	224	4	2	818	1041	11233	11441	5.71e-80	294
EL345_RS13005	28	100.000	198	0	0	1096	1293	3390	3587	1.49e-101	366
EL345_RS13060	8	76.614	573	122	12	1	567	11253	10687	5.88e-83	305
EL345_RS13095	27	99.412	1191	7	0	1	1191	10627	9437	0.0	2161
EL345_RS13095	31	96.269	134	4	1	226	358	6261	6128	4.06e-57	219
EL345_RS13095	21	100.000	65	0	0	1	65	21464	21400	1.18e-27	121
EL345_RS13120	31	99.405	336	2	0	1	336	2365	2030	3.23e-175	610
EL345_RS13120	31	97.993	299	4	1	383	681	2034	1738	2.01e-147	518
EL345_RS13155	2	97.944	681	14	0	1	681	82882	83562	0.0	1181
EL345_RS13155	47	98.928	373	4	0	32	404	373	1	0.0	667
EL345_RS13155	23	99.639	277	1	0	405	681	1	277	4.36e-144	507
EL345_RS13155	44	98.106	264	5	0	418	681	1000	737	3.44e-130	460
EL345_RS13155	53	100.000	29	0	0	2	30	76	104	6.82e-08	54.7
EL345_RS13210	43	98.958	960	10	0	1	960	97	1056	0.0	1718
EL345_RS13215	43	100.000	31	0	0	168	198	1	31	1.42e-09	58.4
EL345_RS13310	2	98.385	681	11	0	1	681	82882	83562	0.0	1197
EL345_RS13310	47	99.732	373	1	0	32	404	373	1	0.0	684
EL345_RS13310	23	99.639	277	1	0	405	681	1	277	4.36e-144	507
EL345_RS13310	44	98.106	264	5	0	418	681	1000	737	3.44e-130	460
EL345_RS13310	53	100.000	29	0	0	2	30	76	104	6.82e-08	54.7
EL345_RS13320	2	98.532	681	10	0	1	681	82882	83562	0.0	1203
EL345_RS13320	47	99.732	373	1	0	32	404	373	1	0.0	684
EL345_RS13320	23	99.278	277	2	0	405	681	1	277	2.03e-142	501
EL345_RS13320	44	98.485	264	4	0	418	681	1000	737	7.40e-132	466
EL345_RS13320	53	100.000	29	0	0	2	30	76	104	6.82e-08	54.7
EL345_RS13355	2	98.385	681	11	0	1	681	82882	83562	0.0	1197
EL345_RS13355	47	99.732	373	1	0	32	404	373	1	0.0	684
EL345_RS13355	23	99.639	277	1	0	405	681	1	277	4.36e-144	507
EL345_RS13355	44	98.106	264	5	0	418	681	1000	737	3.44e-130	460
EL345_RS13355	53	100.000	29	0	0	2	30	76	104	6.82e-08	54.7
EL345_RS13445	31	98.328	299	3	1	242	540	2034	1738	3.41e-149	523
EL345_RS13445	31	99.487	195	1	0	1	195	2224	2030	1.32e-98	355
EL345_RS13455	51	100.000	135	0	0	27	161	135	1	2.34e-67	250
EL345_RS13460	44	99.060	532	5	0	1146	1677	683	152	0.0	955
EL345_RS13460	38	94.231	260	15	0	1418	1677	1389	1130	6.87e-111	398
EL345_RS13480	2	96.460	339	12	0	1	339	83224	83562	1.59e-160	560
EL345_RS13480	23	98.917	277	3	0	63	339	1	277	4.55e-141	496
EL345_RS13480	44	97.348	264	7	0	76	339	1000	737	3.59e-127	449
EL345_RS13480	47	100.000	62	0	0	1	62	62	1	1.49e-26	115
EL345_RS13510	2	98.532	681	10	0	1	681	82882	83562	0.0	1203
EL345_RS13510	47	99.732	373	1	0	32	404	373	1	0.0	684
EL345_RS13510	23	99.278	277	2	0	405	681	1	277	2.03e-142	501
EL345_RS13510	44	98.485	264	4	0	418	681	1000	737	7.40e-132	466
EL345_RS13510	53	100.000	29	0	0	2	30	76	104	6.82e-08	54.7
EL345_RS13515	40	99.057	318	3	0	1	318	1644	1961	6.87e-164	571
EL345_RS13520	40	95.726	117	5	0	1	117	1087	1203	2.67e-49	189
EL240_RS14655	24	93.710	620	39	0	1	620	9421	10040	0.0	929
EL240_RS14685	24	100.000	111	0	0	1	111	13500	13610	2.49e-54	206
EL240_RS14690	24	94.558	294	16	0	1	294	13850	14143	6.78e-129	455
EL240_RS14705	24	81.938	454	70	11	571	1017	16349	16797	6.96e-104	374
EL240_RS14730	29	93.791	306	19	0	1	306	941	636	1.49e-130	460
EL240_RS14735	34	97.757	2051	46	0	626	2676	4979	2929	0.0	3533
EL240_RS14735	9	89.564	1974	193	13	627	2596	104091	102127	0.0	2492
EL240_RS14735	29	96.800	625	20	0	1	625	625	1	0.0	1044
EL240_RS14740	34	99.702	336	1	0	1	336	2171	1836	3.32e-177	616
EL240_RS14745	9	89.593	3853	367	26	1	3833	101541	97703	0.0	4863
EL240_RS14745	17	96.080	2398	85	1	1530	3918	40279	37882	0.0	3899
EL240_RS14745	23	94.684	2389	125	2	1531	3918	23989	21602	0.0	3707
EL240_RS14745	34	95.359	1530	69	2	1	1529	1529	1	0.0	2431
EL240_RS14750	17	97.753	356	8	0	1	356	37821	37466	1.27e-176	614
EL240_RS14750	23	97.479	357	9	0	1	357	21540	21184	1.65e-175	610
EL240_RS14755	23	98.442	385	6	0	1	385	21162	20778	0.0	678
EL240_RS14760	23	100.000	261	0	0	1	261	20630	20370	2.69e-137	483
EL240_RS14765	23	98.407	879	14	0	1	879	20359	19481	0.0	1546
EL240_RS14770	23	97.086	858	7	1	1	840	19458	18601	0.0	1430
EL240_RS14775	23	98.899	1272	14	0	1	1272	18575	17304	0.0	2272
EL240_RS14780	23	98.058	618	12	0	1	618	17301	16684	0.0	1075
EL240_RS14785	23	98.082	417	8	0	1	417	16700	16284	0.0	726
EL240_RS14795	23	100.000	300	0	0	1	300	16269	15970	6.50e-159	555
EL240_RS14800	23	99.324	1035	7	0	1	1035	15977	14943	0.0	1873
EL240_RS14805	23	99.638	276	1	0	1	276	14953	14678	6.06e-144	505
EL240_RS14810	23	100.000	390	0	0	1	390	14678	14289	0.0	721
EL240_RS14815	23	99.793	483	1	0	1	483	14257	13775	0.0	887
EL240_RS14820	23	100.000	459	0	0	1	459	13680	13222	0.0	848
EL240_RS14825	23	99.318	2493	17	0	1	2493	13117	10625	0.0	4510
EL240_RS14830	23	87.075	294	27	6	1	291	10668	10383	9.64e-89	322
EL240_RS14835	23	96.634	2347	77	2	1	2346	10257	7912	0.0	3895
EL240_RS14840	23	97.654	2259	53	0	1	2259	7925	5667	0.0	3879
EL240_RS14850	23	100.000	786	0	0	1	786	5144	4359	0.0	1452
EL240_RS14855	23	95.297	489	23	0	1	489	4353	3865	0.0	776
EL240_RS14880	17	77.328	1310	270	24	11	1305	13172	14469	0.0	749
EL240_RS14900	2	98.385	681	11	0	1	681	82882	83562	0.0	1197
EL240_RS14900	47	99.732	373	1	0	32	404	373	1	0.0	684
EL240_RS14900	23	99.639	277	1	0	405	681	1	277	4.36e-144	507
EL240_RS14900	44	98.106	264	5	0	418	681	1000	737	3.44e-130	460
EL240_RS14900	53	100.000	29	0	0	2	30	76	104	6.82e-08	54.7
EL240_RS14910	2	84.018	682	107	2	1	681	82882	83562	0.0	654
EL240_RS14910	47	88.859	368	41	0	37	404	368	1	5.76e-128	453
EL240_RS14945	2	85.484	682	97	2	1	681	82882	83562	0.0	710
EL240_RS14945	47	89.276	373	40	0	32	404	373	1	2.06e-132	468
EL240_RS14945	53	100.000	29	0	0	2	30	76	104	6.82e-08	54.7
EL240_RS14950	38	100.000	73	0	0	12	84	2626	2554	2.34e-33	135
EL240_RS14955	38	100.000	84	0	0	1	84	2505	2422	1.79e-39	156
EL240_RS14960	38	99.864	738	1	0	1	738	2297	1560	0.0	1358
EL240_RS14965	39	100.000	795	0	0	1	795	2087	1293	0.0	1469
EL240_RS14970	38	100.000	73	0	0	12	84	2626	2554	2.34e-33	135
EL240_RS14975	2	98.532	681	10	0	1	681	82882	83562	0.0	1203
EL240_RS14975	47	99.732	373	1	0	32	404	373	1	0.0	684
EL240_RS14975	23	99.278	277	2	0	405	681	1	277	2.03e-142	501
EL240_RS14975	44	98.485	264	4	0	418	681	1000	737	7.40e-132	466
EL240_RS14975	53	100.000	29	0	0	2	30	76	104	6.82e-08	54.7
EL240_RS14995	44	98.496	532	8	0	1308	1839	683	152	0.0	939
EL240_RS14995	38	95.000	260	13	0	1580	1839	1389	1130	3.48e-114	409
EL240_RS15000	38	98.885	897	10	0	1	897	1027	131	0.0	1602
EL240_RS15005	51	97.037	135	4	0	27	161	135	1	1.10e-60	228
EL240_RS15010	40	96.703	273	9	0	1	273	66	338	6.12e-129	455
EL240_RS15015	40	95.023	864	43	0	1	864	340	1203	0.0	1358
EL240_RS15045	2	98.385	681	11	0	1	681	82882	83562	0.0	1197
EL240_RS15045	47	99.732	373	1	0	32	404	373	1	0.0	684
EL240_RS15045	23	98.917	277	3	0	405	681	1	277	9.43e-141	496
EL240_RS15045	44	98.106	264	5	0	418	681	1000	737	3.44e-130	460
EL240_RS15045	53	100.000	29	0	0	2	30	76	104	6.82e-08	54.7
EL240_RS15050	22	89.562	594	62	0	3	596	23079	23672	0.0	754
EL240_RS15060	31	86.790	757	100	0	423	1179	6131	5375	0.0	845
EL240_RS15065	39	100.000	554	0	0	239	792	812	259	0.0	1024
EL240_RS15070	39	100.000	281	0	0	263	543	2460	2180	4.43e-148	520
EL240_RS15070	39	100.000	262	0	0	1	262	262	1	1.62e-137	484
EL240_RS15075	39	100.000	795	0	0	1	795	2087	1293	0.0	1469
EL240_RS15080	38	100.000	73	0	0	12	84	2626	2554	2.34e-33	135
EL240_RS15085	38	100.000	84	0	0	1	84	2505	2422	1.79e-39	156
EL240_RS15090	38	100.000	738	0	0	1	738	2297	1560	0.0	1363
EL240_RS15100	38	97.872	141	3	0	1	141	1414	1274	6.93e-66	244
EL240_RS15100	44	99.138	116	1	0	26	141	411	296	2.53e-55	209
EL240_RS15105	39	81.762	488	87	2	356	842	812	326	5.81e-114	407
EL240_RS15190	31	86.790	757	100	0	423	1179	6131	5375	0.0	845
EL240_RS15270	24	91.819	1638	128	1	1	1632	16956	18593	0.0	2278
EL240_RS15275	24	92.554	1155	86	0	1	1155	18604	19758	0.0	1657
EL240_RS15295	34	94.789	403	21	0	1594	1996	3999	3597	3.58e-180	628
EL240_RS15295	34	95.440	307	14	0	617	923	4979	4673	1.76e-138	490
EL240_RS15295	9	94.541	403	22	0	1594	1996	103115	102713	1.66e-178	623
EL240_RS15295	9	93.968	315	19	0	618	932	104091	103777	1.37e-134	477
EL240_RS15295	29	95.604	364	16	0	253	616	364	1	7.85e-167	584
EL240_RS15305	9	88.823	3892	367	33	1	3855	101541	97681	0.0	4715
EL240_RS15305	23	95.392	2409	90	8	1510	3918	23989	21602	0.0	3814
EL240_RS15305	17	93.843	2420	117	11	1509	3918	40279	37882	0.0	3615
EL240_RS15305	34	91.052	1531	112	12	1	1508	1529	1	0.0	2045
EL240_RS15315	17	90.698	129	5	2	5	133	37586	37465	5.18e-42	165
EL240_RS15320	17	94.064	219	12	1	1	219	37463	37246	8.50e-92	331
EL240_RS15365	17	78.706	1808	365	19	303	2100	31546	29749	0.0	1188
EL240_RS15385	17	78.366	2570	508	40	1	2543	26809	24261	0.0	1622
EL240_RS15410	17	80.275	218	37	5	19	233	21732	21518	4.56e-40	159
EL240_RS15505	31	99.405	336	2	0	1	336	2365	2030	3.23e-175	610
EL240_RS15505	31	98.662	299	2	1	383	681	2034	1738	9.30e-151	529
EL240_RS15510	31	99.787	939	2	0	1	939	3069	4007	0.0	1724
EL240_RS15515	31	99.904	1038	1	0	1	1038	4033	5070	0.0	1912
EL240_RS15520	31	99.405	336	2	0	1	336	2365	2030	3.23e-175	610
EL240_RS15520	31	98.662	299	2	1	383	681	2034	1738	9.30e-151	529
EL240_RS15580	24	93.237	621	42	0	1	621	9421	10041	0.0	915
EL240_RS15590	24	87.940	199	24	0	1	199	10339	10537	6.75e-63	235
EL240_RS15660	44	96.241	532	20	0	1614	2145	683	152	0.0	872
EL240_RS15660	38	94.231	260	15	0	1886	2145	1389	1130	8.81e-111	398
EL240_RS15665	38	97.436	897	23	0	1	897	1027	131	0.0	1530
EL240_RS15670	51	100.000	135	0	0	27	161	135	1	2.34e-67	250
EL240_RS15675	40	97.802	273	6	0	1	273	66	338	6.08e-134	472
EL240_RS15680	40	96.412	864	31	0	1	864	340	1203	0.0	1424
EL240_RS15700	38	100.000	738	0	0	1	738	2297	1560	0.0	1363
EL240_RS15705	38	98.810	84	1	0	1	84	2505	2422	8.34e-38	150
EL240_RS15715	40	99.686	318	1	0	1	318	1644	1961	3.17e-167	582
EL240_RS15815	31	96.610	59	2	0	7	65	2730	2672	2.55e-21	99.0
EL240_RS15820	31	96.250	240	9	0	1	240	2702	2941	1.18e-110	394
EL240_RS15855	8	99.893	933	1	0	1	933	32716	33648	0.0	1718
EL240_RS15860	8	97.436	117	3	0	1	117	33893	34009	1.23e-52	200
EL240_RS15865	8	94.323	1920	109	0	1	1920	34025	35944	0.0	2942
EL240_RS15870	8	89.222	167	18	0	2	168	36068	36234	3.09e-55	209
EL240_RS15875	8	100.000	354	0	0	1	354	36647	36294	0.0	654
EL240_RS15885	8	100.000	182	0	0	1	182	37152	37333	3.66e-93	337
EL240_RS15905	2	97.504	681	17	0	1	681	82882	83562	0.0	1164
EL240_RS15905	47	98.928	373	4	0	32	404	373	1	0.0	667
EL240_RS15905	23	97.112	277	8	0	405	681	1	277	2.06e-132	468
EL240_RS15905	44	96.970	264	8	0	418	681	1000	737	3.47e-125	444
EL240_RS15905	53	100.000	29	0	0	2	30	76	104	6.82e-08	54.7
EL240_RS15920	2	98.238	681	12	0	1	681	82882	83562	0.0	1192
EL240_RS15920	47	99.464	373	2	0	32	404	373	1	0.0	678
EL240_RS15920	23	99.639	277	1	0	405	681	1	277	4.36e-144	507
EL240_RS15920	44	98.106	264	5	0	418	681	1000	737	3.44e-130	460
EL240_RS15920	53	100.000	29	0	0	2	30	76	104	6.82e-08	54.7
EL240_RS15925	21	91.925	161	13	0	66	226	12581	12421	7.78e-60	226
EL240_RS15965	2	99.559	681	3	0	1	681	82882	83562	0.0	1242
EL240_RS15965	47	99.464	373	2	0	32	404	373	1	0.0	678
EL240_RS15965	44	99.639	277	1	0	405	681	1013	737	4.36e-144	507
EL240_RS15965	23	96.739	276	9	0	406	681	2	277	3.44e-130	460
EL240_RS15965	53	100.000	29	0	0	2	30	76	104	6.82e-08	54.7
EL240_RS15990	2	98.385	681	11	0	1	681	82882	83562	0.0	1197
EL240_RS15990	47	99.464	373	2	0	32	404	373	1	0.0	678
EL240_RS15990	23	98.556	277	4	0	405	681	1	277	4.39e-139	490
EL240_RS15990	44	98.485	264	4	0	418	681	1000	737	7.40e-132	466
EL240_RS15990	53	100.000	29	0	0	2	30	76	104	6.82e-08	54.7
EL240_RS15995	38	99.458	738	4	0	1	738	2297	1560	0.0	1341
EL348_RS13985	42	75.746	503	116	4	752	1251	640	141	5.44e-66	248
EL348_RS14145	31	86.658	757	101	0	423	1179	6131	5375	0.0	839
EL348_RS14160	3	76.746	1217	277	6	28	1241	324012	322799	0.0	675
EL348_RS14200	27	91.549	213	18	0	7	219	9649	9437	1.12e-80	294
EL348_RS14200	31	85.380	171	23	2	1	170	5581	5412	4.22e-45	176
EL348_RS14215	2	96.145	441	14	1	212	652	83125	83562	0.0	717
EL348_RS14215	2	99.558	226	1	0	1	226	82882	83107	9.34e-116	412
EL348_RS14215	23	98.571	280	1	1	373	652	1	277	1.17e-139	492
EL348_RS14215	44	97.004	267	5	1	386	652	1000	737	9.21e-126	446
EL348_RS14215	47	99.487	195	1	0	32	226	373	179	1.60e-98	355
EL348_RS14215	47	98.710	155	2	0	218	372	155	1	1.28e-74	276
EL348_RS14215	53	100.000	29	0	0	2	30	76	104	6.52e-08	54.7
EL348_RS14270	22	82.339	821	141	4	1	819	20706	21524	0.0	710
EL348_RS14275	22	80.615	650	120	6	37	683	20514	19868	2.66e-141	497
EL348_RS14280	22	81.921	1510	259	14	1	1503	19850	18348	0.0	1264
EL348_RS14290	21	99.484	1163	6	0	1	1163	21773	22935	0.0	2115
EL348_RS14330	31	86.658	757	101	0	423	1179	6131	5375	0.0	839
EL348_RS14345	31	86.658	757	101	0	423	1179	6131	5375	0.0	839
EL348_RS14440	2	94.048	672	38	2	1	671	82882	83552	0.0	1018
EL348_RS14440	47	99.196	373	3	0	32	404	373	1	0.0	673
EL348_RS14440	23	88.489	278	30	2	405	681	1	277	2.18e-92	335
EL348_RS14440	31	92.377	223	15	1	459	681	1958	1738	7.88e-87	316
EL348_RS14440	44	87.451	255	30	2	418	671	1000	747	1.33e-79	292
EL348_RS14440	53	100.000	29	0	0	2	30	76	104	6.82e-08	54.7
EL348_RS14535	2	97.944	681	14	0	1	681	82882	83562	0.0	1181
EL348_RS14535	47	99.196	373	3	0	32	404	373	1	0.0	673
EL348_RS14535	23	99.278	277	2	0	405	681	1	277	2.03e-142	501
EL348_RS14535	44	97.727	264	6	0	418	681	1000	737	1.60e-128	455
EL348_RS14535	53	100.000	29	0	0	2	30	76	104	6.82e-08	54.7
EL348_RS14600	31	86.658	757	101	0	423	1179	6131	5375	0.0	839
EL348_RS14610	2	98.385	681	11	0	1	681	82882	83562	0.0	1197
EL348_RS14610	47	99.732	373	1	0	32	404	373	1	0.0	684
EL348_RS14610	23	99.639	277	1	0	405	681	1	277	4.36e-144	507
EL348_RS14610	44	98.106	264	5	0	418	681	1000	737	3.44e-130	460
EL348_RS14610	53	100.000	29	0	0	2	30	76	104	6.82e-08	54.7
EL348_RS14645	2	98.385	681	11	0	1	681	82882	83562	0.0	1197
EL348_RS14645	47	99.732	373	1	0	32	404	373	1	0.0	684
EL348_RS14645	23	99.639	277	1	0	405	681	1	277	4.36e-144	507
EL348_RS14645	44	98.106	264	5	0	418	681	1000	737	3.44e-130	460
EL348_RS14645	53	100.000	29	0	0	2	30	76	104	6.82e-08	54.7
EL348_RS14680	22	83.788	586	95	0	8	593	23084	23669	3.84e-159	556
EL348_RS14730	2	98.385	681	11	0	1	681	82882	83562	0.0	1197
EL348_RS14730	47	99.732	373	1	0	32	404	373	1	0.0	684
EL348_RS14730	23	99.639	277	1	0	405	681	1	277	4.36e-144	507
EL348_RS14730	44	98.106	264	5	0	418	681	1000	737	3.44e-130	460
EL348_RS14730	53	100.000	29	0	0	2	30	76	104	6.82e-08	54.7
EL348_RS14755	21	99.398	1163	7	0	1	1163	21773	22935	0.0	2109
EL348_RS14760	21	100.000	35	0	0	221	255	21698	21732	1.12e-11	65.8
EL347_RS16850	2	98.385	681	11	0	1	681	82882	83562	0.0	1197
EL347_RS16850	47	99.464	373	2	0	32	404	373	1	0.0	678
EL347_RS16850	23	98.921	278	2	1	404	681	1	277	9.43e-141	496
EL347_RS16850	44	98.485	264	4	0	418	681	1000	737	7.40e-132	466
EL347_RS16850	53	100.000	29	0	0	2	30	76	104	6.82e-08	54.7
EQB36_RS13850	21	99.484	1163	6	0	1	1163	21773	22935	0.0	2115
EQB36_RS13895	42	75.746	503	116	4	752	1251	640	141	5.44e-66	248
EQB36_RS14010	31	86.658	757	101	0	423	1179	6131	5375	0.0	839
EQB36_RS14025	3	76.746	1217	277	6	28	1241	324012	322799	0.0	675
EQB36_RS14065	27	91.549	213	18	0	7	219	9649	9437	1.12e-80	294
EQB36_RS14065	31	85.380	171	23	2	1	170	5581	5412	4.22e-45	176
EQB36_RS14080	2	98.385	681	11	0	1	681	82882	83562	0.0	1197
EQB36_RS14080	47	99.732	373	1	0	32	404	373	1	0.0	684
EQB36_RS14080	23	99.639	277	1	0	405	681	1	277	4.36e-144	507
EQB36_RS14080	44	98.106	264	5	0	418	681	1000	737	3.44e-130	460
EQB36_RS14080	53	100.000	29	0	0	2	30	76	104	6.82e-08	54.7
EQB36_RS14130	22	82.339	821	141	4	1	819	20706	21524	0.0	710
EQB36_RS14135	22	80.615	650	120	6	37	683	20514	19868	2.66e-141	497
EQB36_RS14140	22	81.921	1510	259	14	1	1503	19850	18348	0.0	1264
EQB36_RS14150	21	99.484	1163	6	0	1	1163	21773	22935	0.0	2115
EQB36_RS14190	31	86.658	757	101	0	423	1179	6131	5375	0.0	839
EQB36_RS14295	2	94.048	672	38	2	1	671	82882	83552	0.0	1018
EQB36_RS14295	47	99.196	373	3	0	32	404	373	1	0.0	673
EQB36_RS14295	23	88.489	278	30	2	405	681	1	277	2.18e-92	335
EQB36_RS14295	31	92.377	223	15	1	459	681	1958	1738	7.88e-87	316
EQB36_RS14295	44	87.451	255	30	2	418	671	1000	747	1.33e-79	292
EQB36_RS14295	53	100.000	29	0	0	2	30	76	104	6.82e-08	54.7
EQB36_RS14300	53	100.000	37	0	0	1290	1326	1	37	4.82e-12	69.4
EQB36_RS14300	2	100.000	37	0	0	1290	1326	82808	82844	4.82e-12	69.4
EQB36_RS14415	2	97.944	681	14	0	1	681	82882	83562	0.0	1181
EQB36_RS14415	47	99.196	373	3	0	32	404	373	1	0.0	673
EQB36_RS14415	23	99.278	277	2	0	405	681	1	277	2.03e-142	501
EQB36_RS14415	44	97.727	264	6	0	418	681	1000	737	1.60e-128	455
EQB36_RS14415	53	100.000	29	0	0	2	30	76	104	6.82e-08	54.7
EQB36_RS14470	2	96.145	441	14	1	212	652	83125	83562	0.0	717
EQB36_RS14470	2	99.558	226	1	0	1	226	82882	83107	9.34e-116	412
EQB36_RS14470	23	98.571	280	1	1	373	652	1	277	1.17e-139	492
EQB36_RS14470	44	97.004	267	5	1	386	652	1000	737	9.21e-126	446
EQB36_RS14470	47	99.487	195	1	0	32	226	373	179	1.60e-98	355
EQB36_RS14470	47	98.710	155	2	0	218	372	155	1	1.28e-74	276
EQB36_RS14470	53	100.000	29	0	0	2	30	76	104	6.52e-08	54.7
EQB36_RS14475	2	100.000	35	0	0	794	828	83619	83585	3.86e-11	65.8
EQB36_RS14475	44	100.000	33	0	0	796	828	682	714	4.99e-10	62.1
EQB36_RS14475	23	100.000	32	0	0	797	828	331	300	1.79e-09	60.2
EQB36_RS14525	31	99.107	336	3	0	1	336	2365	2030	1.50e-173	604
EQB36_RS14525	31	98.328	299	3	1	383	681	2034	1738	4.33e-149	523
EQB36_RS14860	2	98.385	681	11	0	1	681	82882	83562	0.0	1197
EQB36_RS14860	47	99.732	373	1	0	32	404	373	1	0.0	684
EQB36_RS14860	23	99.639	277	1	0	405	681	1	277	4.36e-144	507
EQB36_RS14860	44	98.106	264	5	0	418	681	1000	737	3.44e-130	460
EQB36_RS14860	53	100.000	29	0	0	2	30	76	104	6.82e-08	54.7
EQB36_RS14885	2	98.238	681	12	0	1	681	82882	83562	0.0	1192
EQB36_RS14885	47	99.464	373	2	0	32	404	373	1	0.0	678
EQB36_RS14885	23	99.639	277	1	0	405	681	1	277	4.36e-144	507
EQB36_RS14885	44	98.106	264	5	0	418	681	1000	737	3.44e-130	460
EQB36_RS14885	53	100.000	29	0	0	2	30	76	104	6.82e-08	54.7
EQB36_RS14905	21	91.925	161	13	0	66	226	12581	12421	7.78e-60	226
EQB36_RS14930	44	99.060	532	5	0	1614	2145	683	152	0.0	955
EQB36_RS14930	38	94.231	260	15	0	1886	2145	1389	1130	8.81e-111	398
EQB36_RS14935	51	100.000	135	0	0	33	167	135	1	2.71e-67	250
EQB36_RS14935	38	100.000	73	0	0	168	240	2626	2554	7.91e-33	135
EQB36_RS14935	38	100.000	31	0	0	1	31	32	2	1.76e-09	58.4
EQB36_RS14935	44	100.000	32	0	0	1	32	32	1	4.90e-10	60.2
EQB36_RS14940	38	98.824	85	0	1	1	85	2505	2422	8.47e-38	150
EQB36_RS14945	38	99.593	738	3	0	1	738	2297	1560	0.0	1347
EQB36_RS14985	31	86.658	757	101	0	423	1179	6131	5375	0.0	839
EQB36_RS15000	2	98.390	621	10	0	1	621	82882	83502	0.0	1092
EQB36_RS15000	47	99.732	373	1	0	32	404	373	1	0.0	684
EQB36_RS15000	23	100.000	216	0	0	405	620	1	216	7.54e-112	399
EQB36_RS15000	44	97.585	207	5	0	418	624	1000	794	1.66e-98	355
EQB36_RS15000	53	100.000	29	0	0	2	30	76	104	6.76e-08	54.7
EQB36_RS15010	44	98.630	73	1	0	3	75	809	737	9.37e-32	130
EQB36_RS15010	23	98.630	73	1	0	3	75	205	277	9.37e-32	130
EQB36_RS15010	2	98.630	73	1	0	3	75	83490	83562	9.37e-32	130
EQB36_RS15060	2	98.385	681	11	0	1	681	82882	83562	0.0	1197
EQB36_RS15060	47	99.732	373	1	0	32	404	373	1	0.0	684
EQB36_RS15060	23	99.639	277	1	0	405	681	1	277	4.36e-144	507
EQB36_RS15060	44	98.106	264	5	0	418	681	1000	737	3.44e-130	460
EQB36_RS15060	53	100.000	29	0	0	2	30	76	104	6.82e-08	54.7
EQB36_RS15100	21	100.000	35	0	0	221	255	21698	21732	1.12e-11	65.8
EQB36_RS15105	21	99.398	1163	7	0	1	1163	21773	22935	0.0	2109
EQB36_RS15130	2	98.385	681	11	0	1	681	82882	83562	0.0	1197
EQB36_RS15130	47	99.732	373	1	0	32	404	373	1	0.0	684
EQB36_RS15130	23	99.639	277	1	0	405	681	1	277	4.36e-144	507
EQB36_RS15130	44	98.106	264	5	0	418	681	1000	737	3.44e-130	460
EQB36_RS15130	53	100.000	29	0	0	2	30	76	104	6.82e-08	54.7
EQB36_RS15140	21	91.925	161	13	0	66	226	12581	12421	7.78e-60	226
EQB68_RS13765	42	75.746	503	116	4	752	1251	640	141	5.44e-66	248
EQB68_RS13915	28	93.243	222	2	2	819	1040	11233	11441	4.38e-86	315
EQB68_RS13970	22	82.339	821	141	4	1	819	20706	21524	0.0	710
EQB68_RS13975	22	80.615	650	120	6	37	683	20514	19868	2.66e-141	497
EQB68_RS13980	22	81.921	1510	259	14	1	1503	19850	18348	0.0	1264
EQB68_RS13995	21	99.484	1163	6	0	1	1163	21773	22935	0.0	2115
EQB68_RS14060	31	99.472	757	4	0	423	1179	6131	5375	0.0	1376
EQB68_RS14060	31	99.254	134	0	1	226	358	6261	6128	8.57e-64	241
EQB68_RS14060	27	85.042	829	108	13	1	821	10627	9807	0.0	830
EQB68_RS14060	21	100.000	65	0	0	1	65	21464	21400	1.16e-27	121
EQB68_RS14065	21	99.398	1163	7	0	1	1163	21773	22935	0.0	2109
EQB68_RS14070	21	99.691	1293	4	0	1	1293	20634	19342	0.0	2366
EQB68_RS14075	21	100.000	261	0	0	1	261	21168	20908	2.69e-137	483
EQB68_RS14080	31	86.658	757	101	0	423	1179	6131	5375	0.0	839
EQB68_RS14095	21	99.495	396	2	0	1	396	23878	23483	0.0	721
EQB68_RS14100	21	99.647	849	3	0	1	849	24739	23891	0.0	1552
EQB68_RS14105	21	100.000	828	0	0	1	828	25581	24754	0.0	1530
EQB68_RS14110	21	99.768	861	2	0	1	861	26453	25593	0.0	1580
EQB68_RS14130	21	99.573	1170	5	0	1	1170	26692	27861	0.0	2134
EQB68_RS14135	2	98.385	681	11	0	1	681	82882	83562	0.0	1197
EQB68_RS14135	47	99.732	373	1	0	32	404	373	1	0.0	684
EQB68_RS14135	23	99.639	277	1	0	405	681	1	277	4.36e-144	507
EQB68_RS14135	44	98.106	264	5	0	418	681	1000	737	3.44e-130	460
EQB68_RS14135	53	100.000	29	0	0	2	30	76	104	6.82e-08	54.7
EQB68_RS14150	23	98.305	177	3	0	1	177	101	277	8.74e-86	311
EQB68_RS14150	44	97.740	177	4	0	1	177	913	737	4.07e-84	305
EQB68_RS14150	2	97.740	177	4	0	1	177	83386	83562	4.07e-84	305
EQB68_RS14175	2	97.082	377	11	0	5	381	83186	83562	0.0	636
EQB68_RS14175	23	99.278	277	2	0	105	381	1	277	1.11e-142	501
EQB68_RS14175	44	97.727	264	6	0	118	381	1000	737	8.75e-129	455
EQB68_RS14175	47	100.000	100	0	0	5	104	100	1	1.27e-47	185
EQB68_RS14185	31	99.702	336	1	0	1	336	2365	2030	6.94e-177	616
EQB68_RS14185	31	98.328	299	3	1	383	681	2034	1738	4.33e-149	523
EQB68_RS14215	21	91.925	161	13	0	66	226	12581	12421	7.78e-60	226
EQB68_RS14235	2	98.385	681	11	0	1	681	82882	83562	0.0	1197
EQB68_RS14235	47	99.732	373	1	0	32	404	373	1	0.0	684
EQB68_RS14235	23	99.639	277	1	0	405	681	1	277	4.36e-144	507
EQB68_RS14235	44	98.106	264	5	0	418	681	1000	737	3.44e-130	460
EQB68_RS14235	53	100.000	29	0	0	2	30	76	104	6.82e-08	54.7
EQB68_RS14240	21	100.000	39	0	0	1282	1320	28224	28186	3.71e-13	73.1
EQB68_RS14245	35	100.000	566	0	0	1	566	3513	4078	0.0	1046
EQB68_RS14255	35	98.824	85	1	0	1	85	3241	3157	4.47e-37	152
EQB68_RS14260	9	80.039	1538	296	10	33	1566	82096	83626	0.0	1129
EQB68_RS14315	35	98.824	85	1	0	1	85	3241	3157	4.47e-37	152
EQB68_RS14365	21	89.061	1097	120	0	1	1097	20634	19538	0.0	1362
EQB68_RS14370	35	99.927	1377	1	0	1	1377	582	1958	0.0	2538
EQB68_RS14375	35	100.000	582	0	0	76	657	1	582	0.0	1075
EQB68_RS14380	27	99.677	1237	4	0	1	1237	12696	13932	0.0	2263
EQB68_RS14385	27	98.969	97	1	0	60	156	12581	12677	1.04e-44	174
EQB68_RS14395	27	99.715	351	1	0	1	351	12024	12374	0.0	643
EQB68_RS14395	21	98.000	100	2	0	351	450	21579	21678	3.27e-44	174
EQB68_RS16410	27	97.790	543	1	1	1	543	11337	11868	0.0	926
EQB68_RS14460	31	87.113	194	25	0	23	216	5568	5375	1.89e-58	220
EQB68_RS14605	2	94.196	672	37	2	1	671	82882	83552	0.0	1024
EQB68_RS14605	47	99.464	373	2	0	32	404	373	1	0.0	678
EQB68_RS14605	23	88.489	278	30	2	405	681	1	277	2.18e-92	335
EQB68_RS14605	31	92.377	223	15	1	459	681	1958	1738	7.88e-87	316
EQB68_RS14605	44	87.451	255	30	2	418	671	1000	747	1.33e-79	292
EQB68_RS14605	53	100.000	29	0	0	2	30	76	104	6.82e-08	54.7
EQB68_RS14610	53	100.000	37	0	0	1290	1326	1	37	4.82e-12	69.4
EQB68_RS14610	2	100.000	37	0	0	1290	1326	82808	82844	4.82e-12	69.4
EQB68_RS14690	2	97.357	681	11	1	1	674	82882	83562	0.0	1151
EQB68_RS14690	47	97.855	373	1	1	32	397	373	1	0.0	638
EQB68_RS14690	23	99.639	277	1	0	398	674	1	277	4.31e-144	507
EQB68_RS14690	44	98.106	264	5	0	411	674	1000	737	3.40e-130	460
EQB68_RS14690	53	100.000	29	0	0	2	30	76	104	6.75e-08	54.7
EQB68_RS14730	2	98.238	681	12	0	1	681	82882	83562	0.0	1192
EQB68_RS14730	47	99.732	373	1	0	32	404	373	1	0.0	684
EQB68_RS14730	23	99.639	277	1	0	405	681	1	277	4.36e-144	507
EQB68_RS14730	44	98.106	264	5	0	418	681	1000	737	3.44e-130	460
EQB68_RS14760	2	97.944	681	14	0	1	681	82882	83562	0.0	1181
EQB68_RS14760	47	99.196	373	3	0	32	404	373	1	0.0	673
EQB68_RS14760	23	99.278	277	2	0	405	681	1	277	2.03e-142	501
EQB68_RS14760	44	97.727	264	6	0	418	681	1000	737	1.60e-128	455
EQB68_RS14760	53	100.000	29	0	0	2	30	76	104	6.82e-08	54.7
EQB68_RS14815	2	96.145	441	14	1	212	652	83125	83562	0.0	717
EQB68_RS14815	2	99.558	226	1	0	1	226	82882	83107	9.34e-116	412
EQB68_RS14815	23	98.571	280	1	1	373	652	1	277	1.17e-139	492
EQB68_RS14815	44	97.004	267	5	1	386	652	1000	737	9.21e-126	446
EQB68_RS14815	47	99.487	195	1	0	32	226	373	179	1.60e-98	355
EQB68_RS14815	47	98.710	155	2	0	218	372	155	1	1.28e-74	276
EQB68_RS14815	53	100.000	29	0	0	2	30	76	104	6.52e-08	54.7
EQB68_RS14820	2	100.000	35	0	0	794	828	83619	83585	3.86e-11	65.8
EQB68_RS14820	44	100.000	33	0	0	796	828	682	714	4.99e-10	62.1
EQB68_RS14820	23	100.000	32	0	0	797	828	331	300	1.79e-09	60.2
EQB68_RS14870	31	99.107	336	3	0	1	336	2365	2030	1.50e-173	604
EQB68_RS14870	31	98.328	299	3	1	383	681	2034	1738	4.33e-149	523
EQB68_RS15180	31	99.472	757	4	0	423	1179	6131	5375	0.0	1376
EQB68_RS15180	31	99.254	134	0	1	226	358	6261	6128	8.57e-64	241
EQB68_RS15180	27	85.042	829	108	13	1	821	10627	9807	0.0	830
EQB68_RS15180	21	100.000	65	0	0	1	65	21464	21400	1.16e-27	121
EQB68_RS15260	31	99.472	757	4	0	423	1179	6131	5375	0.0	1376
EQB68_RS15260	31	99.254	134	0	1	226	358	6261	6128	8.57e-64	241
EQB68_RS15260	27	85.042	829	108	13	1	821	10627	9807	0.0	830
EQB68_RS15260	21	100.000	65	0	0	1	65	21464	21400	1.16e-27	121
EQB68_RS15265	21	100.000	56	0	0	452	507	21558	21503	4.93e-23	104
EQB68_RS15265	27	98.214	56	1	0	452	507	10721	10666	2.29e-21	99.0
EQB68_RS15300	31	99.472	757	4	0	423	1179	6131	5375	0.0	1376
EQB68_RS15300	31	99.254	134	0	1	226	358	6261	6128	8.57e-64	241
EQB68_RS15300	27	85.042	829	108	13	1	821	10627	9807	0.0	830
EQB68_RS15300	21	100.000	65	0	0	1	65	21464	21400	1.16e-27	121
EQB68_RS15435	2	98.532	681	10	0	1	681	82882	83562	0.0	1203
EQB68_RS15435	47	99.732	373	1	0	32	404	373	1	0.0	684
EQB68_RS15435	23	99.278	277	2	0	405	681	1	277	2.03e-142	501
EQB68_RS15435	44	98.485	264	4	0	418	681	1000	737	7.40e-132	466
EQB68_RS15435	53	100.000	29	0	0	2	30	76	104	6.82e-08	54.7
EQB68_RS15455	2	98.532	681	10	0	1	681	82882	83562	0.0	1203
EQB68_RS15455	47	99.732	373	1	0	32	404	373	1	0.0	684
EQB68_RS15455	23	99.278	277	2	0	405	681	1	277	2.03e-142	501
EQB68_RS15455	44	98.485	264	4	0	418	681	1000	737	7.40e-132	466
EQB68_RS15455	53	100.000	29	0	0	2	30	76	104	6.82e-08	54.7
EQB68_RS15495	31	99.472	757	4	0	423	1179	6131	5375	0.0	1376
EQB68_RS15495	31	99.254	134	0	1	226	358	6261	6128	8.57e-64	241
EQB68_RS15495	27	85.042	829	108	13	1	821	10627	9807	0.0	830
EQB68_RS15495	21	100.000	65	0	0	1	65	21464	21400	1.16e-27	121
EQB68_RS15515	2	98.385	681	11	0	1	681	82882	83562	0.0	1197
EQB68_RS15515	47	99.732	373	1	0	32	404	373	1	0.0	684
EQB68_RS15515	23	99.639	277	1	0	405	681	1	277	4.36e-144	507
EQB68_RS15515	44	98.106	264	5	0	418	681	1000	737	3.44e-130	460
EQB68_RS15515	53	100.000	29	0	0	2	30	76	104	6.82e-08	54.7
EQB68_RS15535	2	100.000	34	0	0	1119	1152	83618	83585	1.94e-10	63.9
EQB68_RS15535	44	100.000	33	0	0	1120	1152	682	714	6.99e-10	62.1
EQB68_RS15535	23	100.000	32	0	0	1121	1152	331	300	2.51e-09	60.2
EQB68_RS15540	2	98.385	681	11	0	1	681	82882	83562	0.0	1197
EQB68_RS15540	47	99.732	373	1	0	32	404	373	1	0.0	684
EQB68_RS15540	23	99.639	277	1	0	405	681	1	277	4.36e-144	507
EQB68_RS15540	44	98.106	264	5	0	418	681	1000	737	3.44e-130	460
EQB68_RS15540	53	100.000	29	0	0	2	30	76	104	6.82e-08	54.7
EQB68_RS15565	44	100.000	48	0	0	1	48	730	683	1.28e-18	89.8
EQB68_RS15565	23	100.000	48	0	0	1	48	284	331	1.28e-18	89.8
EQB68_RS15565	2	100.000	48	0	0	1	48	83569	83616	1.28e-18	89.8
EQB68_RS15570	2	98.385	681	11	0	1	681	82882	83562	0.0	1197
EQB68_RS15570	47	99.732	373	1	0	32	404	373	1	0.0	684
EQB68_RS15570	23	99.639	277	1	0	405	681	1	277	4.36e-144	507
EQB68_RS15570	44	98.106	264	5	0	418	681	1000	737	3.44e-130	460
EQB68_RS15570	53	100.000	29	0	0	2	30	76	104	6.82e-08	54.7
EQB68_RS15590	53	100.000	37	0	0	618	654	1	37	2.34e-12	69.4
EQB68_RS15590	2	100.000	37	0	0	618	654	82808	82844	2.34e-12	69.4
EQB68_RS15595	2	98.385	681	11	0	1	681	82882	83562	0.0	1197
EQB68_RS15595	47	99.732	373	1	0	32	404	373	1	0.0	684
EQB68_RS15595	23	99.639	277	1	0	405	681	1	277	4.36e-144	507
EQB68_RS15595	44	98.106	264	5	0	418	681	1000	737	3.44e-130	460
EQB68_RS15595	53	100.000	29	0	0	2	30	76	104	6.82e-08	54.7
EQB68_RS15620	21	99.398	1163	7	0	1	1163	21773	22935	0.0	2109
EQB68_RS15625	21	100.000	35	0	0	221	255	21698	21732	1.12e-11	65.8
EQB68_RS15660	38	98.016	252	5	0	1	252	382	131	5.68e-124	438
EQB68_RS15665	51	100.000	135	0	0	27	161	135	1	2.34e-67	250
EQB68_RS15670	40	97.802	273	6	0	1	273	66	338	6.08e-134	472
EQB68_RS15675	40	96.412	864	31	0	1	864	340	1203	0.0	1424
EQB68_RS15680	38	99.729	738	2	0	1	738	2297	1560	0.0	1352
EQB68_RS15685	38	98.810	84	1	0	1	84	2505	2422	8.34e-38	150
EQB68_RS15690	38	100.000	73	0	0	12	84	2626	2554	2.34e-33	135
EQB68_RS15695	39	100.000	795	0	0	1	795	2087	1293	0.0	1469
EQB68_RS15700	39	100.000	252	0	0	1	252	2431	2180	2.60e-132	466
EQB68_RS15715	39	100.000	229	0	0	1	229	262	34	1.57e-119	424
EQB68_RS15720	39	100.000	554	0	0	356	909	812	259	0.0	1024
EQB68_RS15755	2	98.385	681	11	0	1	681	82882	83562	0.0	1197
EQB68_RS15755	47	99.732	373	1	0	32	404	373	1	0.0	684
EQB68_RS15755	23	99.639	277	1	0	405	681	1	277	4.36e-144	507
EQB68_RS15755	44	98.106	264	5	0	418	681	1000	737	3.44e-130	460
EQB68_RS15755	53	100.000	29	0	0	2	30	76	104	6.82e-08	54.7
EQB68_RS15770	2	98.238	681	12	0	1	681	82882	83562	0.0	1192
EQB68_RS15770	47	99.732	373	1	0	32	404	373	1	0.0	684
EQB68_RS15770	23	99.278	277	2	0	405	681	1	277	2.03e-142	501
EQB68_RS15770	44	97.727	264	6	0	418	681	1000	737	1.60e-128	455
EQB68_RS15770	53	100.000	29	0	0	2	30	76	104	6.82e-08	54.7
EQB68_RS15775	44	100.000	34	0	0	867	900	681	714	1.51e-10	63.9
EQB68_RS15775	23	97.222	36	1	0	865	900	335	300	5.43e-10	62.1
EQB68_RS15775	2	100.000	33	0	0	868	900	83617	83585	5.43e-10	62.1
EQB68_RS15800	8	96.302	1352	50	0	14	1365	34593	35944	0.0	2220
EQB68_RS15805	2	98.385	681	11	0	1	681	82882	83562	0.0	1197
EQB68_RS15805	47	99.732	373	1	0	32	404	373	1	0.0	684
EQB68_RS15805	23	99.639	277	1	0	405	681	1	277	4.36e-144	507
EQB68_RS15805	44	98.106	264	5	0	418	681	1000	737	3.44e-130	460
EQB68_RS15805	53	100.000	29	0	0	2	30	76	104	6.82e-08	54.7
EQB68_RS15875	42	75.746	503	116	4	752	1251	640	141	5.44e-66	248
EQB68_RS16060	42	75.746	503	116	4	752	1251	640	141	5.44e-66	248
EQB68_RS16155	22	83.788	586	95	0	8	593	23084	23669	3.84e-159	556
EQB68_RS16185	2	98.238	681	12	0	1	681	82882	83562	0.0	1192
EQB68_RS16185	47	99.732	373	1	0	32	404	373	1	0.0	684
EQB68_RS16185	23	99.278	277	2	0	405	681	1	277	2.03e-142	501
EQB68_RS16185	44	97.727	264	6	0	418	681	1000	737	1.60e-128	455
EQB68_RS16185	53	100.000	29	0	0	2	30	76	104	6.82e-08	54.7
EQB68_RS16225	2	98.385	681	11	0	1	681	82882	83562	0.0	1197
EQB68_RS16225	47	99.732	373	1	0	32	404	373	1	0.0	684
EQB68_RS16225	23	99.639	277	1	0	405	681	1	277	4.36e-144	507
EQB68_RS16225	44	98.106	264	5	0	418	681	1000	737	3.44e-130	460
EQB68_RS16225	53	100.000	29	0	0	2	30	76	104	6.82e-08	54.7
EQB68_RS16235	31	86.790	757	100	0	423	1179	6131	5375	0.0	845
EL352_RS12760	44	98.120	532	10	0	1146	1677	683	152	0.0	928
EL352_RS12760	38	94.231	260	15	0	1418	1677	1389	1130	6.87e-111	398
EL352_RS12765	38	97.324	897	24	0	1	897	1027	131	0.0	1524
EL352_RS12770	51	97.037	135	4	0	27	161	135	1	1.10e-60	228
EL352_RS12775	40	96.337	273	10	0	1	273	66	338	2.85e-127	449
EL352_RS12780	40	95.370	864	40	0	1	864	340	1203	0.0	1375
EL352_RS12815	40	93.162	117	8	0	1	117	1087	1203	2.69e-44	172
EL352_RS12820	38	99.458	738	4	0	1	738	2297	1560	0.0	1341
EL352_RS12825	38	98.810	84	1	0	1	84	2505	2422	8.34e-38	150
EL352_RS12845	2	98.238	681	12	0	1	681	82882	83562	0.0	1192
EL352_RS12845	47	99.464	373	2	0	32	404	373	1	0.0	678
EL352_RS12845	23	99.639	277	1	0	405	681	1	277	4.36e-144	507
EL352_RS12845	44	98.106	264	5	0	418	681	1000	737	3.44e-130	460
EL352_RS12845	53	100.000	29	0	0	2	30	76	104	6.82e-08	54.7
EL352_RS12870	21	99.312	1163	8	0	1	1163	21773	22935	0.0	2104
EL352_RS12920	31	99.107	336	3	0	1	336	2365	2030	1.50e-173	604
EL352_RS12920	31	97.993	299	4	1	383	681	2034	1738	2.01e-147	518
EL352_RS12960	31	98.810	336	4	0	1	336	2365	2030	5.44e-172	599
EL352_RS12960	31	99.342	152	1	0	383	534	2034	1883	1.04e-74	276
EL352_RS13085	21	99.312	1163	8	0	1	1163	21773	22935	0.0	2104
EL352_RS13090	31	86.658	757	101	0	423	1179	6131	5375	0.0	839
EL352_RS13145	2	98.238	681	12	0	1	681	82882	83562	0.0	1192
EL352_RS13145	47	99.464	373	2	0	32	404	373	1	0.0	678
EL352_RS13145	23	99.639	277	1	0	405	681	1	277	4.36e-144	507
EL352_RS13145	44	98.106	264	5	0	418	681	1000	737	3.44e-130	460
EL352_RS13145	53	100.000	29	0	0	2	30	76	104	6.82e-08	54.7
EL352_RS13150	53	100.000	58	0	0	1	58	58	1	6.69e-24	108
EL352_RS13150	2	100.000	58	0	0	1	58	82865	82808	6.69e-24	108
EL352_RS13245	44	100.000	54	0	0	1	54	736	683	2.53e-22	100
EL352_RS13245	23	100.000	54	0	0	1	54	278	331	2.53e-22	100
EL352_RS13245	2	98.276	58	0	1	1	57	83563	83620	2.53e-22	100
EL352_RS13250	2	98.238	681	12	0	1	681	82882	83562	0.0	1192
EL352_RS13250	47	99.464	373	2	0	32	404	373	1	0.0	678
EL352_RS13250	23	99.639	277	1	0	405	681	1	277	4.36e-144	507
EL352_RS13250	44	98.106	264	5	0	418	681	1000	737	3.44e-130	460
EL352_RS13250	53	100.000	29	0	0	2	30	76	104	6.82e-08	54.7
EQB51_RS14995	21	99.484	1163	6	0	1	1163	21773	22935	0.0	2115
EQB51_RS15135	42	75.746	503	116	4	752	1251	640	141	5.44e-66	248
EQB51_RS15235	2	98.091	681	13	0	1	681	82882	83562	0.0	1186
EQB51_RS15235	47	99.732	373	1	0	32	404	373	1	0.0	684
EQB51_RS15235	23	99.639	277	1	0	405	681	1	277	4.36e-144	507
EQB51_RS15235	44	98.106	264	5	0	418	681	1000	737	3.44e-130	460
EQB51_RS15290	22	82.339	821	141	4	1	819	20706	21524	0.0	710
EQB51_RS15295	22	80.615	650	120	6	37	683	20514	19868	2.66e-141	497
EQB51_RS15300	22	81.921	1510	259	14	1	1503	19850	18348	0.0	1264
EQB51_RS15315	21	99.484	1163	6	0	1	1163	21773	22935	0.0	2115
EQB51_RS15380	21	99.484	1163	6	0	1	1163	21773	22935	0.0	2115
EQB51_RS15390	21	99.691	1293	4	0	1	1293	20634	19342	0.0	2366
EQB51_RS15395	21	100.000	261	0	0	1	261	21168	20908	2.69e-137	483
EQB51_RS15400	31	86.658	757	101	0	423	1179	6131	5375	0.0	839
EQB51_RS15415	21	99.495	396	2	0	1	396	23878	23483	0.0	721
EQB51_RS15420	21	99.647	849	3	0	1	849	24739	23891	0.0	1552
EQB51_RS15425	21	100.000	828	0	0	1	828	25581	24754	0.0	1530
EQB51_RS15430	21	99.768	861	2	0	1	861	26453	25593	0.0	1580
EQB51_RS15435	21	99.588	486	2	0	1	486	26692	27177	0.0	887
EQB51_RS15450	2	98.385	681	11	0	1	681	82882	83562	0.0	1197
EQB51_RS15450	47	99.732	373	1	0	32	404	373	1	0.0	684
EQB51_RS15450	23	98.917	277	3	0	405	681	1	277	9.43e-141	496
EQB51_RS15450	44	98.106	264	5	0	418	681	1000	737	3.44e-130	460
EQB51_RS15450	53	100.000	29	0	0	2	30	76	104	6.82e-08	54.7
EQB51_RS15465	23	98.305	177	3	0	1	177	101	277	8.74e-86	311
EQB51_RS15465	44	97.740	177	4	0	1	177	913	737	4.07e-84	305
EQB51_RS15465	2	97.740	177	4	0	1	177	83386	83562	4.07e-84	305
EQB51_RS15485	31	99.702	336	1	0	1	336	2365	2030	6.94e-177	616
EQB51_RS15485	31	98.328	299	3	1	383	681	2034	1738	4.33e-149	523
EQB51_RS15495	2	97.082	377	11	0	5	381	83186	83562	0.0	636
EQB51_RS15495	23	99.278	277	2	0	105	381	1	277	1.11e-142	501
EQB51_RS15495	44	97.727	264	6	0	118	381	1000	737	8.75e-129	455
EQB51_RS15495	47	100.000	100	0	0	5	104	100	1	1.27e-47	185
EQB51_RS16985	31	98.718	78	1	0	97	174	2442	2365	4.28e-34	139
EQB51_RS15510	31	99.702	336	1	0	1	336	2365	2030	6.94e-177	616
EQB51_RS15510	31	98.328	299	3	1	383	681	2034	1738	4.33e-149	523
EQB51_RS15535	21	91.925	161	13	0	66	226	12581	12421	7.78e-60	226
EQB51_RS15555	2	98.238	681	12	0	1	681	82882	83562	0.0	1192
EQB51_RS15555	47	99.464	373	2	0	32	404	373	1	0.0	678
EQB51_RS15555	23	99.639	277	1	0	405	681	1	277	4.36e-144	507
EQB51_RS15555	44	98.106	264	5	0	418	681	1000	737	3.44e-130	460
EQB51_RS15555	53	100.000	29	0	0	2	30	76	104	6.82e-08	54.7
EQB51_RS15560	21	100.000	39	0	0	1282	1320	28224	28186	3.71e-13	73.1
EQB51_RS15565	35	100.000	566	0	0	1	566	3513	4078	0.0	1046
EQB51_RS15575	35	98.824	85	1	0	1	85	3241	3157	4.47e-37	152
EQB51_RS15580	9	80.039	1538	296	10	33	1566	82096	83626	0.0	1129
EQB51_RS15705	35	98.824	85	1	0	1	85	3241	3157	4.47e-37	152
EQB51_RS15760	21	89.243	1097	118	0	1	1097	20634	19538	0.0	1373
EQB51_RS15765	35	99.927	1377	1	0	1	1377	582	1958	0.0	2538
EQB51_RS15770	35	100.000	582	0	0	76	657	1	582	0.0	1075
EQB51_RS15775	27	99.677	1237	4	0	1	1237	12696	13932	0.0	2263
EQB51_RS15780	27	98.969	97	1	0	60	156	12581	12677	1.04e-44	174
EQB51_RS15790	27	99.715	351	1	0	1	351	12024	12374	0.0	643
EQB51_RS16990	27	97.790	543	1	1	1	543	11337	11868	0.0	926
EQB51_RS15815	31	87.629	194	24	0	23	216	5568	5375	4.06e-60	226
EQB51_RS15860	31	99.405	336	2	0	1	336	2365	2030	3.23e-175	610
EQB51_RS15860	31	97.659	299	5	1	383	681	2034	1738	9.37e-146	512
EQB51_RS15865	22	90.685	569	53	0	14	582	23102	23670	0.0	758
EQB51_RS15920	31	99.405	336	2	0	1	336	2365	2030	3.23e-175	610
EQB51_RS15920	31	95.987	299	10	1	383	681	2034	1738	2.04e-137	484
EQB51_RS15940	31	92.727	55	4	0	108	162	2451	2397	2.43e-16	80.5
EQB51_RS15945	31	98.516	337	4	1	1	337	2365	2030	3.26e-170	593
EQB51_RS15945	31	87.333	300	34	3	384	682	2034	1738	4.68e-94	340
EQB51_RS15965	21	93.243	74	5	0	554	627	20868	20795	1.65e-24	110
EQB51_RS16010	21	99.312	1163	8	0	1	1163	21773	22935	0.0	2104
EQB51_RS16080	35	95.978	1069	42	1	228	1296	3156	2089	0.0	1735
EQB51_RS16135	2	97.797	681	15	0	1	681	82882	83562	0.0	1175
EQB51_RS16135	47	99.196	373	3	0	32	404	373	1	0.0	673
EQB51_RS16135	23	98.917	277	3	0	405	681	1	277	9.43e-141	496
EQB51_RS16135	44	97.348	264	7	0	418	681	1000	737	7.45e-127	449
EQB51_RS16135	53	100.000	29	0	0	2	30	76	104	6.82e-08	54.7
EQB51_RS16210	2	96.804	438	14	0	212	649	83125	83562	0.0	732
EQB51_RS16210	2	99.558	226	1	0	1	226	82882	83107	9.30e-116	412
EQB51_RS16210	23	99.639	277	1	0	373	649	1	277	4.15e-144	507
EQB51_RS16210	44	98.106	264	5	0	386	649	1000	737	3.27e-130	460
EQB51_RS16210	47	99.487	195	1	0	32	226	373	179	1.59e-98	355
EQB51_RS16210	47	98.710	155	2	0	218	372	155	1	1.27e-74	276
EQB51_RS16210	53	100.000	29	0	0	2	30	76	104	6.49e-08	54.7
EQB51_RS16215	2	100.000	35	0	0	794	828	83619	83585	3.86e-11	65.8
EQB51_RS16215	44	100.000	33	0	0	796	828	682	714	4.99e-10	62.1
EQB51_RS16215	23	100.000	32	0	0	797	828	331	300	1.79e-09	60.2
EQB51_RS16265	31	99.107	336	3	0	1	336	2365	2030	1.50e-173	604
EQB51_RS16265	31	98.328	299	3	1	383	681	2034	1738	4.33e-149	523
EQB51_RS16470	44	100.000	51	0	0	1	51	733	683	3.64e-20	95.3
EQB51_RS16470	23	100.000	51	0	0	1	51	281	331	3.64e-20	95.3
EQB51_RS16470	2	100.000	51	0	0	1	51	83566	83616	3.64e-20	95.3
EQB51_RS16475	2	98.238	681	12	0	1	681	82882	83562	0.0	1192
EQB51_RS16475	47	99.732	373	1	0	32	404	373	1	0.0	684
EQB51_RS16475	23	99.639	277	1	0	405	681	1	277	4.36e-144	507
EQB51_RS16475	44	98.106	264	5	0	418	681	1000	737	3.44e-130	460
EQB51_RS16480	38	98.810	84	1	0	1	84	2505	2422	8.34e-38	150
EQB51_RS16485	38	99.729	738	2	0	1	738	2297	1560	0.0	1352
EQB51_RS16490	40	95.262	781	37	0	84	864	423	1203	0.0	1238
EQB51_RS16495	40	84.588	279	31	11	1	273	66	338	3.08e-72	267
EQB51_RS16500	51	97.037	135	4	0	27	161	135	1	1.10e-60	228
EQB51_RS16505	38	96.321	897	33	0	1	897	1027	131	0.0	1474
EQB51_RS16515	39	100.000	208	0	0	1	208	1017	810	1.78e-107	385
EQB51_RS16525	39	100.000	795	0	0	1	795	2087	1293	0.0	1469
EQB51_RS16530	39	100.000	281	0	0	263	543	2460	2180	4.43e-148	520
EQB51_RS16530	39	100.000	262	0	0	1	262	262	1	1.62e-137	484
EQB51_RS16535	39	100.000	554	0	0	356	909	812	259	0.0	1024
EQB51_RS16580	43	98.750	960	12	0	1	960	97	1056	0.0	1707
EQB51_RS16585	2	98.091	681	13	0	1	681	82882	83562	0.0	1186
EQB51_RS16585	47	99.732	373	1	0	32	404	373	1	0.0	684
EQB51_RS16585	23	99.278	277	2	0	405	681	1	277	2.03e-142	501
EQB51_RS16585	44	97.727	264	6	0	418	681	1000	737	1.60e-128	455
EQB58_RS14465	42	75.746	503	116	4	752	1251	640	141	5.44e-66	248
EQB58_RS14580	31	86.658	757	101	0	423	1179	6131	5375	0.0	839
EQB58_RS14595	3	76.746	1217	277	6	28	1241	324012	322799	0.0	675
EQB58_RS14635	27	91.549	213	18	0	7	219	9649	9437	1.12e-80	294
EQB58_RS14635	31	85.380	171	23	2	1	170	5581	5412	4.22e-45	176
EQB58_RS14650	2	98.385	681	11	0	1	681	82882	83562	0.0	1197
EQB58_RS14650	47	99.732	373	1	0	32	404	373	1	0.0	684
EQB58_RS14650	23	99.639	277	1	0	405	681	1	277	4.36e-144	507
EQB58_RS14650	44	98.106	264	5	0	418	681	1000	737	3.44e-130	460
EQB58_RS14650	53	100.000	29	0	0	2	30	76	104	6.82e-08	54.7
EQB58_RS14700	22	82.339	821	141	4	1	819	20706	21524	0.0	710
EQB58_RS14705	22	80.615	650	120	6	37	683	20514	19868	2.66e-141	497
EQB58_RS14710	22	81.921	1510	259	14	1	1503	19850	18348	0.0	1264
EQB58_RS14725	21	99.484	1163	6	0	1	1163	21773	22935	0.0	2115
EQB58_RS14800	21	99.484	1163	6	0	1	1163	21773	22935	0.0	2115
EQB58_RS14805	21	99.459	1293	7	0	1	1293	20634	19342	0.0	2350
EQB58_RS14810	21	100.000	261	0	0	1	261	21168	20908	2.69e-137	483
EQB58_RS14815	31	86.658	757	101	0	423	1179	6131	5375	0.0	839
EQB58_RS14915	21	99.484	1163	6	0	1	1163	21773	22935	0.0	2115
EQB58_RS14925	21	99.495	396	2	0	1	396	23878	23483	0.0	721
EQB58_RS14930	21	99.764	849	2	0	1	849	24739	23891	0.0	1557
EQB58_RS14935	21	100.000	828	0	0	1	828	25581	24754	0.0	1530
EQB58_RS14940	21	99.768	861	2	0	1	861	26453	25593	0.0	1580
EQB58_RS14945	21	99.573	1170	5	0	1	1170	26692	27861	0.0	2134
EQB58_RS14955	21	100.000	39	0	0	1282	1320	28224	28186	3.71e-13	73.1
EQB58_RS14960	35	100.000	566	0	0	1	566	3513	4078	0.0	1046
EQB58_RS14970	35	98.824	85	1	0	1	85	3241	3157	4.47e-37	152
EQB58_RS14990	9	80.986	1257	234	5	8	1263	82374	83626	0.0	992
EQB58_RS15045	35	98.824	85	1	0	1	85	3241	3157	4.47e-37	152
EQB58_RS15105	21	90.337	1097	106	0	1	1097	20634	19538	0.0	1439
EQB58_RS15110	35	99.927	1377	1	0	1	1377	582	1958	0.0	2538
EQB58_RS15115	35	100.000	582	0	0	76	657	1	582	0.0	1075
EQB58_RS15120	27	99.757	1237	3	0	1	1237	12696	13932	0.0	2268
EQB58_RS15125	27	98.969	97	1	0	60	156	12581	12677	1.04e-44	174
EQB58_RS15135	27	99.715	351	1	0	1	351	12024	12374	0.0	643
EQB58_RS15135	21	99.000	100	1	0	351	450	21579	21678	7.02e-46	180
EQB58_RS16570	27	97.790	543	1	1	1	543	11337	11868	0.0	926
EQB58_RS15155	2	92.669	682	48	2	1	681	82882	83562	0.0	981
EQB58_RS15155	23	98.917	277	3	0	405	681	1	277	9.43e-141	496
EQB58_RS15155	47	90.591	372	33	2	34	404	371	1	1.22e-139	492
EQB58_RS15155	44	98.106	264	5	0	418	681	1000	737	3.44e-130	460
EQB58_RS15185	31	98.810	336	4	0	1	336	2365	2030	6.99e-172	599
EQB58_RS15185	31	97.993	299	4	1	383	681	2034	1738	2.01e-147	518
EQB58_RS15270	2	98.385	681	11	0	1	681	82882	83562	0.0	1197
EQB58_RS15270	47	99.732	373	1	0	32	404	373	1	0.0	684
EQB58_RS15270	23	98.917	277	3	0	405	681	1	277	9.43e-141	496
EQB58_RS15270	44	98.106	264	5	0	418	681	1000	737	3.44e-130	460
EQB58_RS15270	53	100.000	29	0	0	2	30	76	104	6.82e-08	54.7
EQB58_RS15280	21	91.925	161	13	0	66	226	12581	12421	7.78e-60	226
EQB58_RS15300	2	98.385	681	11	0	1	681	82882	83562	0.0	1197
EQB58_RS15300	47	99.732	373	1	0	32	404	373	1	0.0	684
EQB58_RS15300	23	98.917	277	3	0	405	681	1	277	9.43e-141	496
EQB58_RS15300	44	98.106	264	5	0	418	681	1000	737	3.44e-130	460
EQB58_RS15300	53	100.000	29	0	0	2	30	76	104	6.82e-08	54.7
EQB58_RS15305	53	100.000	47	0	0	491	537	1	47	5.27e-18	87.9
EQB58_RS15305	2	100.000	47	0	0	491	537	82808	82854	5.27e-18	87.9
EQB58_RS15350	2	98.385	681	11	0	1	681	82882	83562	0.0	1197
EQB58_RS15350	47	99.732	373	1	0	32	404	373	1	0.0	684
EQB58_RS15350	23	98.917	277	3	0	405	681	1	277	9.43e-141	496
EQB58_RS15350	44	98.106	264	5	0	418	681	1000	737	3.44e-130	460
EQB58_RS15350	53	100.000	29	0	0	2	30	76	104	6.82e-08	54.7
EQB58_RS15375	2	98.238	681	12	0	1	681	82882	83562	0.0	1192
EQB58_RS15375	47	99.464	373	2	0	32	404	373	1	0.0	678
EQB58_RS15375	23	98.917	277	3	0	405	681	1	277	9.43e-141	496
EQB58_RS15375	44	98.106	264	5	0	418	681	1000	737	3.44e-130	460
EQB58_RS15375	53	100.000	29	0	0	2	30	76	104	6.82e-08	54.7
EQB58_RS15610	2	98.385	681	11	0	1	681	82882	83562	0.0	1197
EQB58_RS15610	47	99.732	373	1	0	32	404	373	1	0.0	684
EQB58_RS15610	23	99.639	277	1	0	405	681	1	277	4.36e-144	507
EQB58_RS15610	44	98.106	264	5	0	418	681	1000	737	3.44e-130	460
EQB58_RS15610	53	100.000	29	0	0	2	30	76	104	6.82e-08	54.7
EQB58_RS15640	2	98.385	681	11	0	1	681	82882	83562	0.0	1197
EQB58_RS15640	47	99.732	373	1	0	32	404	373	1	0.0	684
EQB58_RS15640	23	99.639	277	1	0	405	681	1	277	4.36e-144	507
EQB58_RS15640	44	98.106	264	5	0	418	681	1000	737	3.44e-130	460
EQB58_RS15640	53	100.000	29	0	0	2	30	76	104	6.82e-08	54.7
EQB58_RS15645	2	99.656	291	1	0	1	291	82882	83172	2.95e-152	532
EQB58_RS15645	47	99.615	260	1	0	32	291	373	114	5.03e-135	475
EQB58_RS15645	53	100.000	29	0	0	2	30	76	104	2.80e-08	54.7
EQB58_RS16590	2	100.000	38	0	0	128	165	82807	82844	1.49e-13	71.3
EQB58_RS16590	53	100.000	37	0	0	129	165	1	37	5.36e-13	69.4
EQB58_RS15965	38	99.729	738	2	0	1	738	2297	1560	0.0	1352
EQB58_RS15970	40	96.412	864	31	0	1	864	340	1203	0.0	1424
EQB58_RS15975	40	97.802	273	6	0	1	273	66	338	6.08e-134	472
EQB58_RS15980	51	100.000	135	0	0	27	161	135	1	2.34e-67	250
EQB58_RS15985	38	98.016	252	5	0	1	252	382	131	5.68e-124	438
EQB58_RS16030	21	100.000	35	0	0	221	255	21698	21732	1.12e-11	65.8
EQB58_RS16035	21	99.398	1163	7	0	1	1163	21773	22935	0.0	2109
EQB58_RS16060	2	98.385	681	11	0	1	681	82882	83562	0.0	1197
EQB58_RS16060	47	99.732	373	1	0	32	404	373	1	0.0	684
EQB58_RS16060	23	99.639	277	1	0	405	681	1	277	4.36e-144	507
EQB58_RS16060	44	98.106	264	5	0	418	681	1000	737	3.44e-130	460
EQB58_RS16060	53	100.000	29	0	0	2	30	76	104	6.82e-08	54.7
EQB58_RS16065	53	100.000	37	0	0	618	654	1	37	2.34e-12	69.4
EQB58_RS16065	2	100.000	37	0	0	618	654	82808	82844	2.34e-12	69.4
EQB58_RS16085	2	98.385	681	11	0	1	681	82882	83562	0.0	1197
EQB58_RS16085	47	99.732	373	1	0	32	404	373	1	0.0	684
EQB58_RS16085	23	99.639	277	1	0	405	681	1	277	4.36e-144	507
EQB58_RS16085	44	98.106	264	5	0	418	681	1000	737	3.44e-130	460
EQB58_RS16085	53	100.000	29	0	0	2	30	76	104	6.82e-08	54.7
EQB58_RS16090	44	100.000	48	0	0	1	48	730	683	1.28e-18	89.8
EQB58_RS16090	23	100.000	48	0	0	1	48	284	331	1.28e-18	89.8
EQB58_RS16090	2	100.000	48	0	0	1	48	83569	83616	1.28e-18	89.8
EQB58_RS16120	2	98.385	681	11	0	1	681	82882	83562	0.0	1197
EQB58_RS16120	47	99.732	373	1	0	32	404	373	1	0.0	684
EQB58_RS16120	23	99.639	277	1	0	405	681	1	277	4.36e-144	507
EQB58_RS16120	44	98.106	264	5	0	418	681	1000	737	3.44e-130	460
EQB58_RS16120	53	100.000	29	0	0	2	30	76	104	6.82e-08	54.7
EQB58_RS16125	2	98.385	681	11	0	1	681	82882	83562	0.0	1197
EQB58_RS16125	47	99.732	373	1	0	32	404	373	1	0.0	684
EQB58_RS16125	23	99.639	277	1	0	405	681	1	277	4.36e-144	507
EQB58_RS16125	44	98.106	264	5	0	418	681	1000	737	3.44e-130	460
EQB58_RS16125	53	100.000	29	0	0	2	30	76	104	6.82e-08	54.7
EQB58_RS16130	2	100.000	34	0	0	1119	1152	83618	83585	1.94e-10	63.9
EQB58_RS16130	44	100.000	33	0	0	1120	1152	682	714	6.99e-10	62.1
EQB58_RS16130	23	100.000	32	0	0	1121	1152	331	300	2.51e-09	60.2
EQB58_RS16150	2	98.385	681	11	0	1	681	82882	83562	0.0	1197
EQB58_RS16150	47	99.732	373	1	0	32	404	373	1	0.0	684
EQB58_RS16150	23	99.639	277	1	0	405	681	1	277	4.36e-144	507
EQB58_RS16150	44	98.106	264	5	0	418	681	1000	737	3.44e-130	460
EQB58_RS16150	53	100.000	29	0	0	2	30	76	104	6.82e-08	54.7
EQB58_RS16165	2	98.532	681	10	0	1	681	82882	83562	0.0	1203
EQB58_RS16165	47	99.732	373	1	0	32	404	373	1	0.0	684
EQB58_RS16165	23	99.278	277	2	0	405	681	1	277	2.03e-142	501
EQB58_RS16165	44	98.485	264	4	0	418	681	1000	737	7.40e-132	466
EQB58_RS16165	53	100.000	29	0	0	2	30	76	104	6.82e-08	54.7
EQB58_RS16185	2	98.385	681	11	0	1	681	82882	83562	0.0	1197
EQB58_RS16185	47	99.732	373	1	0	32	404	373	1	0.0	684
EQB58_RS16185	23	99.639	277	1	0	405	681	1	277	4.36e-144	507
EQB58_RS16185	44	98.106	264	5	0	418	681	1000	737	3.44e-130	460
EQB58_RS16185	53	100.000	29	0	0	2	30	76	104	6.82e-08	54.7
EQB58_RS16220	39	100.000	554	0	0	356	909	812	259	0.0	1024
EQB58_RS16225	39	100.000	229	0	0	1	229	262	34	1.57e-119	424
EQB58_RS16240	39	100.000	252	0	0	1	252	2431	2180	2.60e-132	466
EQB58_RS16245	39	100.000	795	0	0	1	795	2087	1293	0.0	1469
EQB58_RS16250	38	100.000	73	0	0	12	84	2626	2554	2.34e-33	135
EQB58_RS16255	38	98.810	84	1	0	1	84	2505	2422	8.34e-38	150
EL354_RS14310	31	86.658	757	101	0	423	1179	6131	5375	0.0	839
EL354_RS14370	28	93.243	222	2	2	819	1040	11233	11441	4.38e-86	315
EL354_RS14425	22	82.339	821	141	4	1	819	20706	21524	0.0	710
EL354_RS14430	22	80.615	650	120	6	37	683	20514	19868	2.66e-141	497
EL354_RS14435	22	81.921	1510	259	14	1	1503	19850	18348	0.0	1264
EL354_RS14445	21	99.484	1163	6	0	1	1163	21773	22935	0.0	2115
EL354_RS14485	31	86.202	761	101	3	424	1184	6131	5375	0.0	821
EL354_RS14495	31	86.658	757	101	0	421	1177	6131	5375	0.0	839
EL354_RS14600	2	94.048	672	38	2	1	671	82882	83552	0.0	1018
EL354_RS14600	47	99.196	373	3	0	32	404	373	1	0.0	673
EL354_RS14600	23	88.489	278	30	2	405	681	1	277	2.18e-92	335
EL354_RS14600	31	92.377	223	15	1	459	681	1958	1738	7.88e-87	316
EL354_RS14600	44	87.451	255	30	2	418	671	1000	747	1.33e-79	292
EL354_RS14600	53	100.000	29	0	0	2	30	76	104	6.82e-08	54.7
EL354_RS14605	53	100.000	37	0	0	1290	1326	1	37	4.82e-12	69.4
EL354_RS14605	2	100.000	37	0	0	1290	1326	82808	82844	4.82e-12	69.4
EL354_RS14705	31	99.604	757	3	0	423	1179	6131	5375	0.0	1382
EL354_RS14705	31	99.254	134	0	1	226	358	6261	6128	8.57e-64	241
EL354_RS14705	27	84.922	829	109	13	1	821	10627	9807	0.0	824
EL354_RS14705	21	100.000	65	0	0	1	65	21464	21400	1.16e-27	121
EL354_RS14860	35	95.978	1069	42	1	228	1296	3156	2089	0.0	1735
EL354_RS14980	42	75.746	503	116	4	752	1251	640	141	5.44e-66	248
EQB43_RS15160	21	99.484	1163	6	0	1	1163	21773	22935	0.0	2115
EQB43_RS15315	42	75.746	503	116	4	752	1251	640	141	5.44e-66	248
EQB43_RS15415	2	98.091	681	13	0	1	681	82882	83562	0.0	1186
EQB43_RS15415	47	99.732	373	1	0	32	404	373	1	0.0	684
EQB43_RS15415	23	99.639	277	1	0	405	681	1	277	4.36e-144	507
EQB43_RS15415	44	98.106	264	5	0	418	681	1000	737	3.44e-130	460
EQB43_RS15460	22	82.339	821	141	4	1	819	20706	21524	0.0	710
EQB43_RS15465	22	80.615	650	120	6	37	683	20514	19868	2.66e-141	497
EQB43_RS15470	22	81.921	1510	259	14	1	1503	19850	18348	0.0	1264
EQB43_RS15485	21	99.484	1163	6	0	1	1163	21773	22935	0.0	2115
EQB43_RS15550	21	99.484	1163	6	0	1	1163	21773	22935	0.0	2115
EQB43_RS15560	21	99.691	1293	4	0	1	1293	20634	19342	0.0	2366
EQB43_RS15565	21	100.000	261	0	0	1	261	21168	20908	2.69e-137	483
EQB43_RS15570	31	86.658	757	101	0	423	1179	6131	5375	0.0	839
EQB43_RS15585	21	99.495	396	2	0	1	396	23878	23483	0.0	721
EQB43_RS15590	21	99.647	849	3	0	1	849	24739	23891	0.0	1552
EQB43_RS15595	21	100.000	828	0	0	1	828	25581	24754	0.0	1530
EQB43_RS15600	21	99.768	861	2	0	1	861	26453	25593	0.0	1580
EQB43_RS15605	21	99.588	486	2	0	1	486	26692	27177	0.0	887
EQB43_RS15620	2	98.385	681	11	0	1	681	82882	83562	0.0	1197
EQB43_RS15620	47	99.732	373	1	0	32	404	373	1	0.0	684
EQB43_RS15620	23	98.917	277	3	0	405	681	1	277	9.43e-141	496
EQB43_RS15620	44	98.106	264	5	0	418	681	1000	737	3.44e-130	460
EQB43_RS15620	53	100.000	29	0	0	2	30	76	104	6.82e-08	54.7
EQB43_RS15635	23	98.305	177	3	0	1	177	101	277	8.74e-86	311
EQB43_RS15635	44	97.740	177	4	0	1	177	913	737	4.07e-84	305
EQB43_RS15635	2	97.740	177	4	0	1	177	83386	83562	4.07e-84	305
EQB43_RS15655	31	99.702	336	1	0	1	336	2365	2030	6.94e-177	616
EQB43_RS15655	31	98.328	299	3	1	383	681	2034	1738	4.33e-149	523
EQB43_RS15665	2	97.082	377	11	0	5	381	83186	83562	0.0	636
EQB43_RS15665	23	99.278	277	2	0	105	381	1	277	1.11e-142	501
EQB43_RS15665	44	97.727	264	6	0	118	381	1000	737	8.75e-129	455
EQB43_RS15665	47	100.000	100	0	0	5	104	100	1	1.27e-47	185
EQB43_RS17635	31	98.718	78	1	0	97	174	2442	2365	4.28e-34	139
EQB43_RS15680	31	99.702	336	1	0	1	336	2365	2030	6.94e-177	616
EQB43_RS15680	31	98.328	299	3	1	383	681	2034	1738	4.33e-149	523
EQB43_RS15705	21	91.925	161	13	0	66	226	12581	12421	7.78e-60	226
EQB43_RS15725	2	98.238	681	12	0	1	681	82882	83562	0.0	1192
EQB43_RS15725	47	99.464	373	2	0	32	404	373	1	0.0	678
EQB43_RS15725	23	99.639	277	1	0	405	681	1	277	4.36e-144	507
EQB43_RS15725	44	98.106	264	5	0	418	681	1000	737	3.44e-130	460
EQB43_RS15725	53	100.000	29	0	0	2	30	76	104	6.82e-08	54.7
EQB43_RS15730	21	100.000	39	0	0	1282	1320	28224	28186	3.71e-13	73.1
EQB43_RS15735	35	100.000	566	0	0	1	566	3513	4078	0.0	1046
EQB43_RS15745	35	98.824	85	1	0	1	85	3241	3157	4.47e-37	152
EQB43_RS15750	9	80.039	1538	296	10	33	1566	82096	83626	0.0	1129
EQB43_RS15875	35	98.824	85	1	0	1	85	3241	3157	4.47e-37	152
EQB43_RS15930	21	89.243	1097	118	0	1	1097	20634	19538	0.0	1373
EQB43_RS15935	35	99.927	1377	1	0	1	1377	582	1958	0.0	2538
EQB43_RS15940	35	100.000	582	0	0	76	657	1	582	0.0	1075
EQB43_RS15945	27	99.677	1237	4	0	1	1237	12696	13932	0.0	2263
EQB43_RS15950	27	98.969	97	1	0	60	156	12581	12677	1.04e-44	174
EQB43_RS15960	27	99.715	351	1	0	1	351	12024	12374	0.0	643
EQB43_RS17640	27	97.790	543	1	1	1	543	11337	11868	0.0	926
EQB43_RS15985	31	87.629	194	24	0	23	216	5568	5375	4.06e-60	226
EQB43_RS16030	31	99.405	336	2	0	1	336	2365	2030	3.23e-175	610
EQB43_RS16030	31	97.659	299	5	1	383	681	2034	1738	9.37e-146	512
EQB43_RS16035	22	90.685	569	53	0	14	582	23102	23670	0.0	758
EQB43_RS16090	31	99.405	336	2	0	1	336	2365	2030	3.23e-175	610
EQB43_RS16090	31	95.987	299	10	1	383	681	2034	1738	2.04e-137	484
EQB43_RS16110	31	92.727	55	4	0	108	162	2451	2397	2.43e-16	80.5
EQB43_RS16115	31	87.333	300	34	3	319	617	2034	1738	4.22e-94	340
EQB43_RS16115	31	97.895	190	3	1	1	190	2365	2177	3.29e-90	327
EQB43_RS16115	31	98.851	87	1	0	186	272	2116	2030	1.64e-38	156
EQB43_RS16135	21	93.243	74	5	0	554	627	20868	20795	1.65e-24	110
EQB43_RS16180	21	99.484	1163	6	0	1	1163	21773	22935	0.0	2115
EQB43_RS16250	35	95.978	1069	42	1	228	1296	3156	2089	0.0	1735
EQB43_RS16305	2	97.797	681	15	0	1	681	82882	83562	0.0	1175
EQB43_RS16305	47	99.196	373	3	0	32	404	373	1	0.0	673
EQB43_RS16305	23	98.917	277	3	0	405	681	1	277	9.43e-141	496
EQB43_RS16305	44	97.348	264	7	0	418	681	1000	737	7.45e-127	449
EQB43_RS16305	53	100.000	29	0	0	2	30	76	104	6.82e-08	54.7
EQB43_RS16380	2	96.804	438	14	0	212	649	83125	83562	0.0	732
EQB43_RS16380	2	99.558	226	1	0	1	226	82882	83107	9.30e-116	412
EQB43_RS16380	23	99.639	277	1	0	373	649	1	277	4.15e-144	507
EQB43_RS16380	44	98.106	264	5	0	386	649	1000	737	3.27e-130	460
EQB43_RS16380	47	99.487	195	1	0	32	226	373	179	1.59e-98	355
EQB43_RS16380	47	98.710	155	2	0	218	372	155	1	1.27e-74	276
EQB43_RS16380	53	100.000	29	0	0	2	30	76	104	6.49e-08	54.7
EQB43_RS16385	2	100.000	35	0	0	794	828	83619	83585	3.86e-11	65.8
EQB43_RS16385	44	100.000	33	0	0	796	828	682	714	4.99e-10	62.1
EQB43_RS16385	23	100.000	32	0	0	797	828	331	300	1.79e-09	60.2
EQB43_RS16435	31	99.405	336	2	0	1	336	2365	2030	3.23e-175	610
EQB43_RS16435	31	98.328	299	3	1	383	681	2034	1738	4.33e-149	523
EQB43_RS16485	42	75.746	503	116	4	752	1251	640	141	5.44e-66	248
EQB43_RS16680	42	75.746	503	116	4	752	1251	640	141	5.44e-66	248
EQB43_RS16775	22	83.788	586	95	0	8	593	23084	23669	3.84e-159	556
EQB43_RS16810	2	98.238	681	12	0	1	681	82882	83562	0.0	1192
EQB43_RS16810	47	99.732	373	1	0	32	404	373	1	0.0	684
EQB43_RS16810	23	99.278	277	2	0	405	681	1	277	2.03e-142	501
EQB43_RS16810	44	97.727	264	6	0	418	681	1000	737	1.60e-128	455
EQB43_RS16810	53	100.000	29	0	0	2	30	76	104	6.82e-08	54.7
EQB43_RS16850	2	98.385	681	11	0	1	681	82882	83562	0.0	1197
EQB43_RS16850	47	99.732	373	1	0	32	404	373	1	0.0	684
EQB43_RS16850	23	99.639	277	1	0	405	681	1	277	4.36e-144	507
EQB43_RS16850	44	98.106	264	5	0	418	681	1000	737	3.44e-130	460
EQB43_RS16850	53	100.000	29	0	0	2	30	76	104	6.82e-08	54.7
EQB43_RS16865	31	86.658	757	101	0	423	1179	6131	5375	0.0	839
EQB43_RS16920	44	100.000	51	0	0	1	51	733	683	3.64e-20	95.3
EQB43_RS16920	23	100.000	51	0	0	1	51	281	331	3.64e-20	95.3
EQB43_RS16920	2	100.000	51	0	0	1	51	83566	83616	3.64e-20	95.3
EQB43_RS16925	2	98.238	681	12	0	1	681	82882	83562	0.0	1192
EQB43_RS16925	47	99.732	373	1	0	32	404	373	1	0.0	684
EQB43_RS16925	23	99.639	277	1	0	405	681	1	277	4.36e-144	507
EQB43_RS16925	44	98.106	264	5	0	418	681	1000	737	3.44e-130	460
EQB43_RS16930	38	98.810	84	1	0	1	84	2505	2422	8.34e-38	150
EQB43_RS16935	38	99.729	738	2	0	1	738	2297	1560	0.0	1352
EQB43_RS16940	40	95.262	781	37	0	84	864	423	1203	0.0	1238
EQB43_RS16945	40	84.588	279	31	11	1	273	66	338	3.08e-72	267
EQB43_RS16950	51	97.037	135	4	0	27	161	135	1	1.10e-60	228
EQB43_RS16955	38	96.321	897	33	0	1	897	1027	131	0.0	1474
EQB43_RS16965	39	100.000	208	0	0	1	208	1017	810	1.78e-107	385
EQB43_RS16975	39	100.000	795	0	0	1	795	2087	1293	0.0	1469
EQB43_RS16980	39	100.000	281	0	0	263	543	2460	2180	4.43e-148	520
EQB43_RS16980	39	100.000	262	0	0	1	262	262	1	1.62e-137	484
EQB43_RS16985	39	100.000	554	0	0	356	909	812	259	0.0	1024
EQB43_RS17030	43	98.750	960	12	0	1	960	97	1056	0.0	1707
EQB43_RS17035	2	98.238	681	12	0	1	681	82882	83562	0.0	1192
EQB43_RS17035	47	99.732	373	1	0	32	404	373	1	0.0	684
EQB43_RS17035	23	99.639	277	1	0	405	681	1	277	4.36e-144	507
EQB43_RS17035	44	98.106	264	5	0	418	681	1000	737	3.44e-130	460
EQB75_RS15440	42	75.746	503	116	4	752	1251	640	141	5.44e-66	248
EQB75_RS15555	31	86.658	757	101	0	423	1179	6131	5375	0.0	839
EQB75_RS15575	3	76.746	1217	277	6	28	1241	324012	322799	0.0	675
EQB75_RS15630	27	91.549	213	18	0	7	219	9649	9437	1.12e-80	294
EQB75_RS15630	31	85.380	171	23	2	1	170	5581	5412	4.22e-45	176
EQB75_RS15645	2	98.385	681	11	0	1	681	82882	83562	0.0	1197
EQB75_RS15645	47	99.732	373	1	0	32	404	373	1	0.0	684
EQB75_RS15645	23	99.639	277	1	0	405	681	1	277	4.36e-144	507
EQB75_RS15645	44	98.106	264	5	0	418	681	1000	737	3.44e-130	460
EQB75_RS15645	53	100.000	29	0	0	2	30	76	104	6.82e-08	54.7
EQB75_RS15695	22	82.339	821	141	4	1	819	20706	21524	0.0	710
EQB75_RS15700	22	80.615	650	120	6	37	683	20514	19868	2.66e-141	497
EQB75_RS15705	22	81.921	1510	259	14	1	1503	19850	18348	0.0	1264
EQB75_RS15720	21	99.398	1163	7	0	1	1163	21773	22935	0.0	2109
EQB75_RS15740	21	99.573	1170	5	0	1	1170	26692	27861	0.0	2134
EQB75_RS15760	21	99.768	861	2	0	1	861	26453	25593	0.0	1580
EQB75_RS15765	21	100.000	828	0	0	1	828	25581	24754	0.0	1530
EQB75_RS15770	21	99.647	849	3	0	1	849	24739	23891	0.0	1552
EQB75_RS15775	21	99.495	396	2	0	1	396	23878	23483	0.0	721
EQB75_RS15790	31	86.658	757	101	0	423	1179	6131	5375	0.0	839
EQB75_RS15795	21	100.000	261	0	0	1	261	21168	20908	2.69e-137	483
EQB75_RS15800	21	99.691	1293	4	0	1	1293	20634	19342	0.0	2366
EQB75_RS15805	21	99.398	1163	7	0	1	1163	21773	22935	0.0	2109
EQB75_RS15860	2	98.385	681	11	0	1	681	82882	83562	0.0	1197
EQB75_RS15860	47	99.732	373	1	0	32	404	373	1	0.0	684
EQB75_RS15860	23	98.917	277	3	0	405	681	1	277	9.43e-141	496
EQB75_RS15860	44	98.106	264	5	0	418	681	1000	737	3.44e-130	460
EQB75_RS15860	53	100.000	29	0	0	2	30	76	104	6.82e-08	54.7
EQB75_RS15875	23	98.305	177	3	0	1	177	101	277	8.74e-86	311
EQB75_RS15875	44	97.740	177	4	0	1	177	913	737	4.07e-84	305
EQB75_RS15875	2	97.740	177	4	0	1	177	83386	83562	4.07e-84	305
EQB75_RS15900	2	97.082	377	11	0	5	381	83186	83562	0.0	636
EQB75_RS15900	23	99.278	277	2	0	105	381	1	277	1.11e-142	501
EQB75_RS15900	44	97.727	264	6	0	118	381	1000	737	8.75e-129	455
EQB75_RS15900	47	100.000	100	0	0	5	104	100	1	1.27e-47	185
EQB75_RS15910	31	99.702	336	1	0	1	336	2365	2030	6.94e-177	616
EQB75_RS15910	31	98.328	299	3	1	383	681	2034	1738	4.33e-149	523
EQB75_RS15935	21	91.925	161	13	0	66	226	12581	12421	7.78e-60	226
EQB75_RS15955	2	98.238	681	12	0	1	681	82882	83562	0.0	1192
EQB75_RS15955	47	99.464	373	2	0	32	404	373	1	0.0	678
EQB75_RS15955	23	99.639	277	1	0	405	681	1	277	4.36e-144	507
EQB75_RS15955	44	98.106	264	5	0	418	681	1000	737	3.44e-130	460
EQB75_RS15955	53	100.000	29	0	0	2	30	76	104	6.82e-08	54.7
EQB75_RS15960	21	100.000	39	0	0	1282	1320	28224	28186	3.71e-13	73.1
EQB75_RS15965	35	100.000	566	0	0	1	566	3513	4078	0.0	1046
EQB75_RS15975	35	98.824	85	1	0	1	85	3241	3157	1.78e-37	152
EQB75_RS16055	35	99.855	1377	2	0	1	1377	582	1958	0.0	2532
EQB75_RS16060	35	100.000	582	0	0	76	657	1	582	0.0	1075
EQB75_RS16065	27	99.596	1237	5	0	1	1237	12696	13932	0.0	2257
EQB75_RS16070	27	98.969	97	1	0	60	156	12581	12677	1.04e-44	174
EQB75_RS16080	27	99.715	351	1	0	1	351	12024	12374	0.0	643
EQB75_RS16080	21	99.000	100	1	0	351	450	21579	21678	7.02e-46	180
EQB75_RS17510	27	97.790	543	1	1	1	543	11337	11868	0.0	926
EQB75_RS16105	31	87.629	194	24	0	23	216	5568	5375	4.06e-60	226
EQB75_RS16245	31	97.959	49	1	0	1	49	1732	1684	1.45e-17	86.1
EQB75_RS16250	31	98.328	299	3	1	266	564	2034	1738	3.57e-149	523
EQB75_RS16250	31	99.543	219	1	0	1	219	2248	2030	6.27e-112	399
EQB75_RS16255	21	99.484	1163	6	0	1	1163	21773	22935	0.0	2115
EQB75_RS16265	31	99.702	336	1	0	1	336	2365	2030	6.94e-177	616
EQB75_RS16265	31	98.328	299	3	1	383	681	2034	1738	4.33e-149	523
EQB75_RS16275	27	89.214	1196	119	8	1	1191	10627	9437	0.0	1485
EQB75_RS16690	2	98.385	681	11	0	1	681	82882	83562	0.0	1197
EQB75_RS16690	47	99.732	373	1	0	32	404	373	1	0.0	684
EQB75_RS16690	23	99.639	277	1	0	405	681	1	277	4.36e-144	507
EQB75_RS16690	44	98.106	264	5	0	418	681	1000	737	3.44e-130	460
EQB75_RS16690	53	100.000	29	0	0	2	30	76	104	6.82e-08	54.7
EQB75_RS16695	38	100.000	84	0	0	1	84	2505	2422	1.79e-39	156
EQB75_RS16700	38	99.729	738	2	0	1	738	2297	1560	0.0	1352
EQB75_RS16710	44	98.462	260	4	0	2	261	411	152	4.53e-130	459
EQB75_RS16710	38	95.019	261	13	0	1	261	1390	1130	1.29e-115	411
EQB75_RS16735	39	100.000	554	0	0	356	909	812	259	0.0	1024
EQB75_RS16740	39	100.000	281	0	0	263	543	2460	2180	4.43e-148	520
EQB75_RS16740	39	100.000	262	0	0	1	262	262	1	1.62e-137	484
EQB75_RS16745	39	99.874	795	1	0	1	795	2087	1293	0.0	1463
EQB75_RS16755	39	100.000	208	0	0	1	208	1017	810	1.05e-107	385
EQB75_RS16760	2	98.385	681	11	0	1	681	82882	83562	0.0	1197
EQB75_RS16760	47	99.732	373	1	0	32	404	373	1	0.0	684
EQB75_RS16760	23	99.639	277	1	0	405	681	1	277	4.36e-144	507
EQB75_RS16760	44	98.106	264	5	0	418	681	1000	737	3.44e-130	460
EQB75_RS16760	53	100.000	29	0	0	2	30	76	104	6.82e-08	54.7
EQB75_RS16840	2	98.097	683	10	2	1	682	82882	83562	0.0	1186
EQB75_RS16840	47	99.732	373	1	0	32	404	373	1	0.0	684
EQB75_RS16840	23	98.925	279	1	1	404	682	1	277	2.63e-141	497
EQB75_RS16840	44	97.368	266	5	1	417	682	1000	737	2.07e-127	451
EQB75_RS16840	53	100.000	29	0	0	2	30	76	104	6.83e-08	54.7
EQB75_RS16865	2	97.654	682	14	2	1	681	82882	83562	0.0	1170
EQB75_RS16865	47	98.396	374	5	1	32	405	373	1	0.0	656
EQB75_RS16865	23	99.639	277	1	0	405	681	1	277	4.36e-144	507
EQB75_RS16865	44	98.106	264	5	0	418	681	1000	737	3.44e-130	460
EQB75_RS16865	53	100.000	29	0	0	2	30	76	104	6.82e-08	54.7
EQB75_RS16900	22	83.788	586	95	0	8	593	23084	23669	3.84e-159	556
EQB75_RS16935	38	98.810	84	1	0	1	84	2505	2422	8.34e-38	150
EQB75_RS16940	38	100.000	73	0	0	12	84	2626	2554	2.34e-33	135
EQB75_RS16945	39	99.874	795	1	0	1	795	2087	1293	0.0	1463
EQB75_RS16950	39	100.000	252	0	0	1	252	2431	2180	2.60e-132	466
EQB75_RS16965	39	100.000	229	0	0	1	229	262	34	1.57e-119	424
EQB75_RS16970	39	100.000	554	0	0	356	909	812	259	0.0	1024
EQB75_RS17000	2	98.385	681	11	0	1	681	82882	83562	0.0	1197
EQB75_RS17000	47	99.732	373	1	0	32	404	373	1	0.0	684
EQB75_RS17000	23	99.639	277	1	0	405	681	1	277	4.36e-144	507
EQB75_RS17000	44	98.106	264	5	0	418	681	1000	737	3.44e-130	460
EQB75_RS17000	53	100.000	29	0	0	2	30	76	104	6.82e-08	54.7
EQB75_RS17020	2	98.385	681	11	0	1	681	82882	83562	0.0	1197
EQB75_RS17020	47	99.732	373	1	0	32	404	373	1	0.0	684
EQB75_RS17020	23	99.639	277	1	0	405	681	1	277	4.36e-144	507
EQB75_RS17020	44	98.106	264	5	0	418	681	1000	737	3.44e-130	460
EQB75_RS17020	53	100.000	29	0	0	2	30	76	104	6.82e-08	54.7
EQB75_RS17045	21	99.398	1163	7	0	1	1163	21773	22935	0.0	2109
EQB75_RS17050	21	100.000	35	0	0	221	255	21698	21732	1.12e-11	65.8
EQB75_RS17095	2	98.238	681	12	0	1	681	82882	83562	0.0	1192
EQB75_RS17095	47	99.732	373	1	0	32	404	373	1	0.0	684
EQB75_RS17095	23	99.278	277	2	0	405	681	1	277	2.03e-142	501
EQB75_RS17095	44	97.727	264	6	0	418	681	1000	737	1.60e-128	455
EQB75_RS17095	53	100.000	29	0	0	2	30	76	104	6.82e-08	54.7
EQB75_RS17100	38	97.203	143	4	0	2	144	273	131	2.55e-65	243
EQB75_RS17105	51	100.000	135	0	0	27	161	135	1	2.34e-67	250
EQB75_RS17110	40	97.802	273	6	0	1	273	66	338	6.08e-134	472
EQB75_RS17115	40	96.412	864	31	0	1	864	340	1203	0.0	1424
EQB75_RS17120	38	99.729	738	2	0	1	738	2297	1560	0.0	1352
EW020_RS30180	18	82.667	150	26	0	1	150	4555	4704	2.38e-32	134
EW020_RS30880	5	82.804	913	155	2	1	912	72486	73397	0.0	815
E7T08_RS14120	21	99.398	1163	7	0	1	1163	21773	22935	0.0	2109
E7T08_RS14270	42	75.595	504	115	6	752	1251	640	141	2.53e-64	243
E7T08_RS14385	31	86.658	757	101	0	423	1179	6131	5375	0.0	839
E7T08_RS14400	3	76.746	1217	277	6	28	1241	324012	322799	0.0	675
E7T08_RS14445	27	91.549	213	18	0	7	219	9649	9437	1.12e-80	294
E7T08_RS14445	31	85.380	171	23	2	1	170	5581	5412	4.22e-45	176
E7T08_RS14460	2	96.145	441	14	1	212	652	83125	83562	0.0	717
E7T08_RS14460	2	99.558	226	1	0	1	226	82882	83107	9.34e-116	412
E7T08_RS14460	23	98.571	280	1	1	373	652	1	277	1.17e-139	492
E7T08_RS14460	44	97.004	267	5	1	386	652	1000	737	9.21e-126	446
E7T08_RS14460	47	99.487	195	1	0	32	226	373	179	1.60e-98	355
E7T08_RS14460	47	98.710	155	2	0	218	372	155	1	1.28e-74	276
E7T08_RS14460	53	100.000	29	0	0	2	30	76	104	6.52e-08	54.7
E7T08_RS14510	22	82.339	821	141	4	1	819	20706	21524	0.0	710
E7T08_RS14515	22	80.615	650	120	6	37	683	20514	19868	2.66e-141	497
E7T08_RS14520	22	81.921	1510	259	14	1	1503	19850	18348	0.0	1264
E7T08_RS14535	21	99.484	1163	6	0	1	1163	21773	22935	0.0	2115
E7T08_RS14600	21	99.484	1163	6	0	1	1163	21773	22935	0.0	2115
E7T08_RS14605	21	99.691	1293	4	0	1	1293	20634	19342	0.0	2366
E7T08_RS14610	21	100.000	261	0	0	1	261	21168	20908	2.69e-137	483
E7T08_RS14615	31	86.658	757	101	0	423	1179	6131	5375	0.0	839
E7T08_RS14630	21	99.495	396	2	0	1	396	23878	23483	0.0	721
E7T08_RS14635	21	99.647	849	3	0	1	849	24739	23891	0.0	1552
E7T08_RS14640	21	100.000	828	0	0	1	828	25581	24754	0.0	1530
E7T08_RS14645	21	99.768	861	2	0	1	861	26453	25593	0.0	1580
E7T08_RS14650	31	86.658	757	101	0	423	1179	6131	5375	0.0	839
E7T08_RS14655	21	99.573	1170	5	0	1	1170	26692	27861	0.0	2134
E7T08_RS14660	21	100.000	39	0	0	1282	1320	28224	28186	3.71e-13	73.1
E7T08_RS14665	35	100.000	566	0	0	1	566	3513	4078	0.0	1046
E7T08_RS14675	35	98.824	85	1	0	1	85	3241	3157	3.26e-37	152
E7T08_RS14755	35	99.855	1377	2	0	1	1377	582	1958	0.0	2532
E7T08_RS14760	35	100.000	582	0	0	76	657	1	582	0.0	1075
E7T08_RS14765	27	99.596	1237	5	0	1	1237	12696	13932	0.0	2257
E7T08_RS14770	27	98.969	97	1	0	60	156	12581	12677	1.04e-44	174
E7T08_RS14780	27	99.715	351	1	0	1	351	12024	12374	0.0	643
E7T08_RS14780	21	100.000	100	0	0	351	450	21579	21678	1.51e-47	185
E7T08_RS15940	27	97.790	543	1	1	1	543	11337	11868	0.0	926
E7T08_RS14805	31	87.629	194	24	0	23	216	5568	5375	4.06e-60	226
E7T08_RS14880	31	86.544	758	101	1	423	1180	6131	5375	0.0	833
E7T08_RS14885	43	99.502	602	3	0	1	602	97	698	0.0	1096
E7T08_RS14900	43	98.854	960	11	0	1	960	97	1056	0.0	1712
E7T08_RS14915	35	95.790	1069	44	1	228	1296	3156	2089	0.0	1724
E7T08_RS14935	2	98.385	681	11	0	1	681	82882	83562	0.0	1197
E7T08_RS14935	47	99.732	373	1	0	32	404	373	1	0.0	684
E7T08_RS14935	23	99.639	277	1	0	405	681	1	277	4.36e-144	507
E7T08_RS14935	44	98.106	264	5	0	418	681	1000	737	3.44e-130	460
E7T08_RS14935	53	100.000	29	0	0	2	30	76	104	6.82e-08	54.7
E7T08_RS14975	2	97.944	681	14	0	1	681	82882	83562	0.0	1181
E7T08_RS14975	47	99.196	373	3	0	32	404	373	1	0.0	673
E7T08_RS14975	23	99.639	277	1	0	405	681	1	277	4.36e-144	507
E7T08_RS14975	44	98.106	264	5	0	418	681	1000	737	3.44e-130	460
E7T08_RS15005	2	98.238	681	12	0	1	681	82882	83562	0.0	1192
E7T08_RS15005	47	99.732	373	1	0	32	404	373	1	0.0	684
E7T08_RS15005	23	99.278	277	2	0	405	681	1	277	2.03e-142	501
E7T08_RS15005	44	97.727	264	6	0	418	681	1000	737	1.60e-128	455
E7T08_RS15005	53	100.000	29	0	0	2	30	76	104	6.82e-08	54.7
E7T08_RS15060	2	98.385	681	11	0	1	681	82882	83562	0.0	1197
E7T08_RS15060	47	99.732	373	1	0	32	404	373	1	0.0	684
E7T08_RS15060	23	99.639	277	1	0	405	681	1	277	4.36e-144	507
E7T08_RS15060	44	98.106	264	5	0	418	681	1000	737	3.44e-130	460
E7T08_RS15060	53	100.000	29	0	0	2	30	76	104	6.82e-08	54.7
E7T08_RS15065	2	100.000	35	0	0	794	828	83619	83585	3.86e-11	65.8
E7T08_RS15065	44	100.000	33	0	0	796	828	682	714	4.99e-10	62.1
E7T08_RS15065	23	100.000	32	0	0	797	828	331	300	1.79e-09	60.2
E7T08_RS15140	27	92.045	1144	87	4	1	1142	10627	9486	0.0	1605
E7T08_RS15140	31	95.522	201	9	0	979	1179	5575	5375	2.97e-88	322
E7T08_RS15140	31	99.254	134	0	1	226	358	6261	6128	8.57e-64	241
E7T08_RS15140	21	98.462	65	1	0	1	65	21464	21400	5.42e-26	115
E7T08_RS15955	21	95.238	84	2	2	1	84	21487	21568	7.16e-32	132
E7T08_RS15955	27	97.222	72	2	0	1	72	10650	10721	4.31e-29	122
E7T08_RS15160	2	98.385	681	11	0	1	681	82882	83562	0.0	1197
E7T08_RS15160	47	99.732	373	1	0	32	404	373	1	0.0	684
E7T08_RS15160	23	99.639	277	1	0	405	681	1	277	4.36e-144	507
E7T08_RS15160	44	98.106	264	5	0	418	681	1000	737	3.44e-130	460
E7T08_RS15160	53	100.000	29	0	0	2	30	76	104	6.82e-08	54.7
E7T08_RS15180	22	85.690	587	84	0	3	589	23079	23665	4.73e-178	619
E7T08_RS15200	2	98.385	681	11	0	1	681	82882	83562	0.0	1197
E7T08_RS15200	47	99.732	373	1	0	32	404	373	1	0.0	684
E7T08_RS15200	23	99.639	277	1	0	405	681	1	277	4.36e-144	507
E7T08_RS15200	44	98.106	264	5	0	418	681	1000	737	3.44e-130	460
E7T08_RS15200	53	100.000	29	0	0	2	30	76	104	6.82e-08	54.7
E7T08_RS15210	39	100.000	208	0	0	1	208	1017	810	1.78e-107	385
E7T08_RS15235	38	99.593	738	3	0	1	738	2297	1560	0.0	1347
E7T08_RS15240	38	100.000	84	0	0	1	84	2505	2422	1.79e-39	156
E7T08_RS15245	38	100.000	73	0	0	12	84	2626	2554	2.34e-33	135
E7T08_RS15250	39	100.000	795	0	0	1	795	2087	1293	0.0	1469
E7T08_RS15255	39	100.000	281	0	0	263	543	2460	2180	4.43e-148	520
E7T08_RS15255	39	100.000	262	0	0	1	262	262	1	1.62e-137	484
E7T08_RS15260	39	100.000	554	0	0	356	909	812	259	0.0	1024
E7T08_RS15320	39	81.762	488	87	2	356	842	812	326	5.81e-114	407
E7T08_RS15335	2	98.385	681	11	0	1	681	82882	83562	0.0	1197
E7T08_RS15335	47	99.732	373	1	0	32	404	373	1	0.0	684
E7T08_RS15335	23	99.639	277	1	0	405	681	1	277	4.36e-144	507
E7T08_RS15335	44	98.106	264	5	0	418	681	1000	737	3.44e-130	460
E7T08_RS15335	53	100.000	29	0	0	2	30	76	104	6.82e-08	54.7
E7T08_RS15375	21	99.398	1163	7	0	1	1163	21773	22935	0.0	2109
E7T08_RS15380	2	98.091	681	13	0	1	681	82882	83562	0.0	1186
E7T08_RS15380	47	99.732	373	1	0	32	404	373	1	0.0	684
E7T08_RS15380	23	99.278	277	2	0	405	681	1	277	2.03e-142	501
E7T08_RS15380	44	97.727	264	6	0	418	681	1000	737	1.60e-128	455
E7T08_RS15395	2	98.091	681	13	0	1	681	82882	83562	0.0	1186
E7T08_RS15395	47	99.464	373	2	0	32	404	373	1	0.0	678
E7T08_RS15395	23	99.278	277	2	0	405	681	1	277	2.03e-142	501
E7T08_RS15395	44	97.727	264	6	0	418	681	1000	737	1.60e-128	455
E7T08_RS15395	53	100.000	29	0	0	2	30	76	104	6.82e-08	54.7
E7T08_RS15410	31	99.107	336	3	0	1	336	2365	2030	1.50e-173	604
E7T08_RS15410	31	98.328	299	3	1	383	681	2034	1738	4.33e-149	523
E7T08_RS15425	2	98.238	681	12	0	1	681	82882	83562	0.0	1192
E7T08_RS15425	47	99.732	373	1	0	32	404	373	1	0.0	684
E7T08_RS15425	23	99.278	277	2	0	405	681	1	277	2.03e-142	501
E7T08_RS15425	44	97.727	264	6	0	418	681	1000	737	1.60e-128	455
E7T08_RS15425	53	100.000	29	0	0	2	30	76	104	6.82e-08	54.7
E7T08_RS15445	2	98.091	681	13	0	1	681	82882	83562	0.0	1186
E7T08_RS15445	47	99.732	373	1	0	32	404	373	1	0.0	684
E7T08_RS15445	23	99.278	277	2	0	405	681	1	277	2.03e-142	501
E7T08_RS15445	44	97.727	264	6	0	418	681	1000	737	1.60e-128	455
E7T08_RS15465	21	91.925	161	13	0	66	226	12581	12421	7.78e-60	226
E7T08_RS15540	38	98.718	156	2	0	1	156	1285	1130	7.68e-76	278
E7T08_RS15540	44	94.231	156	9	0	1	156	307	152	3.62e-64	239
E7T08_RS15550	2	98.385	681	11	0	1	681	82882	83562	0.0	1197
E7T08_RS15550	47	99.732	373	1	0	32	404	373	1	0.0	684
E7T08_RS15550	23	99.639	277	1	0	405	681	1	277	4.36e-144	507
E7T08_RS15550	44	98.106	264	5	0	418	681	1000	737	3.44e-130	460
E7T08_RS15550	53	100.000	29	0	0	2	30	76	104	6.82e-08	54.7
E7T08_RS15555	40	100.000	252	0	0	1	252	340	591	3.00e-132	466
E7T08_RS15555	53	100.000	37	0	0	252	288	1	37	9.87e-13	69.4
E7T08_RS15555	2	100.000	37	0	0	252	288	82808	82844	9.87e-13	69.4
E7T08_RS15560	40	100.000	273	0	0	1	273	66	338	5.99e-144	505
E7T08_RS15565	51	100.000	135	0	0	27	161	135	1	2.34e-67	250
E7T08_RS15565	40	100.000	49	0	0	162	210	1	49	1.50e-19	91.6
E7T08_RS15570	38	100.000	600	0	0	1	600	730	131	0.0	1109
E7T08_RS15575	2	98.385	681	11	0	1	681	82882	83562	0.0	1197
E7T08_RS15575	47	99.732	373	1	0	32	404	373	1	0.0	684
E7T08_RS15575	23	99.639	277	1	0	405	681	1	277	4.36e-144	507
E7T08_RS15575	44	98.106	264	5	0	418	681	1000	737	3.44e-130	460
E7T08_RS15575	53	100.000	29	0	0	2	30	76	104	6.82e-08	54.7
E7T08_RS15600	2	98.385	681	11	0	1	681	82882	83562	0.0	1197
E7T08_RS15600	47	99.732	373	1	0	32	404	373	1	0.0	684
E7T08_RS15600	23	99.639	277	1	0	405	681	1	277	4.36e-144	507
E7T08_RS15600	44	98.106	264	5	0	418	681	1000	737	3.44e-130	460
E7T08_RS15600	53	100.000	29	0	0	2	30	76	104	6.82e-08	54.7
E7T08_RS15640	2	98.385	681	11	0	1	681	82882	83562	0.0	1197
E7T08_RS15640	47	99.732	373	1	0	32	404	373	1	0.0	684
E7T08_RS15640	23	99.639	277	1	0	405	681	1	277	4.36e-144	507
E7T08_RS15640	44	98.106	264	5	0	418	681	1000	737	3.44e-130	460
E7T08_RS15640	53	100.000	29	0	0	2	30	76	104	6.82e-08	54.7
E7T08_RS15645	23	99.333	150	1	0	1	150	128	277	3.41e-74	272
E7T08_RS15645	44	97.333	150	4	0	1	150	886	737	3.44e-69	255
E7T08_RS15645	2	97.333	150	4	0	1	150	83413	83562	3.44e-69	255
E7T08_RS15670	21	99.398	1163	7	0	1	1163	21773	22935	0.0	2109
E7T08_RS15675	21	100.000	35	0	0	221	255	21698	21732	1.12e-11	65.8
E7T08_RS15710	2	98.091	681	13	0	1	681	82882	83562	0.0	1186
E7T08_RS15710	47	99.732	373	1	0	32	404	373	1	0.0	684
E7T08_RS15710	23	99.278	277	2	0	405	681	1	277	2.03e-142	501
E7T08_RS15710	44	97.727	264	6	0	418	681	1000	737	1.60e-128	455
E7T08_RS15785	22	83.788	586	95	0	8	593	23084	23669	3.84e-159	556
FNL85_RS13250	43	99.062	960	9	0	1	960	97	1056	0.0	1724
FNL85_RS13330	6	94.444	72	3	1	3	73	155958	155887	1.18e-25	110
FNL85_RS13460	31	86.526	757	102	0	423	1179	6131	5375	0.0	833
FNL85_RS13465	43	98.658	969	13	0	1	969	97	1065	0.0	1718
FNL85_RS13525	31	86.658	757	101	0	423	1179	6131	5375	0.0	839
FNL85_RS13530	28	92.825	223	2	2	810	1032	11233	11441	5.62e-85	311
FNL85_RS13630	28	92.377	223	3	2	252	474	11233	11441	1.17e-83	305
FNL85_RS13635	28	75.630	1190	270	18	1	1181	4163	5341	7.84e-164	573
FNL85_RS13665	31	86.658	757	101	0	423	1179	6131	5375	0.0	839
FNL85_RS13675	31	99.107	336	3	0	1	336	2365	2030	1.50e-173	604
FNL85_RS13675	31	98.328	299	3	1	383	681	2034	1738	4.33e-149	523
FNL85_RS13730	27	92.214	822	62	2	1	821	10627	9807	0.0	1162
FNL85_RS13730	27	88.400	250	27	2	943	1191	9685	9437	1.41e-81	300
FNL85_RS13730	31	82.991	682	100	12	469	1142	6085	5412	9.58e-173	603
FNL85_RS13730	31	99.254	134	0	1	226	358	6261	6128	8.66e-64	241
FNL85_RS13730	21	100.000	65	0	0	1	65	21464	21400	1.18e-27	121
FNL85_RS13760	8	76.440	573	123	12	1	567	11253	10687	2.74e-81	300
FNL85_RS13770	8	80.952	126	22	2	793	917	7516	7392	4.78e-21	99.0
FNL85_RS13860	31	99.405	336	2	0	1	336	2365	2030	3.23e-175	610
FNL85_RS13860	31	98.328	299	3	1	383	681	2034	1738	4.33e-149	523
FNL85_RS13895	21	99.226	1163	9	0	1	1163	21773	22935	0.0	2098
FNL85_RS14030	38	99.593	738	3	0	1	738	2297	1560	0.0	1347
FNL85_RS14035	38	98.810	84	1	0	1	84	2505	2422	8.34e-38	150
FNL85_RS14040	38	100.000	73	0	0	12	84	2626	2554	2.34e-33	135
FP479_RS14050	36	87.368	2945	316	45	4	2925	3125	214	0.0	3328
FP479_RS14685	36	87.368	2945	316	45	4	2925	3125	214	0.0	3328
FP479_RS14750	41	90.602	1213	101	11	30	1236	1517	312	0.0	1596
FP479_RS14780	52	97.260	73	2	0	1	73	97	25	4.44e-30	124
FP479_RS14780	6	97.260	73	2	0	1	73	156150	156078	4.44e-30	124
FP479_RS14785	6	97.297	74	2	0	1	74	154793	154720	1.25e-30	126
FP479_RS14785	6	97.297	74	2	0	1	74	155460	155387	1.25e-30	126
FP479_RS14790	41	94.475	181	10	0	1	181	241	61	2.53e-76	279
FP479_RS14800	41	92.925	212	15	0	1	212	272	61	3.84e-85	309
FP479_RS14805	6	97.297	74	2	0	1	74	154793	154720	1.25e-30	126
FP479_RS14805	6	97.297	74	2	0	1	74	155460	155387	1.25e-30	126
FP479_RS14810	36	87.500	80	9	1	3	82	116	38	7.58e-20	91.6
FP479_RS14815	41	95.522	67	2	1	2	68	1626	1561	3.41e-24	106
FP479_RS14825	41	90.927	496	45	0	1	496	560	65	0.0	667
FP479_RS14830	36	84.332	217	33	1	4	220	3125	2910	1.16e-55	211
FP479_RS14840	41	93.571	140	9	0	1	140	200	61	2.51e-55	209
HP430_RS22900	8	96.368	468	17	0	1	468	33181	33648	0.0	771
HP430_RS22905	8	95.726	117	5	0	1	117	33893	34009	2.67e-49	189
HP430_RS22910	8	93.854	1920	118	0	1	1920	34025	35944	0.0	2892
HP430_RS23925	8	99.242	264	2	0	1	264	33385	33648	1.27e-135	477
HP430_RS23930	8	99.145	117	1	0	1	117	33893	34009	5.69e-56	211
HP430_RS23935	8	94.271	1920	110	0	1	1920	34025	35944	0.0	2937
HP434_RS22485	8	100.000	28	0	0	204	231	36269	36242	7.86e-08	52.8
HP434_RS22490	8	89.222	167	18	0	2	168	36068	36234	3.09e-55	209
HP434_RS22495	8	93.854	1920	118	0	1	1920	34025	35944	0.0	2892
HP434_RS22500	8	95.726	117	5	0	1	117	33893	34009	2.67e-49	189
HP434_RS22505	8	96.368	468	17	0	1	468	33181	33648	0.0	771
HP434_RS23715	8	96.368	468	17	0	1	468	33181	33648	0.0	771
HP434_RS23720	8	95.726	117	5	0	1	117	33893	34009	2.67e-49	189
HP434_RS23725	8	93.854	1920	118	0	1	1920	34025	35944	0.0	2892
HP434_RS23730	8	89.222	167	18	0	2	168	36068	36234	3.09e-55	209
HP434_RS23735	8	100.000	28	0	0	204	231	36269	36242	7.86e-08	52.8
HP433_RS23120	8	96.368	468	17	0	1	468	33181	33648	0.0	771
HP433_RS23125	8	95.726	117	5	0	1	117	33893	34009	2.67e-49	189
HP433_RS23130	8	93.854	1920	118	0	1	1920	34025	35944	0.0	2892
HP433_RS23135	8	89.222	167	18	0	2	168	36068	36234	3.09e-55	209
HP432_RS00895	8	96.520	431	15	0	2	432	33218	33648	0.0	713
HP432_RS00900	8	95.726	117	5	0	1	117	33893	34009	2.67e-49	189
HP432_RS00905	8	93.854	1920	118	0	1	1920	34025	35944	0.0	2892
FP485_RS14025	36	87.500	80	9	1	3	82	116	38	7.58e-20	91.6
FP485_RS14030	41	95.522	67	2	1	2	68	1626	1561	3.35e-24	106
FP476_RS14665	36	86.089	2250	261	42	4	2234	3125	909	0.0	2374
FP476_RS14720	41	89.688	1571	134	21	2	1554	1626	66	0.0	1978
FP476_RS14760	36	87.500	80	9	1	3	82	116	38	7.58e-20	91.6
FP476_RS14765	36	91.256	629	51	3	1	625	842	214	0.0	854
FP476_RS14780	41	95.556	90	4	0	1	90	150	61	4.24e-36	145
FP476_RS14785	6	97.297	74	2	0	1	74	154793	154720	1.25e-30	126
FP476_RS14785	6	97.297	74	2	0	1	74	155460	155387	1.25e-30	126
FP476_RS14790	52	97.260	73	2	0	1	73	97	25	4.44e-30	124
FP476_RS14790	6	97.260	73	2	0	1	73	156150	156078	4.44e-30	124
FP476_RS14795	36	93.043	115	8	0	4	118	3125	3011	3.51e-43	169
FP476_RS14820	6	97.297	74	2	0	1	74	154793	154720	1.25e-30	126
FP476_RS14820	6	97.297	74	2	0	1	74	155460	155387	1.25e-30	126
FP476_RS14825	41	95.556	90	4	0	1	90	150	61	4.24e-36	145
FP476_RS14830	36	92.632	95	7	0	4	98	3125	3031	7.90e-34	137
FP476_RS14840	36	90.068	292	27	2	30	320	1006	716	1.62e-105	377
E4V86_RS12910	8	95.833	1920	80	0	1	1920	34025	35944	0.0	3103
E4V86_RS12915	8	99.145	117	1	0	1	117	33893	34009	5.69e-56	211
C7S07_RS12890	8	95.833	1920	80	0	1	1920	34025	35944	0.0	3103
C7S07_RS12895	8	99.145	117	1	0	1	117	33893	34009	5.69e-56	211
FOV01_RS13300	17	95.833	120	5	0	1	120	32668	32549	1.20e-50	195
FOV01_RS13305	17	93.774	1317	60	10	257	1554	33929	32616	0.0	1958
FOV01_RS13305	17	94.079	152	9	0	4	155	34136	33985	6.82e-61	231
FOV01_RS13985	17	92.701	137	10	0	1	137	34839	34703	5.29e-52	198
FOV01_RS13315	17	84.970	998	140	9	1	996	35830	34841	0.0	1003
FOV01_RS13345	9	95.437	3901	176	2	1	3900	101541	97642	0.0	6216
FOV01_RS13345	23	94.762	2291	112	5	1572	3855	23960	21671	0.0	3559
FOV01_RS13345	17	94.661	2304	98	13	1572	3855	40249	37951	0.0	3550
FOV01_RS13345	34	83.894	1546	221	23	1	1535	1529	1	0.0	1450
FOV01_RS13355	34	95.392	1085	50	0	1	1085	4013	2929	0.0	1742
FOV01_RS13355	9	93.632	1005	62	2	1	1005	103129	102127	0.0	1515
FOV01_RS13360	29	93.920	625	38	0	1	625	625	1	0.0	970
FOV01_RS13360	9	95.406	566	26	0	627	1192	104091	103526	0.0	909
FOV01_RS13360	9	93.030	330	19	2	1293	1618	102543	102214	2.31e-135	479
FOV01_RS13360	34	92.251	542	40	2	626	1166	4979	4439	0.0	774
FOV01_RS13360	34	93.939	330	16	2	1293	1618	3427	3098	2.29e-140	496
FOV01_RS13365	29	95.745	282	12	0	25	306	917	636	6.92e-129	455
FOV01_RS13395	23	86.022	372	52	0	1	372	13680	13309	5.37e-112	399
FOV01_RS13400	23	99.487	390	2	0	1	390	14678	14289	0.0	710
FOV01_RS13405	23	98.913	276	3	0	1	276	14953	14678	1.31e-140	494
FOV01_RS13410	23	98.937	1035	11	0	1	1035	15977	14943	0.0	1851
FOV01_RS13415	23	99.365	315	2	0	1	315	16284	15970	6.80e-164	571
FOV01_RS13420	23	98.977	391	4	0	1	391	16700	16310	0.0	701
FOV01_RS13425	23	98.867	618	7	0	1	618	17301	16684	0.0	1103
FOV01_RS13430	23	100.000	141	0	0	6	146	17444	17304	7.16e-71	261
FOV01_RS13435	23	98.688	1143	14	1	1	1142	18575	17433	0.0	2026
FOV01_RS13440	23	98.019	858	8	1	1	849	19458	18601	0.0	1482
FOV01_RS13445	23	97.725	879	20	0	1	879	20359	19481	0.0	1513
FOV01_RS13450	23	98.851	261	3	0	1	261	20630	20370	2.70e-132	466
FOV01_RS13460	17	97.472	356	9	0	1	356	37821	37466	5.92e-175	608
FOV01_RS13460	23	96.639	357	12	0	1	357	21540	21184	1.66e-170	593
FOV01_RS13465	9	90.765	3649	311	18	2	3634	101341	97703	0.0	4848
FOV01_RS13465	23	95.938	2388	97	0	1332	3719	23989	21602	0.0	3873
FOV01_RS13465	17	95.248	2399	103	3	1331	3719	40279	37882	0.0	3788
FOV01_RS13465	34	95.335	1329	62	0	2	1330	1329	1	0.0	2111
FOV01_RS13480	24	76.429	1540	317	40	102	1618	17063	18579	0.0	791
FOV01_RS13495	24	91.753	388	29	3	552	937	16347	16733	8.32e-153	536
FOV01_RS13510	24	97.595	291	7	0	1	291	13850	14140	3.05e-142	499
FOV01_RS13550	23	97.546	489	12	0	1	489	4353	3865	0.0	837
FOV01_RS13555	23	98.728	786	10	0	1	786	5144	4359	0.0	1397
FOV01_RS13565	23	95.750	2259	96	0	1	2259	7925	5667	0.0	3640
FOV01_RS13570	23	96.549	2347	79	2	1	2346	10257	7912	0.0	3884
FOV01_RS13575	23	87.755	294	25	6	1	291	10668	10383	4.44e-92	333
FOV01_RS13580	23	98.596	2493	35	0	1	2493	13117	10625	0.0	4410
FOV01_RS13595	2	98.385	681	11	0	1	681	82882	83562	0.0	1197
FOV01_RS13595	47	99.732	373	1	0	32	404	373	1	0.0	684
FOV01_RS13595	23	99.639	277	1	0	405	681	1	277	4.36e-144	507
FOV01_RS13595	44	98.106	264	5	0	418	681	1000	737	3.44e-130	460
FOV01_RS13595	53	100.000	29	0	0	2	30	76	104	6.82e-08	54.7
FOV01_RS13635	21	100.000	35	0	0	221	255	21698	21732	1.12e-11	65.8
FOV01_RS13640	21	99.398	1163	7	0	1	1163	21773	22935	0.0	2109
FOV01_RS13665	2	98.385	681	11	0	1	681	82882	83562	0.0	1197
FOV01_RS13665	47	99.732	373	1	0	32	404	373	1	0.0	684
FOV01_RS13665	23	99.639	277	1	0	405	681	1	277	4.36e-144	507
FOV01_RS13665	44	98.106	264	5	0	418	681	1000	737	3.44e-130	460
FOV01_RS13665	53	100.000	29	0	0	2	30	76	104	6.82e-08	54.7
FOV01_RS13670	2	100.000	186	0	0	1	186	82882	83067	9.11e-96	344
FOV01_RS13670	47	100.000	155	0	0	32	186	373	219	1.56e-78	287
FOV01_RS13670	53	100.000	29	0	0	2	30	76	104	1.72e-08	54.7
FOV01_RS13675	2	100.000	105	0	0	1	105	82882	82986	5.03e-51	195
FOV01_RS13675	47	100.000	74	0	0	32	105	373	300	8.60e-34	137
FOV01_RS13675	53	100.000	29	0	0	2	30	76	104	8.91e-09	54.7
FOV01_RS13690	39	100.000	554	0	0	356	909	812	259	0.0	1024
FOV01_RS13695	39	100.000	256	0	0	339	594	2435	2180	3.84e-134	473
FOV01_RS13695	39	99.569	232	1	0	1	232	262	31	3.93e-119	424
FOV01_RS13700	39	100.000	795	0	0	1	795	2087	1293	0.0	1469
FOV01_RS13710	39	100.000	208	0	0	1	208	1017	810	6.53e-108	385
FOV01_RS13720	2	98.385	681	11	0	1	681	82882	83562	0.0	1197
FOV01_RS13720	47	99.732	373	1	0	32	404	373	1	0.0	684
FOV01_RS13720	23	99.639	277	1	0	405	681	1	277	4.36e-144	507
FOV01_RS13720	44	98.106	264	5	0	418	681	1000	737	3.44e-130	460
FOV01_RS13720	53	100.000	29	0	0	2	30	76	104	6.82e-08	54.7
FOV01_RS13735	24	75.586	1110	250	20	1	1100	18604	19702	1.60e-150	529
FOV01_RS13740	24	88.487	1633	170	15	1	1624	16956	18579	0.0	1958
FOV01_RS13745	24	92.920	452	30	2	552	1002	16347	16797	0.0	656
FOV01_RS13760	24	97.595	291	7	0	1	291	13850	14140	3.05e-142	499
FOV01_RS13765	24	100.000	111	0	0	1	111	13500	13610	2.49e-54	206
FOV01_RS13775	24	96.866	351	11	0	1	351	12899	13249	7.58e-169	588
FOV01_RS13780	24	98.646	1329	18	0	1	1329	11574	12902	0.0	2355
FOV01_RS13785	24	91.925	161	13	0	65	225	10987	11147	4.25e-60	226
FX998_RS25530	38	99.398	166	1	0	1	166	1615	1450	5.06e-83	302
FX998_RS24590	38	99.729	738	2	0	1	738	2297	1560	0.0	1352
FX998_RS24595	38	97.222	72	2	0	25	96	2493	2422	2.16e-29	122
MIC7113_RS31570	41	80.427	1313	212	30	212	1491	1368	68	0.0	959
MIC7113_RS31575	36	81.356	1180	182	31	1617	2780	1490	333	0.0	926
MIC7113_RS31575	36	74.158	1277	286	40	177	1428	2941	1684	1.91e-138	490
HS259_RS00080	39	99.038	208	1	1	1	207	1017	810	1.39e-103	372
HS259_RS00085	39	100.000	795	0	0	1	795	2087	1293	0.0	1469
HS259_RS00090	39	100.000	262	0	0	1	262	262	1	1.58e-137	484
HS259_RS00090	39	100.000	241	0	0	263	503	2460	2220	7.46e-126	446
HS259_RS00090	39	100.000	40	0	0	492	531	2219	2180	4.05e-14	75.0
HS259_RS00095	39	99.819	554	1	0	83	636	812	259	0.0	1018
HTC80_RS00015	2	76.765	680	150	7	1	676	82882	83557	4.61e-104	374
HTC80_RS00015	31	80.205	293	50	7	391	680	2026	1739	1.06e-55	213
HTC70_RS00065	39	100.000	795	0	0	1	795	2087	1293	0.0	1469
HTG38_RS00225	39	100.000	281	0	0	125	405	2460	2180	3.26e-148	520
HTG38_RS00225	39	100.000	124	0	0	1	124	124	1	6.16e-61	230
HTG38_RS00230	39	100.000	795	0	0	1	795	2087	1293	0.0	1469
HTD20_RS00025	53	100.000	44	0	0	376	419	1	44	1.89e-16	82.4
HTD20_RS00025	2	100.000	44	0	0	376	419	82808	82851	1.89e-16	82.4
HTD20_RS00030	2	82.845	682	105	12	1	676	82882	83557	1.94e-172	601
HTD20_RS00030	31	98.662	299	2	1	383	681	2034	1738	9.30e-151	529
HTD20_RS00030	31	91.369	336	29	0	1	336	2365	2030	3.44e-130	460
HTD20_RS00030	47	89.441	322	33	1	32	352	373	52	1.64e-113	405
HTD20_RS00030	53	100.000	29	0	0	2	30	76	104	6.82e-08	54.7
HTD20_RS00075	2	98.063	671	13	0	1	671	82882	83552	0.0	1168
HTD20_RS00075	47	99.464	373	2	0	32	404	373	1	0.0	678
HTD20_RS00075	23	96.390	277	10	0	405	681	1	277	4.45e-129	457
HTD20_RS00075	44	97.638	254	6	0	418	671	1000	747	5.80e-123	436
HTD20_RS00075	53	100.000	29	0	0	2	30	76	104	6.82e-08	54.7
HTD20_RS00095	31	97.619	336	7	1	1	335	2365	2030	1.18e-164	575
HTD20_RS00095	31	98.328	299	3	1	382	680	2034	1738	4.32e-149	523
HTD20_RS00165	2	98.063	671	13	0	1	671	82882	83552	0.0	1168
HTD20_RS00165	47	99.464	373	2	0	32	404	373	1	0.0	678
HTD20_RS00165	23	96.390	277	10	0	405	681	1	277	4.45e-129	457
HTD20_RS00165	44	97.638	254	6	0	418	671	1000	747	5.80e-123	436
HTD20_RS00165	53	100.000	29	0	0	2	30	76	104	6.82e-08	54.7
HTD20_RS00200	2	76.765	680	150	7	1	676	82882	83557	4.61e-104	374
HTD20_RS00200	47	80.000	370	70	4	37	404	368	1	6.22e-73	270
HTD20_RS00200	31	79.932	294	49	9	391	680	2026	1739	4.95e-54	207
HTG18_RS00135	38	99.398	166	1	0	1	166	1615	1450	5.06e-83	302
HTG18_RS00140	38	99.729	738	2	0	1	738	2297	1560	0.0	1352
HTG18_RS00145	38	97.222	72	2	0	25	96	2493	2422	2.16e-29	122
HTG07_RS00445	38	99.398	166	1	0	1	166	1615	1450	5.06e-83	302
HTG07_RS00450	38	99.729	738	2	0	1	738	2297	1560	0.0	1352
HTG07_RS00455	38	97.222	72	2	0	25	96	2493	2422	2.16e-29	122
HTD38_RS00060	44	97.180	532	15	0	1614	2145	683	152	0.0	900
HTD38_RS00060	38	94.231	260	15	0	1886	2145	1389	1130	8.81e-111	398
HTD38_RS00065	38	97.436	897	23	0	1	897	1027	131	0.0	1530
HTD38_RS00070	51	100.000	135	0	0	27	161	135	1	2.34e-67	250
HTD38_RS00075	40	97.802	273	6	0	1	273	66	338	6.08e-134	472
HTD38_RS00080	40	98.268	462	8	0	1	462	340	801	0.0	809
HTD38_RS00120	40	97.066	409	12	0	72	480	795	1203	0.0	689
HTD38_RS00125	38	99.864	738	1	0	1	738	2297	1560	0.0	1358
HTD38_RS00130	38	100.000	84	0	0	1	84	2505	2422	1.79e-39	156
HTD38_RS00135	2	99.413	681	4	0	1	681	82882	83562	0.0	1236
HTD38_RS00135	47	98.928	373	4	0	32	404	373	1	0.0	667
HTD38_RS00135	44	100.000	277	0	0	405	681	1013	737	9.37e-146	512
HTD38_RS00135	23	96.377	276	10	0	406	681	2	277	1.60e-128	455
HTD38_RS00135	53	100.000	29	0	0	2	30	76	104	6.82e-08	54.7
HTD38_RS00145	31	99.604	757	3	0	423	1179	6131	5375	0.0	1382
HTD38_RS00145	31	99.254	134	0	1	226	358	6261	6128	8.57e-64	241
HTD38_RS00145	27	84.922	829	109	13	1	821	10627	9807	0.0	824
HTD38_RS00145	21	100.000	65	0	0	1	65	21464	21400	1.16e-27	121
HTD38_RS00155	2	99.706	681	2	0	1	681	82882	83562	0.0	1247
HTD38_RS00155	47	99.464	373	2	0	32	404	373	1	0.0	678
HTD38_RS00155	44	100.000	277	0	0	405	681	1013	737	9.37e-146	512
HTD38_RS00155	23	96.377	276	10	0	406	681	2	277	1.60e-128	455
HTD38_RS00155	53	100.000	29	0	0	2	30	76	104	6.82e-08	54.7
HTD38_RS00160	38	100.000	73	0	0	12	84	2626	2554	2.34e-33	135
HTD38_RS00165	38	100.000	84	0	0	1	84	2505	2422	1.79e-39	156
HTD38_RS00170	38	100.000	738	0	0	1	738	2297	1560	0.0	1363
HTD38_RS00175	38	97.872	141	3	0	1	141	1414	1274	6.93e-66	244
HTD38_RS00175	44	99.138	116	1	0	26	141	411	296	2.53e-55	209
HTD38_RS00180	39	81.762	488	87	2	356	842	812	326	5.81e-114	407
HTD38_RS00250	39	100.000	554	0	0	356	909	812	259	0.0	1024
HTD38_RS00255	39	100.000	281	0	0	263	543	2460	2180	4.43e-148	520
HTD38_RS00255	39	100.000	262	0	0	1	262	262	1	1.62e-137	484
HTD38_RS00260	39	100.000	795	0	0	1	795	2087	1293	0.0	1469
HTD38_RS00265	2	97.651	681	16	0	1	681	82882	83562	0.0	1170
HTD38_RS00265	47	99.732	373	1	0	32	404	373	1	0.0	684
HTD38_RS00265	23	97.112	277	8	0	405	681	1	277	2.06e-132	468
HTD38_RS00265	44	96.591	264	9	0	418	681	1000	737	1.61e-123	438
HTD38_RS00265	31	82.143	224	36	4	459	681	1958	1738	1.79e-48	189
HTD38_RS00295	22	89.226	594	64	0	3	596	23079	23672	0.0	743
HTE40_RS00015	39	100.000	554	0	0	356	909	812	259	0.0	1024
HTE40_RS00020	39	100.000	281	0	0	263	543	2460	2180	4.43e-148	520
HTE40_RS00020	39	100.000	262	0	0	1	262	262	1	1.62e-137	484
HTE40_RS00025	39	100.000	795	0	0	1	795	2087	1293	0.0	1469
HTE40_RS00030	39	100.000	208	0	0	1	208	1017	810	1.69e-107	385
HTE40_RS00035	2	98.240	682	11	1	1	682	82882	83562	0.0	1192
HTE40_RS00035	47	99.465	374	1	1	32	405	373	1	0.0	678
HTE40_RS00035	23	99.639	277	1	0	406	682	1	277	4.36e-144	507
HTE40_RS00035	44	98.106	264	5	0	419	682	1000	737	3.45e-130	460
HTE40_RS00035	53	100.000	29	0	0	2	30	76	104	6.83e-08	54.7
HTE40_RS00065	22	83.788	586	95	0	8	593	23084	23669	3.84e-159	556
HTE40_RS00105	2	98.091	681	13	0	1	681	82882	83562	0.0	1186
HTE40_RS00105	47	99.464	373	2	0	32	404	373	1	0.0	678
HTE40_RS00105	23	99.278	277	2	0	405	681	1	277	2.03e-142	501
HTE40_RS00105	44	97.727	264	6	0	418	681	1000	737	1.60e-128	455
HTE40_RS00105	53	100.000	29	0	0	2	30	76	104	6.82e-08	54.7
HTE40_RS00130	2	98.238	681	12	0	1	681	82882	83562	0.0	1192
HTE40_RS00130	47	99.464	373	2	0	32	404	373	1	0.0	678
HTE40_RS00130	23	99.639	277	1	0	405	681	1	277	4.36e-144	507
HTE40_RS00130	44	98.106	264	5	0	418	681	1000	737	3.44e-130	460
HTE40_RS00130	53	100.000	29	0	0	2	30	76	104	6.82e-08	54.7
HTE40_RS00135	44	98.413	189	3	0	1	189	340	152	2.01e-92	333
HTE40_RS00140	51	100.000	135	0	0	33	167	135	1	2.73e-67	250
HTE40_RS00140	38	96.000	75	1	1	168	242	2626	2554	2.23e-28	121
HTE40_RS00140	38	100.000	31	0	0	1	31	32	2	1.78e-09	58.4
HTE40_RS00140	44	100.000	32	0	0	1	32	32	1	4.94e-10	60.2
HTE40_RS00145	38	100.000	84	0	0	1	84	2505	2422	1.79e-39	156
HTE40_RS00150	38	99.729	738	2	0	1	738	2297	1560	0.0	1352
HTE40_RS00155	44	98.462	260	4	0	2	261	411	152	4.53e-130	459
HTE40_RS00155	38	95.019	261	13	0	1	261	1390	1130	1.29e-115	411
HTE99_RS00505	18	75.000	156	38	1	3	158	4558	4712	1.86e-13	71.3
HTE99_RS00580	1	78.014	564	124	0	76	639	364139	363576	1.56e-98	355
HTF31_RS01125	38	97.222	72	2	0	25	96	2493	2422	2.16e-29	122
HTF31_RS01130	38	99.729	738	2	0	1	738	2297	1560	0.0	1352
HTF31_RS01135	38	99.398	166	1	0	1	166	1615	1450	5.06e-83	302
HTF48_RS00030	2	98.238	681	12	0	1	681	82882	83562	0.0	1192
HTF48_RS00030	47	99.732	373	1	0	32	404	373	1	0.0	684
HTF48_RS00030	23	99.278	277	2	0	405	681	1	277	2.03e-142	501
HTF48_RS00030	44	97.727	264	6	0	418	681	1000	737	1.60e-128	455
HTF48_RS00030	53	100.000	29	0	0	2	30	76	104	6.82e-08	54.7
HTF48_RS00035	38	97.203	143	4	0	2	144	273	131	2.55e-65	243
HTF48_RS00040	51	100.000	135	0	0	27	161	135	1	2.34e-67	250
HTF48_RS00045	40	97.802	273	6	0	1	273	66	338	6.08e-134	472
HTF48_RS00050	40	96.412	864	31	0	1	864	340	1203	0.0	1424
HTF48_RS00055	38	99.729	738	2	0	1	738	2297	1560	0.0	1352
HTF48_RS00060	38	98.810	84	1	0	1	84	2505	2422	8.34e-38	150
HTF48_RS00065	38	100.000	73	0	0	12	84	2626	2554	2.34e-33	135
HTF48_RS00070	39	100.000	795	0	0	1	795	2087	1293	0.0	1469
HTF48_RS00075	39	100.000	252	0	0	1	252	2431	2180	2.60e-132	466
HTF48_RS00085	39	100.000	229	0	0	1	229	262	34	1.57e-119	424
HTF48_RS00090	39	100.000	554	0	0	356	909	812	259	0.0	1024
HTF48_RS00125	23	100.000	31	0	0	1	31	302	332	3.43e-09	58.4
HTF48_RS00125	44	100.000	30	0	0	1	30	712	683	1.24e-08	56.5
HTF48_RS00125	2	100.000	30	0	0	1	30	83587	83616	1.24e-08	56.5
HTF48_RS00130	2	97.651	681	16	0	1	681	82882	83562	0.0	1170
HTF48_RS00130	47	98.391	373	6	0	32	404	373	1	0.0	656
HTF48_RS00130	23	99.639	277	1	0	405	681	1	277	4.36e-144	507
HTF48_RS00130	44	98.106	264	5	0	418	681	1000	737	3.44e-130	460
HTF48_RS00130	31	83.929	336	54	0	1	336	2365	2030	1.69e-88	322
HTF48_RS00130	53	100.000	29	0	0	2	30	76	104	6.82e-08	54.7
HTF48_RS00355	2	98.385	681	11	0	1	681	82882	83562	0.0	1197
HTF48_RS00355	47	99.732	373	1	0	32	404	373	1	0.0	684
HTF48_RS00355	23	99.639	277	1	0	405	681	1	277	4.36e-144	507
HTF48_RS00355	44	98.106	264	5	0	418	681	1000	737	3.44e-130	460
HTF48_RS00355	53	100.000	29	0	0	2	30	76	104	6.82e-08	54.7
HTF48_RS00375	21	99.484	1163	6	0	1	1163	21773	22935	0.0	2115
HTF48_RS00380	21	100.000	35	0	0	221	255	21698	21732	1.12e-11	65.8
HTF63_RS00030	2	98.534	682	9	1	1	682	82882	83562	0.0	1203
HTF63_RS00030	47	97.326	374	9	1	32	405	373	1	0.0	634
HTF63_RS00030	44	100.000	277	0	0	406	682	1013	737	9.38e-146	512
HTF63_RS00030	23	96.377	276	10	0	407	682	2	277	1.60e-128	455
HTF63_RS00030	31	84.821	336	51	0	1	336	2365	2030	1.68e-93	339
HTF63_RS00030	53	100.000	29	0	0	2	30	76	104	6.83e-08	54.7
HTF63_RS00035	40	100.000	240	0	0	1	240	340	579	1.27e-125	444
HTF63_RS00040	40	100.000	273	0	0	1	273	66	338	5.99e-144	505
HTF63_RS00045	51	98.519	135	2	0	27	161	135	1	5.06e-64	239
HTF63_RS00045	40	100.000	49	0	0	162	210	1	49	1.50e-19	91.6
HTF63_RS00050	38	99.862	725	1	0	59	783	855	131	0.0	1334
HTF63_RS00060	38	100.000	139	0	0	1	139	985	847	1.04e-69	257
HTF63_RS00065	44	98.462	260	4	0	2	261	411	152	4.53e-130	459
HTF63_RS00065	38	95.019	261	13	0	1	261	1390	1130	1.29e-115	411
HTF63_RS00070	38	99.458	738	4	0	1	738	2297	1560	0.0	1341
HTF63_RS00075	38	100.000	84	0	0	1	84	2505	2422	1.79e-39	156
HTF63_RS00080	38	100.000	73	0	0	12	84	2626	2554	2.34e-33	135
HTF63_RS00085	39	100.000	795	0	0	1	795	2087	1293	0.0	1469
HTF63_RS00090	39	100.000	252	0	0	1	252	2431	2180	2.60e-132	466
HTF63_RS00095	21	99.484	1163	6	0	1	1163	21773	22935	0.0	2115
HTF63_RS00135	39	81.762	488	87	2	356	842	812	326	5.81e-114	407
HTF63_RS00140	38	97.872	141	3	0	1	141	1414	1274	6.93e-66	244
HTF63_RS00140	44	99.138	116	1	0	26	141	411	296	2.53e-55	209
HTF63_RS00145	38	99.458	738	4	0	1	738	2297	1560	0.0	1341
HTF63_RS00150	38	100.000	84	0	0	1	84	2505	2422	1.79e-39	156
HTF63_RS00155	38	100.000	73	0	0	12	84	2626	2554	2.34e-33	135
HTF63_RS00160	2	98.678	681	9	0	1	681	82882	83562	0.0	1208
HTF63_RS00160	47	99.464	373	2	0	32	404	373	1	0.0	678
HTF63_RS00160	23	98.561	278	3	1	404	681	1	277	4.39e-139	490
HTF63_RS00160	44	97.826	276	6	0	406	681	1012	737	3.42e-135	477
HTF63_RS00160	53	100.000	29	0	0	2	30	76	104	6.82e-08	54.7
HTF63_RS00180	21	99.484	1163	6	0	1	1163	21773	22935	0.0	2115
HTF63_RS00185	21	100.000	35	0	0	221	255	21698	21732	1.12e-11	65.8
HTG14_RS00030	2	98.534	682	9	1	1	682	82882	83562	0.0	1203
HTG14_RS00030	47	97.326	374	9	1	32	405	373	1	0.0	634
HTG14_RS00030	44	100.000	277	0	0	406	682	1013	737	9.38e-146	512
HTG14_RS00030	23	96.377	276	10	0	407	682	2	277	1.60e-128	455
HTG14_RS00030	31	84.821	336	51	0	1	336	2365	2030	1.68e-93	339
HTG14_RS00030	53	100.000	29	0	0	2	30	76	104	6.83e-08	54.7
HTG14_RS00035	40	100.000	240	0	0	1	240	340	579	1.27e-125	444
HTG14_RS00040	40	100.000	273	0	0	1	273	66	338	5.99e-144	505
HTG14_RS00045	51	98.519	135	2	0	27	161	135	1	5.06e-64	239
HTG14_RS00045	40	100.000	49	0	0	162	210	1	49	1.50e-19	91.6
HTG14_RS00050	38	99.862	725	1	0	59	783	855	131	0.0	1334
HTG14_RS00060	38	100.000	139	0	0	1	139	985	847	1.04e-69	257
HTG14_RS00065	44	98.462	260	4	0	2	261	411	152	4.53e-130	459
HTG14_RS00065	38	95.019	261	13	0	1	261	1390	1130	1.29e-115	411
HTG14_RS00070	38	99.458	738	4	0	1	738	2297	1560	0.0	1341
HTG14_RS00075	38	100.000	84	0	0	1	84	2505	2422	1.79e-39	156
HTG14_RS00080	38	100.000	73	0	0	12	84	2626	2554	2.34e-33	135
HTG14_RS00085	39	100.000	795	0	0	1	795	2087	1293	0.0	1469
HTG14_RS00090	39	100.000	252	0	0	1	252	2431	2180	2.60e-132	466
HTG14_RS00095	21	99.484	1163	6	0	1	1163	21773	22935	0.0	2115
HTG14_RS00135	39	81.762	488	87	2	356	842	812	326	5.81e-114	407
HTG14_RS00140	38	97.872	141	3	0	1	141	1414	1274	6.93e-66	244
HTG14_RS00140	44	99.138	116	1	0	26	141	411	296	2.53e-55	209
HTG14_RS00145	38	99.458	738	4	0	1	738	2297	1560	0.0	1341
HTG14_RS00150	38	100.000	84	0	0	1	84	2505	2422	1.79e-39	156
HTG14_RS00155	38	100.000	73	0	0	12	84	2626	2554	2.34e-33	135
HTG14_RS00160	2	98.678	681	9	0	1	681	82882	83562	0.0	1208
HTG14_RS00160	47	99.464	373	2	0	32	404	373	1	0.0	678
HTG14_RS00160	23	98.561	278	3	1	404	681	1	277	4.39e-139	490
HTG14_RS00160	44	97.826	276	6	0	406	681	1012	737	3.42e-135	477
HTG14_RS00160	53	100.000	29	0	0	2	30	76	104	6.82e-08	54.7
HTG14_RS00180	21	99.484	1163	6	0	1	1163	21773	22935	0.0	2115
HTG14_RS00185	21	100.000	35	0	0	221	255	21698	21732	1.12e-11	65.8
HTG34_RS00145	8	96.368	468	17	0	1	468	33181	33648	0.0	771
HTG34_RS00150	8	94.915	118	5	1	1	118	33893	34009	1.25e-47	183
HTG34_RS00155	8	93.854	1920	118	0	1	1920	34025	35944	0.0	2892
HTG34_RS00160	8	89.222	167	18	0	2	168	36068	36234	3.09e-55	209
HTG34_RS00165	8	100.000	28	0	0	204	231	36269	36242	7.86e-08	52.8
HTG24_RS00020	24	75.586	1110	250	20	1	1100	18604	19702	1.60e-150	529
HTG24_RS00025	24	88.120	1633	176	15	1	1624	16956	18579	0.0	1925
HTG24_RS00030	24	88.106	454	48	6	552	1002	16347	16797	2.97e-152	534
HTG24_RS00045	24	96.907	291	9	0	1	291	13850	14140	6.61e-139	488
HTG24_RS00050	24	100.000	111	0	0	1	111	13500	13610	2.49e-54	206
HTG24_RS00055	24	96.866	351	11	0	1	351	12899	13249	7.58e-169	588
HTG24_RS00060	24	98.570	1329	19	0	1	1329	11574	12902	0.0	2350
HTG24_RS00260	17	93.690	1569	75	7	1	1545	34184	32616	0.0	2327
HTG24_RS00265	17	86.180	1136	147	9	1	1134	35830	34703	0.0	1219
HTG24_RS00295	9	96.128	3900	151	0	1	3900	101541	97642	0.0	6366
HTG24_RS00295	23	94.418	2311	115	8	1537	3840	23989	21686	0.0	3541
HTG24_RS00295	17	94.323	2325	101	16	1536	3840	40279	37966	0.0	3533
HTG24_RS00295	34	84.173	1548	213	27	1	1535	1529	1	0.0	1472
HTG24_RS00300	9	98.113	159	3	0	1	159	102170	102012	7.85e-76	278
HTG24_RS00310	9	83.147	1875	286	26	627	2486	104091	102232	0.0	1685
HTG24_RS00310	34	82.766	1880	289	33	626	2486	4979	3116	0.0	1644
HTG24_RS00310	29	95.040	625	31	0	1	625	625	1	0.0	983
HTG28_RS00030	2	98.534	682	9	1	1	682	82882	83562	0.0	1203
HTG28_RS00030	47	97.326	374	9	1	32	405	373	1	0.0	634
HTG28_RS00030	44	100.000	277	0	0	406	682	1013	737	9.38e-146	512
HTG28_RS00030	23	96.377	276	10	0	407	682	2	277	1.60e-128	455
HTG28_RS00030	31	84.821	336	51	0	1	336	2365	2030	1.68e-93	339
HTG28_RS00030	53	100.000	29	0	0	2	30	76	104	6.83e-08	54.7
HTG28_RS00035	40	100.000	240	0	0	1	240	340	579	1.27e-125	444
HTG28_RS00040	40	100.000	273	0	0	1	273	66	338	5.99e-144	505
HTG28_RS00045	51	98.519	135	2	0	27	161	135	1	5.06e-64	239
HTG28_RS00045	40	100.000	49	0	0	162	210	1	49	1.50e-19	91.6
HTG28_RS00050	38	99.862	725	1	0	59	783	855	131	0.0	1334
HTG28_RS00060	38	100.000	139	0	0	1	139	985	847	1.04e-69	257
HTG28_RS00065	44	98.462	260	4	0	2	261	411	152	4.53e-130	459
HTG28_RS00065	38	95.019	261	13	0	1	261	1390	1130	1.29e-115	411
HTG28_RS00070	38	99.458	738	4	0	1	738	2297	1560	0.0	1341
HTG28_RS00075	38	100.000	84	0	0	1	84	2505	2422	1.79e-39	156
HTG28_RS00080	38	100.000	73	0	0	12	84	2626	2554	2.34e-33	135
HTG28_RS00085	39	100.000	795	0	0	1	795	2087	1293	0.0	1469
HTG28_RS00090	39	100.000	252	0	0	1	252	2431	2180	2.60e-132	466
HTG28_RS00095	21	99.484	1163	6	0	1	1163	21773	22935	0.0	2115
HTG28_RS00135	39	81.762	488	87	2	356	842	812	326	5.81e-114	407
HTG28_RS00140	38	97.872	141	3	0	1	141	1414	1274	6.93e-66	244
HTG28_RS00140	44	99.138	116	1	0	26	141	411	296	2.53e-55	209
HTG28_RS00145	38	99.458	738	4	0	1	738	2297	1560	0.0	1341
HTG28_RS00150	38	100.000	84	0	0	1	84	2505	2422	1.79e-39	156
HTG28_RS00155	38	98.630	73	1	0	12	84	2626	2554	1.09e-31	130
HTG28_RS00160	2	98.678	681	9	0	1	681	82882	83562	0.0	1208
HTG28_RS00160	47	99.464	373	2	0	32	404	373	1	0.0	678
HTG28_RS00160	23	98.561	278	3	1	404	681	1	277	4.39e-139	490
HTG28_RS00160	44	97.826	276	6	0	406	681	1012	737	3.42e-135	477
HTG28_RS00160	53	100.000	29	0	0	2	30	76	104	6.82e-08	54.7
HTG28_RS00180	21	99.484	1163	6	0	1	1163	21773	22935	0.0	2115
HTG28_RS00185	21	100.000	35	0	0	221	255	21698	21732	1.12e-11	65.8
HTG27_RS00030	2	98.534	682	9	1	1	682	82882	83562	0.0	1203
HTG27_RS00030	47	97.326	374	9	1	32	405	373	1	0.0	634
HTG27_RS00030	44	100.000	277	0	0	406	682	1013	737	9.38e-146	512
HTG27_RS00030	23	96.377	276	10	0	407	682	2	277	1.60e-128	455
HTG27_RS00030	31	84.821	336	51	0	1	336	2365	2030	1.68e-93	339
HTG27_RS00030	53	100.000	29	0	0	2	30	76	104	6.83e-08	54.7
HTG27_RS00035	40	100.000	240	0	0	1	240	340	579	1.27e-125	444
HTG27_RS00040	40	100.000	273	0	0	1	273	66	338	5.99e-144	505
HTG27_RS00045	51	98.519	135	2	0	27	161	135	1	5.06e-64	239
HTG27_RS00045	40	100.000	49	0	0	162	210	1	49	1.50e-19	91.6
HTG27_RS00050	38	99.862	725	1	0	59	783	855	131	0.0	1334
HTG27_RS00060	38	100.000	139	0	0	1	139	985	847	1.04e-69	257
HTG27_RS00065	44	98.462	260	4	0	2	261	411	152	4.53e-130	459
HTG27_RS00065	38	95.019	261	13	0	1	261	1390	1130	1.29e-115	411
HTG27_RS00070	38	99.458	738	4	0	1	738	2297	1560	0.0	1341
HTG27_RS00075	38	100.000	84	0	0	1	84	2505	2422	1.79e-39	156
HTG27_RS00080	38	100.000	73	0	0	12	84	2626	2554	2.34e-33	135
HTG27_RS00085	39	100.000	795	0	0	1	795	2087	1293	0.0	1469
HTG27_RS00090	39	100.000	252	0	0	1	252	2431	2180	2.60e-132	466
HTG27_RS00095	21	99.484	1163	6	0	1	1163	21773	22935	0.0	2115
HTG27_RS00135	39	81.762	488	87	2	356	842	812	326	5.81e-114	407
HTG27_RS00140	38	97.872	141	3	0	1	141	1414	1274	6.93e-66	244
HTG27_RS00140	44	99.138	116	1	0	26	141	411	296	2.53e-55	209
HTG27_RS00145	38	99.458	738	4	0	1	738	2297	1560	0.0	1341
HTG27_RS00150	38	100.000	84	0	0	1	84	2505	2422	1.79e-39	156
HTG27_RS00155	38	98.630	73	1	0	12	84	2626	2554	1.09e-31	130
HTG27_RS00160	2	98.678	681	9	0	1	681	82882	83562	0.0	1208
HTG27_RS00160	47	99.464	373	2	0	32	404	373	1	0.0	678
HTG27_RS00160	23	98.561	278	3	1	404	681	1	277	4.39e-139	490
HTG27_RS00160	44	97.826	276	6	0	406	681	1012	737	3.42e-135	477
HTG27_RS00160	53	100.000	29	0	0	2	30	76	104	6.82e-08	54.7
HTG27_RS00180	21	99.484	1163	6	0	1	1163	21773	22935	0.0	2115
HTG27_RS00185	21	100.000	35	0	0	221	255	21698	21732	1.12e-11	65.8
HTG21_RS00030	2	98.534	682	9	1	1	682	82882	83562	0.0	1203
HTG21_RS00030	47	97.326	374	9	1	32	405	373	1	0.0	634
HTG21_RS00030	44	100.000	277	0	0	406	682	1013	737	9.38e-146	512
HTG21_RS00030	23	96.377	276	10	0	407	682	2	277	1.60e-128	455
HTG21_RS00030	31	84.821	336	51	0	1	336	2365	2030	1.68e-93	339
HTG21_RS00030	53	100.000	29	0	0	2	30	76	104	6.83e-08	54.7
HTG21_RS00035	40	100.000	240	0	0	1	240	340	579	1.27e-125	444
HTG21_RS00040	40	100.000	273	0	0	1	273	66	338	5.99e-144	505
HTG21_RS00045	51	98.519	135	2	0	27	161	135	1	5.06e-64	239
HTG21_RS00045	40	100.000	49	0	0	162	210	1	49	1.50e-19	91.6
HTG21_RS00050	38	99.862	725	1	0	59	783	855	131	0.0	1334
HTG21_RS00060	38	100.000	139	0	0	1	139	985	847	1.04e-69	257
HTG21_RS00065	44	98.462	260	4	0	2	261	411	152	4.53e-130	459
HTG21_RS00065	38	95.019	261	13	0	1	261	1390	1130	1.29e-115	411
HTG21_RS00070	38	99.458	738	4	0	1	738	2297	1560	0.0	1341
HTG21_RS00075	38	100.000	84	0	0	1	84	2505	2422	1.79e-39	156
HTG21_RS00080	38	100.000	73	0	0	12	84	2626	2554	2.34e-33	135
HTG21_RS00085	39	100.000	795	0	0	1	795	2087	1293	0.0	1469
HTG21_RS00090	39	100.000	252	0	0	1	252	2431	2180	2.60e-132	466
HTG21_RS00095	21	99.484	1163	6	0	1	1163	21773	22935	0.0	2115
HTG21_RS00135	39	81.762	488	87	2	356	842	812	326	5.81e-114	407
HTG21_RS00140	38	97.872	141	3	0	1	141	1414	1274	6.93e-66	244
HTG21_RS00140	44	99.138	116	1	0	26	141	411	296	2.53e-55	209
HTG21_RS00145	38	99.458	738	4	0	1	738	2297	1560	0.0	1341
HTG21_RS00150	38	100.000	84	0	0	1	84	2505	2422	1.79e-39	156
HTG21_RS00155	2	98.678	681	9	0	1	681	82882	83562	0.0	1208
HTG21_RS00155	47	99.464	373	2	0	32	404	373	1	0.0	678
HTG21_RS00155	23	98.561	278	3	1	404	681	1	277	4.39e-139	490
HTG21_RS00155	44	97.826	276	6	0	406	681	1012	737	3.42e-135	477
HTG21_RS00155	53	100.000	29	0	0	2	30	76	104	6.82e-08	54.7
HTG21_RS00175	21	99.484	1163	6	0	1	1163	21773	22935	0.0	2115
HTG21_RS00180	21	100.000	35	0	0	221	255	21698	21732	1.12e-11	65.8
HTG44_RS00030	2	98.387	682	10	1	1	682	82882	83562	0.0	1197
HTG44_RS00030	47	97.326	374	9	1	32	405	373	1	0.0	634
HTG44_RS00030	44	99.639	277	1	0	406	682	1013	737	4.36e-144	507
HTG44_RS00030	23	96.739	276	9	0	407	682	2	277	3.45e-130	460
HTG44_RS00030	31	84.821	336	51	0	1	336	2365	2030	1.68e-93	339
HTG44_RS00030	53	100.000	29	0	0	2	30	76	104	6.83e-08	54.7
HTG44_RS00035	40	100.000	240	0	0	1	240	340	579	1.27e-125	444
HTG44_RS00040	40	100.000	273	0	0	1	273	66	338	5.99e-144	505
HTG44_RS00045	51	98.519	135	2	0	27	161	135	1	5.06e-64	239
HTG44_RS00045	40	100.000	49	0	0	162	210	1	49	1.50e-19	91.6
HTG44_RS00050	38	99.862	725	1	0	59	783	855	131	0.0	1334
HTG44_RS00060	38	100.000	139	0	0	1	139	985	847	1.04e-69	257
HTG44_RS00065	44	98.462	260	4	0	2	261	411	152	4.53e-130	459
HTG44_RS00065	38	95.019	261	13	0	1	261	1390	1130	1.29e-115	411
HTG44_RS00070	38	99.458	738	4	0	1	738	2297	1560	0.0	1341
HTG44_RS00075	38	100.000	84	0	0	1	84	2505	2422	1.79e-39	156
HTG44_RS00080	38	100.000	73	0	0	12	84	2626	2554	2.34e-33	135
HTG44_RS00085	39	100.000	795	0	0	1	795	2087	1293	0.0	1469
HTG44_RS00090	39	100.000	252	0	0	1	252	2431	2180	2.60e-132	466
HTG44_RS00095	21	99.484	1163	6	0	1	1163	21773	22935	0.0	2115
HTG44_RS00135	39	81.762	488	87	2	356	842	812	326	5.81e-114	407
HTG44_RS00140	38	97.872	141	3	0	1	141	1414	1274	6.93e-66	244
HTG44_RS00140	44	99.138	116	1	0	26	141	411	296	2.53e-55	209
HTG44_RS00145	38	99.458	738	4	0	1	738	2297	1560	0.0	1341
HTG44_RS00150	38	97.647	85	1	1	1	85	2505	2422	3.94e-36	145
HTG44_RS00155	38	100.000	73	0	0	12	84	2626	2554	2.34e-33	135
HTG44_RS00160	2	98.532	681	10	0	1	681	82882	83562	0.0	1203
HTG44_RS00160	47	99.464	373	2	0	32	404	373	1	0.0	678
HTG44_RS00160	23	98.201	278	4	1	404	681	1	277	2.04e-137	484
HTG44_RS00160	44	97.464	276	7	0	406	681	1012	737	1.59e-133	472
HTG44_RS00160	53	100.000	29	0	0	2	30	76	104	6.82e-08	54.7
HTG44_RS00180	21	99.484	1163	6	0	1	1163	21773	22935	0.0	2115
HTG44_RS00185	21	100.000	35	0	0	221	255	21698	21732	1.12e-11	65.8
HTJ14_RS00295	2	98.385	681	11	0	1	681	82882	83562	0.0	1197
HTJ14_RS00295	47	99.732	373	1	0	32	404	373	1	0.0	684
HTJ14_RS00295	23	98.917	277	3	0	405	681	1	277	9.43e-141	496
HTJ14_RS00295	44	98.106	264	5	0	418	681	1000	737	3.44e-130	460
HTJ14_RS00295	53	100.000	29	0	0	2	30	76	104	6.82e-08	54.7
HTJ14_RS00310	38	100.000	73	0	0	12	84	2626	2554	2.34e-33	135
HTJ14_RS00315	38	100.000	84	0	0	1	84	2505	2422	1.79e-39	156
HTJ14_RS00320	38	100.000	738	0	0	1	738	2297	1560	0.0	1363
AV643_RS00005	2	93.201	353	23	1	1	352	82882	83234	1.03e-147	518
AV643_RS00005	47	92.547	322	23	1	32	352	373	52	1.75e-130	460
AV643_RS00005	31	89.583	336	35	0	1	336	2365	2030	1.78e-120	427
AV643_RS00005	53	100.000	29	0	0	2	30	76	104	3.48e-08	54.7
AV643_RS00010	2	82.440	672	116	2	1	671	82882	83552	5.44e-168	586
AV643_RS00010	23	83.333	276	46	0	406	681	2	277	1.74e-68	255
AV643_RS00010	44	83.650	263	43	0	412	674	1006	744	2.92e-66	248
AV643_RS00375	27	94.949	198	10	0	22	219	9634	9437	1.11e-85	311
AV643_RS00420	31	99.702	336	1	0	1	336	2365	2030	6.94e-177	616
AV643_RS00420	31	98.328	299	3	1	383	681	2034	1738	4.33e-149	523
HTI06_RS00415	38	97.222	72	2	0	25	96	2493	2422	2.16e-29	122
HTI06_RS00420	38	99.593	738	3	0	1	738	2297	1560	0.0	1347
HTI06_RS00425	38	99.398	166	1	0	1	166	1615	1450	5.06e-83	302
HTI04_RS00035	2	98.031	508	10	0	123	630	83055	83562	0.0	883
HTI04_RS00035	2	100.000	35	0	0	97	131	82808	82842	2.91e-11	65.8
HTI04_RS00035	23	98.195	277	5	0	354	630	1	277	1.88e-137	484
HTI04_RS00035	44	98.864	264	3	0	367	630	1000	737	1.47e-133	472
HTI04_RS00035	47	99.134	231	2	0	123	353	231	1	6.97e-117	416
HTI04_RS00035	53	100.000	35	0	0	97	131	1	35	2.91e-11	65.8
HTI56_RS00645	8	96.368	468	17	0	1	468	33181	33648	0.0	771
HTI56_RS00650	8	95.726	117	5	0	1	117	33893	34009	2.67e-49	189
HTI56_RS00655	8	93.854	1920	118	0	1	1920	34025	35944	0.0	2892
HTI56_RS00660	8	89.222	167	18	0	2	168	36068	36234	3.09e-55	209
HTI56_RS00665	8	100.000	28	0	0	204	231	36269	36242	7.86e-08	52.8
HTI55_RS00015	31	97.973	296	4	1	1	296	2323	2030	8.84e-146	512
HTI55_RS00015	31	96.026	302	7	2	343	644	2034	1738	5.36e-138	486
HTI55_RS00015	2	78.019	646	123	17	1	639	82924	83557	1.55e-108	388
HTI55_RS00015	47	83.439	314	47	4	1	312	362	52	5.83e-78	287
HTI55_RS00160	31	86.102	295	39	1	387	681	2030	1738	7.88e-87	316
HTI55_RS00175	44	100.000	28	0	0	1	28	710	683	2.58e-07	52.8
HTI55_RS00175	23	96.875	32	0	1	1	31	304	335	2.58e-07	52.8
HTI55_RS00175	2	94.286	35	1	1	1	34	83589	83623	2.58e-07	52.8
HTI55_RS00180	2	98.532	681	10	0	1	681	82882	83562	0.0	1203
HTI55_RS00180	47	99.464	373	2	0	32	404	373	1	0.0	678
HTI55_RS00180	23	98.195	277	5	0	405	681	1	277	2.04e-137	484
HTI55_RS00180	44	98.864	264	3	0	418	681	1000	737	1.59e-133	472
HTI55_RS00180	53	100.000	29	0	0	2	30	76	104	6.82e-08	54.7
HTI55_RS00195	31	86.102	295	39	1	387	681	2030	1738	7.88e-87	316
HTI55_RS00245	31	97.612	335	8	0	1	335	2365	2031	1.18e-164	575
HTI55_RS00245	31	87.324	284	34	1	397	680	2020	1739	4.71e-89	324
HTJ97_RS00005	2	97.944	681	14	0	1	681	82882	83562	0.0	1181
HTJ97_RS00005	47	98.928	373	4	0	32	404	373	1	0.0	667
HTJ97_RS00005	23	99.639	277	1	0	405	681	1	277	4.36e-144	507
HTJ97_RS00005	44	98.106	264	5	0	418	681	1000	737	3.44e-130	460
HTJ97_RS00005	53	100.000	29	0	0	2	30	76	104	6.82e-08	54.7
HTJ97_RS00045	2	97.944	681	14	0	1	681	82882	83562	0.0	1181
HTJ97_RS00045	47	98.928	373	4	0	32	404	373	1	0.0	667
HTJ97_RS00045	23	99.639	277	1	0	405	681	1	277	4.36e-144	507
HTJ97_RS00045	44	98.106	264	5	0	418	681	1000	737	3.44e-130	460
HTJ97_RS00045	53	100.000	29	0	0	2	30	76	104	6.82e-08	54.7
HTJ97_RS00100	44	99.060	532	5	0	687	1218	683	152	0.0	955
HTJ97_RS00100	38	94.231	260	15	0	959	1218	1389	1130	4.97e-111	398
HTJ97_RS00105	51	100.000	135	0	0	33	167	135	1	2.71e-67	250
HTJ97_RS00105	38	100.000	73	0	0	168	240	2626	2554	7.91e-33	135
HTJ97_RS00105	38	100.000	31	0	0	1	31	32	2	1.76e-09	58.4
HTJ97_RS00105	44	100.000	32	0	0	1	32	32	1	4.90e-10	60.2
HTJ97_RS00110	38	100.000	55	0	0	1	55	2505	2451	1.82e-23	102
HTJ97_RS00120	38	100.000	37	0	0	84	120	2458	2422	3.74e-13	69.4
HTJ97_RS00125	38	99.593	738	3	0	1	738	2297	1560	0.0	1347
HTJ97_RS00130	44	98.462	260	4	0	2	261	411	152	4.53e-130	459
HTJ97_RS00130	38	95.019	261	13	0	1	261	1390	1130	1.29e-115	411
HTJ97_RS00140	38	97.882	897	19	0	1	897	1027	131	0.0	1552
HTJ97_RS00145	51	97.037	135	4	0	27	161	135	1	1.10e-60	228
HTJ97_RS00150	40	83.154	279	35	11	1	273	66	338	1.44e-65	244
HTJ97_RS00155	40	96.415	781	28	0	84	864	423	1203	0.0	1288
HTJ97_RS00160	40	99.259	135	0	1	1	134	1555	1689	3.17e-65	243
HTJ97_RS00160	2	97.619	42	1	0	133	174	82803	82844	4.40e-14	73.1
HTJ97_RS00160	53	100.000	37	0	0	138	174	1	37	5.69e-13	69.4
HTJ06_RS00250	38	97.222	72	2	0	25	96	2493	2422	2.16e-29	122
HTJ06_RS00255	38	99.729	738	2	0	1	738	2297	1560	0.0	1352
HTJ06_RS00260	38	99.398	166	1	0	1	166	1615	1450	5.06e-83	302
HTJ06_RS00435	8	100.000	28	0	0	300	327	36269	36242	1.14e-07	52.8
HTJ06_RS00440	8	89.222	167	18	0	2	168	36068	36234	3.09e-55	209
HTJ06_RS00445	8	93.854	1920	118	0	1	1920	34025	35944	0.0	2892
HTJ06_RS00450	8	95.726	117	5	0	1	117	33893	34009	2.67e-49	189
HTJ06_RS00455	8	96.368	468	17	0	1	468	33181	33648	0.0	771
HTK17_RS00005	40	95.680	787	28	1	84	870	423	1203	0.0	1260
HTK17_RS00010	40	99.057	318	3	0	1	318	1644	1961	6.87e-164	571
HTK17_RS00020	2	99.706	681	2	0	1	681	82882	83562	0.0	1247
HTK17_RS00020	47	99.464	373	2	0	32	404	373	1	0.0	678
HTK17_RS00020	44	100.000	277	0	0	405	681	1013	737	9.37e-146	512
HTK17_RS00020	23	96.377	276	10	0	406	681	2	277	1.60e-128	455
HTK17_RS00020	53	100.000	29	0	0	2	30	76	104	6.82e-08	54.7
HTK17_RS00025	38	99.584	721	3	0	1	721	2297	1577	0.0	1315
HTK17_RS00025	2	100.000	48	0	0	721	768	82807	82854	2.12e-18	89.8
HTK17_RS00025	53	100.000	47	0	0	722	768	1	47	7.62e-18	87.9
HTK17_RS00030	38	100.000	84	0	0	1	84	2505	2422	1.79e-39	156
HTK17_RS00035	38	100.000	73	0	0	12	84	2626	2554	2.34e-33	135
HTK17_RS00040	39	100.000	795	0	0	1	795	2087	1293	0.0	1469
HTK17_RS00045	39	100.000	281	0	0	263	543	2460	2180	4.43e-148	520
HTK17_RS00045	39	100.000	262	0	0	1	262	262	1	1.62e-137	484
HTK17_RS00050	39	100.000	270	0	0	1	270	528	259	2.76e-142	499
HTK17_RS00055	2	99.706	681	2	0	1	681	82882	83562	0.0	1247
HTK17_RS00055	47	99.464	373	2	0	32	404	373	1	0.0	678
HTK17_RS00055	44	100.000	277	0	0	405	681	1013	737	9.37e-146	512
HTK17_RS00055	23	96.377	276	10	0	406	681	2	277	1.60e-128	455
HTK17_RS00055	53	100.000	29	0	0	2	30	76	104	6.82e-08	54.7
HTK17_RS00075	2	100.000	88	0	0	990	1077	82808	82895	1.74e-40	163
HTK17_RS00075	53	98.864	88	1	0	990	1077	1	88	8.09e-39	158
HTK17_RS00080	2	98.238	681	12	0	1	681	82882	83562	0.0	1192
HTK17_RS00080	47	99.464	373	2	0	32	404	373	1	0.0	678
HTK17_RS00080	23	99.639	277	1	0	405	681	1	277	4.36e-144	507
HTK17_RS00080	44	98.106	264	5	0	418	681	1000	737	3.44e-130	460
HTK17_RS00080	53	100.000	29	0	0	2	30	76	104	6.82e-08	54.7
HTK17_RS00095	2	98.825	681	8	0	1	681	82882	83562	0.0	1214
HTK17_RS00095	47	99.732	373	1	0	32	404	373	1	0.0	684
HTK17_RS00095	23	98.556	277	4	0	405	681	1	277	4.39e-139	490
HTK17_RS00095	44	99.242	264	2	0	418	681	1000	737	3.42e-135	477
HTK17_RS00095	53	100.000	29	0	0	2	30	76	104	6.82e-08	54.7
HTK17_RS00145	2	98.385	681	11	0	1	681	82882	83562	0.0	1197
HTK17_RS00145	47	99.196	373	3	0	32	404	373	1	0.0	673
HTK17_RS00145	23	98.195	277	5	0	405	681	1	277	2.04e-137	484
HTK17_RS00145	44	98.864	264	3	0	418	681	1000	737	1.59e-133	472
HTK17_RS00145	53	100.000	29	0	0	2	30	76	104	6.82e-08	54.7
HTK17_RS00160	2	98.532	681	10	0	1	681	82882	83562	0.0	1203
HTK17_RS00160	47	99.464	373	2	0	32	404	373	1	0.0	678
HTK17_RS00160	23	98.195	277	5	0	405	681	1	277	2.04e-137	484
HTK17_RS00160	44	98.864	264	3	0	418	681	1000	737	1.59e-133	472
HTK17_RS00160	53	100.000	29	0	0	2	30	76	104	6.82e-08	54.7
HTK17_RS00170	24	92.784	291	21	0	1	291	13850	14140	6.80e-119	422
HTK17_RS00210	24	89.172	314	34	0	2	315	10032	10345	5.68e-110	392
HTK17_RS00215	24	93.881	621	38	0	1	621	9421	10041	0.0	937
HTK17_RS00255	31	100.000	333	0	0	4	336	2362	2030	6.94e-177	616
HTK17_RS00255	31	98.662	299	2	1	383	681	2034	1738	9.30e-151	529
HTK17_RS00280	24	97.129	209	4	1	1	209	8685	8891	4.57e-97	351
HTK17_RS00285	17	91.855	221	18	0	5	225	8860	8640	4.10e-85	309
HTK17_RS00290	17	95.213	188	5	3	1	185	9394	9208	1.06e-80	294
HTK17_RS00295	17	83.921	454	70	3	2	453	14047	14499	1.77e-121	431
HTK17_RS00300	17	95.614	114	4	1	53	166	14639	14527	6.74e-47	182
HTK17_RS00390	2	98.385	681	11	0	1	681	82882	83562	0.0	1197
HTK17_RS00390	47	99.732	373	1	0	32	404	373	1	0.0	684
HTK17_RS00390	23	99.639	277	1	0	405	681	1	277	4.36e-144	507
HTK17_RS00390	44	98.106	264	5	0	418	681	1000	737	3.44e-130	460
HTK17_RS00390	53	100.000	29	0	0	2	30	76	104	6.82e-08	54.7
HTK17_RS00395	8	85.680	412	57	2	1	411	31311	31721	4.44e-122	433
HTK17_RS00400	8	99.501	1002	5	0	1	1002	31718	32719	0.0	1823
HTK17_RS00405	8	99.786	933	2	0	1	933	32716	33648	0.0	1712
HTK17_RS00410	8	99.145	117	1	0	1	117	33893	34009	5.69e-56	211
HTK17_RS00415	8	96.458	1920	68	0	1	1920	34025	35944	0.0	3169
HTK17_RS00465	24	95.342	365	12	5	579	940	16371	16733	1.77e-164	575
HTK17_RS00480	38	100.000	73	0	0	12	84	2626	2554	2.34e-33	135
HTK17_RS00485	38	100.000	84	0	0	1	84	2505	2422	1.79e-39	156
HTK17_RS00490	38	99.593	738	3	0	1	738	2297	1560	0.0	1347
HTK17_RS00495	44	98.462	260	4	0	2	261	411	152	4.53e-130	459
HTK17_RS00495	38	95.019	261	13	0	1	261	1390	1130	1.29e-115	411
HTK17_RS00500	38	97.882	897	19	0	1	897	1027	131	0.0	1552
HTK17_RS00505	51	97.037	135	4	0	27	161	135	1	1.10e-60	228
HTK17_RS00510	40	83.154	279	35	11	1	273	66	338	1.44e-65	244
HTK11_RS00025	22	83.788	586	95	0	8	593	23084	23669	3.84e-159	556
HTK11_RS00065	2	98.091	681	13	0	1	681	82882	83562	0.0	1186
HTK11_RS00065	47	99.196	373	3	0	32	404	373	1	0.0	673
HTK11_RS00065	23	99.639	277	1	0	405	681	1	277	4.36e-144	507
HTK11_RS00065	44	98.106	264	5	0	418	681	1000	737	3.44e-130	460
HTK11_RS00065	53	100.000	29	0	0	2	30	76	104	6.82e-08	54.7
HTK11_RS00150	2	97.944	681	14	0	1	681	82882	83562	0.0	1181
HTK11_RS00150	47	98.928	373	4	0	32	404	373	1	0.0	667
HTK11_RS00150	23	99.639	277	1	0	405	681	1	277	4.36e-144	507
HTK11_RS00150	44	98.106	264	5	0	418	681	1000	737	3.44e-130	460
HTK11_RS00150	53	100.000	29	0	0	2	30	76	104	6.82e-08	54.7
HTK11_RS00155	39	100.000	208	0	0	1	208	1017	810	1.69e-107	385
HTK11_RS00160	39	99.874	795	1	0	1	795	2087	1293	0.0	1463
HTK11_RS00165	39	100.000	281	0	0	263	543	2460	2180	4.43e-148	520
HTK11_RS00165	39	100.000	262	0	0	1	262	262	1	1.62e-137	484
HTK11_RS00170	39	100.000	554	0	0	356	909	812	259	0.0	1024
HTK11_RS00195	44	98.462	260	4	0	2	261	411	152	4.53e-130	459
HTK11_RS00195	38	95.019	261	13	0	1	261	1390	1130	1.29e-115	411
HTK11_RS00200	38	99.729	738	2	0	1	738	2297	1560	0.0	1352
HTK11_RS00205	38	100.000	84	0	0	1	84	2505	2422	1.79e-39	156
HTK11_RS00210	2	98.091	681	13	0	1	681	82882	83562	0.0	1186
HTK11_RS00210	47	99.464	373	2	0	32	404	373	1	0.0	678
HTK11_RS00210	23	99.278	277	2	0	405	681	1	277	2.03e-142	501
HTK11_RS00210	44	97.727	264	6	0	418	681	1000	737	1.60e-128	455
HTK11_RS00210	53	100.000	29	0	0	2	30	76	104	6.82e-08	54.7
HTK47_RS00020	21	99.398	1163	7	0	1	1163	21773	22935	0.0	2109
HTJ73_RS00005	2	98.385	681	11	0	1	681	82882	83562	0.0	1197
HTJ73_RS00005	47	99.732	373	1	0	32	404	373	1	0.0	684
HTJ73_RS00005	23	99.639	277	1	0	405	681	1	277	4.36e-144	507
HTJ73_RS00005	44	98.106	264	5	0	418	681	1000	737	3.44e-130	460
HTJ73_RS00005	53	100.000	29	0	0	2	30	76	104	6.82e-08	54.7
HTJ73_RS00090	2	98.385	681	11	0	1	681	82882	83562	0.0	1197
HTJ73_RS00090	47	99.732	373	1	0	32	404	373	1	0.0	684
HTJ73_RS00090	23	99.639	277	1	0	405	681	1	277	4.36e-144	507
HTJ73_RS00090	44	98.106	264	5	0	418	681	1000	737	3.44e-130	460
HTJ73_RS00090	53	100.000	29	0	0	2	30	76	104	6.82e-08	54.7
HTJ73_RS00095	39	100.000	208	0	0	1	208	1017	810	1.69e-107	385
HTJ73_RS00100	39	99.874	795	1	0	1	795	2087	1293	0.0	1463
HTJ73_RS00105	39	100.000	281	0	0	263	543	2460	2180	4.43e-148	520
HTJ73_RS00105	39	100.000	262	0	0	1	262	262	1	1.62e-137	484
HTJ73_RS00110	39	100.000	554	0	0	356	909	812	259	0.0	1024
HTJ73_RS00135	44	98.462	260	4	0	2	261	411	152	4.53e-130	459
HTJ73_RS00135	38	95.019	261	13	0	1	261	1390	1130	1.29e-115	411
HTJ73_RS00140	38	99.729	738	2	0	1	738	2297	1560	0.0	1352
HTJ73_RS00145	38	100.000	84	0	0	1	84	2505	2422	1.79e-39	156
HTJ73_RS00150	2	98.238	681	12	0	1	681	82882	83562	0.0	1192
HTJ73_RS00150	47	99.464	373	2	0	32	404	373	1	0.0	678
HTJ73_RS00150	23	99.639	277	1	0	405	681	1	277	4.36e-144	507
HTJ73_RS00150	44	98.106	264	5	0	418	681	1000	737	3.44e-130	460
HTJ73_RS00150	53	100.000	29	0	0	2	30	76	104	6.82e-08	54.7
HTJ73_RS00190	22	83.788	586	95	0	8	593	23084	23669	3.84e-159	556
HTK34_RS00385	21	99.398	1163	7	0	1	1163	21773	22935	0.0	2109
HTL21_RS00025	2	98.385	681	11	0	1	681	82882	83562	0.0	1197
HTL21_RS00025	47	99.732	373	1	0	32	404	373	1	0.0	684
HTL21_RS00025	23	99.639	277	1	0	405	681	1	277	4.36e-144	507
HTL21_RS00025	44	98.106	264	5	0	418	681	1000	737	3.44e-130	460
HTL21_RS00025	53	100.000	29	0	0	2	30	76	104	6.82e-08	54.7
HTL21_RS00060	2	98.385	681	11	0	1	681	82882	83562	0.0	1197
HTL21_RS00060	47	99.732	373	1	0	32	404	373	1	0.0	684
HTL21_RS00060	23	99.639	277	1	0	405	681	1	277	4.36e-144	507
HTL21_RS00060	44	98.106	264	5	0	418	681	1000	737	3.44e-130	460
HTL21_RS00060	53	100.000	29	0	0	2	30	76	104	6.82e-08	54.7
HTL21_RS00085	8	96.406	1920	69	0	1	1920	34025	35944	0.0	3164
HTL21_RS00090	8	99.145	117	1	0	1	117	33893	34009	5.69e-56	211
HTL21_RS00095	8	99.786	933	2	0	1	933	32716	33648	0.0	1712
HTL21_RS00100	8	99.501	1002	5	0	1	1002	31718	32719	0.0	1823
HTL21_RS00105	8	91.923	2142	157	7	9	2142	29588	31721	0.0	2983
HTL21_RS00110	2	98.385	681	11	0	1	681	82882	83562	0.0	1197
HTL21_RS00110	47	99.732	373	1	0	32	404	373	1	0.0	684
HTL21_RS00110	23	99.639	277	1	0	405	681	1	277	4.36e-144	507
HTL21_RS00110	44	98.106	264	5	0	418	681	1000	737	3.44e-130	460
HTL21_RS00110	53	100.000	29	0	0	2	30	76	104	6.82e-08	54.7
HTL21_RS00140	2	98.238	681	12	0	1	681	82882	83562	0.0	1192
HTL21_RS00140	47	99.464	373	2	0	32	404	373	1	0.0	678
HTL21_RS00140	23	99.639	277	1	0	405	681	1	277	4.36e-144	507
HTL21_RS00140	44	98.106	264	5	0	418	681	1000	737	3.44e-130	460
HTL21_RS00140	53	100.000	29	0	0	2	30	76	104	6.82e-08	54.7
HTL21_RS00160	39	81.762	488	87	2	356	842	812	326	5.81e-114	407
HTL21_RS00205	2	98.385	681	11	0	1	681	82882	83562	0.0	1197
HTL21_RS00205	47	99.732	373	1	0	32	404	373	1	0.0	684
HTL21_RS00205	23	99.639	277	1	0	405	681	1	277	4.36e-144	507
HTL21_RS00205	44	98.106	264	5	0	418	681	1000	737	3.44e-130	460
HTL21_RS00205	53	100.000	29	0	0	2	30	76	104	6.82e-08	54.7
HTL02_RS00005	2	98.385	681	11	0	1	681	82882	83562	0.0	1197
HTL02_RS00005	47	99.732	373	1	0	32	404	373	1	0.0	684
HTL02_RS00005	23	99.639	277	1	0	405	681	1	277	4.36e-144	507
HTL02_RS00005	44	98.106	264	5	0	418	681	1000	737	3.44e-130	460
HTL02_RS00005	53	100.000	29	0	0	2	30	76	104	6.82e-08	54.7
HTL02_RS00035	2	98.238	681	12	0	1	681	82882	83562	0.0	1192
HTL02_RS00035	47	99.464	373	2	0	32	404	373	1	0.0	678
HTL02_RS00035	23	99.639	277	1	0	405	681	1	277	4.36e-144	507
HTL02_RS00035	44	98.106	264	5	0	418	681	1000	737	3.44e-130	460
HTL02_RS00035	53	100.000	29	0	0	2	30	76	104	6.82e-08	54.7
HTL02_RS00055	39	81.762	488	87	2	356	842	812	326	5.81e-114	407
HTL02_RS00100	2	98.385	681	11	0	1	681	82882	83562	0.0	1197
HTL02_RS00100	47	99.732	373	1	0	32	404	373	1	0.0	684
HTL02_RS00100	23	99.639	277	1	0	405	681	1	277	4.36e-144	507
HTL02_RS00100	44	98.106	264	5	0	418	681	1000	737	3.44e-130	460
HTL02_RS00100	53	100.000	29	0	0	2	30	76	104	6.82e-08	54.7
HTL02_RS00135	2	98.385	681	11	0	1	681	82882	83562	0.0	1197
HTL02_RS00135	47	99.732	373	1	0	32	404	373	1	0.0	684
HTL02_RS00135	23	99.639	277	1	0	405	681	1	277	4.36e-144	507
HTL02_RS00135	44	98.106	264	5	0	418	681	1000	737	3.44e-130	460
HTL02_RS00135	53	100.000	29	0	0	2	30	76	104	6.82e-08	54.7
HTL02_RS00160	8	96.406	1920	69	0	1	1920	34025	35944	0.0	3164
HTL02_RS00165	8	99.145	117	1	0	1	117	33893	34009	5.69e-56	211
HTL02_RS00170	8	99.786	933	2	0	1	933	32716	33648	0.0	1712
HTL02_RS00175	8	99.501	1002	5	0	1	1002	31718	32719	0.0	1823
HTL02_RS00180	8	91.923	2142	157	7	9	2142	29588	31721	0.0	2983
HTL57_RS00140	17	81.860	215	39	0	19	233	21732	21518	9.74e-47	182
HTL57_RS00245	22	92.208	77	4	1	1	77	10569	10495	1.68e-24	108
HTL57_RS00300	24	93.432	609	40	0	1	609	9421	10029	0.0	904
HTL57_RS00400	5	77.329	322	71	2	1	321	56882	57202	1.28e-48	189
HTL57_RS00655	1	90.062	161	16	0	1	161	16341	16181	6.89e-55	209
HTL57_RS00655	1	89.441	161	17	0	1	161	55645	55485	3.21e-53	204
HTL57_RS00670	34	82.831	332	51	6	1	329	2171	1843	6.47e-80	292
HTM13_RS00005	2	99.852	676	1	0	1	676	82882	83557	0.0	1243
HTM13_RS00005	2	100.000	47	0	0	677	723	82808	82854	7.16e-18	87.9
HTM13_RS00005	47	99.732	373	1	0	32	404	373	1	0.0	684
HTM13_RS00005	44	100.000	272	0	0	405	676	1013	742	6.00e-143	503
HTM13_RS00005	23	96.679	271	9	0	406	676	2	272	2.20e-127	451
HTM13_RS00005	53	100.000	47	0	0	677	723	1	47	7.16e-18	87.9
HTM13_RS00005	53	100.000	29	0	0	2	30	76	104	7.26e-08	54.7
HTM13_RS00010	2	99.709	687	2	0	1	687	82876	83562	0.0	1258
HTM13_RS00010	47	99.732	373	1	0	38	410	373	1	0.0	684
HTM13_RS00010	44	99.639	277	1	0	411	687	1013	737	4.40e-144	507
HTM13_RS00010	23	96.739	276	9	0	412	687	2	277	3.47e-130	460
HTM13_RS00010	53	97.222	36	1	0	1	36	69	104	4.11e-10	62.1
HTM13_RS00030	24	96.949	295	9	0	1	295	13850	14144	3.95e-141	496
HTM13_RS00035	24	98.084	783	15	0	1	783	14400	15182	0.0	1363
HTM13_RS00040	24	98.039	357	7	0	1	357	15175	15531	7.61e-179	621
HTM13_RS00045	24	97.352	944	24	1	1	943	15790	16733	0.0	1604
HTM13_RS00085	8	96.406	1920	69	0	1	1920	34025	35944	0.0	3164
HTM13_RS00090	8	96.581	117	3	1	1	116	33893	34009	2.04e-50	193
HTM13_RS00095	8	99.786	933	2	0	1	933	32716	33648	0.0	1712
HTM13_RS00100	8	99.501	1002	5	0	1	1002	31718	32719	0.0	1823
HTM13_RS00105	8	92.132	2186	156	7	1	2178	29544	31721	0.0	3070
HTM13_RS00110	8	99.913	1146	1	0	1	1146	28396	29541	0.0	2111
HTM17_RS00055	2	98.385	681	11	0	1	681	82882	83562	0.0	1197
HTM17_RS00055	47	99.732	373	1	0	32	404	373	1	0.0	684
HTM17_RS00055	23	99.639	277	1	0	405	681	1	277	4.36e-144	507
HTM17_RS00055	44	98.106	264	5	0	418	681	1000	737	3.44e-130	460
HTM17_RS00055	53	100.000	29	0	0	2	30	76	104	6.82e-08	54.7
HTM17_RS00140	2	98.471	654	10	0	1	654	82882	83535	0.0	1153
HTM17_RS00140	47	99.732	373	1	0	32	404	373	1	0.0	684
HTM17_RS00140	23	99.600	250	1	0	405	654	1	250	4.27e-129	457
HTM17_RS00140	44	98.312	237	4	0	418	654	1000	764	7.25e-117	416
HTM17_RS00140	53	100.000	29	0	0	2	30	76	104	6.54e-08	54.7
HTM36_RS00045	22	83.788	586	95	0	8	593	23084	23669	3.84e-159	556
HTM36_RS00070	53	100.000	48	0	0	1	48	48	1	1.91e-18	89.8
HTM36_RS00070	2	100.000	48	0	0	1	48	82855	82808	1.91e-18	89.8
HTM36_RS00075	2	98.385	681	11	0	1	681	82882	83562	0.0	1197
HTM36_RS00075	47	99.732	373	1	0	32	404	373	1	0.0	684
HTM36_RS00075	23	99.639	277	1	0	405	681	1	277	4.36e-144	507
HTM36_RS00075	44	98.106	264	5	0	418	681	1000	737	3.44e-130	460
HTM36_RS00075	53	100.000	29	0	0	2	30	76	104	6.82e-08	54.7
HTM36_RS00155	2	98.385	681	11	0	1	681	82882	83562	0.0	1197
HTM36_RS00155	47	99.732	373	1	0	32	404	373	1	0.0	684
HTM36_RS00155	23	99.639	277	1	0	405	681	1	277	4.36e-144	507
HTM36_RS00155	44	98.106	264	5	0	418	681	1000	737	3.44e-130	460
HTM36_RS00155	53	100.000	29	0	0	2	30	76	104	6.82e-08	54.7
HTM28_RS00055	2	98.385	681	11	0	1	681	82882	83562	0.0	1197
HTM28_RS00055	47	99.732	373	1	0	32	404	373	1	0.0	684
HTM28_RS00055	23	99.639	277	1	0	405	681	1	277	4.36e-144	507
HTM28_RS00055	44	98.106	264	5	0	418	681	1000	737	3.44e-130	460
HTM28_RS00055	53	100.000	29	0	0	2	30	76	104	6.82e-08	54.7
HTM28_RS00110	2	100.000	36	0	0	349	384	82806	82841	4.83e-12	67.6
HTM28_RS00110	53	100.000	34	0	0	351	384	1	34	6.25e-11	63.9
HTM28_RS00115	2	98.385	681	11	0	1	681	82882	83562	0.0	1197
HTM28_RS00115	47	99.732	373	1	0	32	404	373	1	0.0	684
HTM28_RS00115	23	99.639	277	1	0	405	681	1	277	4.36e-144	507
HTM28_RS00115	44	98.106	264	5	0	418	681	1000	737	3.44e-130	460
HTM28_RS00115	53	100.000	29	0	0	2	30	76	104	6.82e-08	54.7
HTM28_RS00200	2	98.471	654	10	0	1	654	82882	83535	0.0	1153
HTM28_RS00200	47	99.732	373	1	0	32	404	373	1	0.0	684
HTM28_RS00200	23	99.600	250	1	0	405	654	1	250	4.27e-129	457
HTM28_RS00200	44	98.312	237	4	0	418	654	1000	764	7.25e-117	416
HTM28_RS00200	53	100.000	29	0	0	2	30	76	104	6.54e-08	54.7
HTM24_RS00055	2	98.385	681	11	0	1	681	82882	83562	0.0	1197
HTM24_RS00055	47	99.732	373	1	0	32	404	373	1	0.0	684
HTM24_RS00055	23	99.639	277	1	0	405	681	1	277	4.36e-144	507
HTM24_RS00055	44	98.106	264	5	0	418	681	1000	737	3.44e-130	460
HTM24_RS00055	53	100.000	29	0	0	2	30	76	104	6.82e-08	54.7
HTM24_RS00140	2	98.471	654	10	0	1	654	82882	83535	0.0	1153
HTM24_RS00140	47	99.732	373	1	0	32	404	373	1	0.0	684
HTM24_RS00140	23	99.600	250	1	0	405	654	1	250	4.27e-129	457
HTM24_RS00140	44	98.312	237	4	0	418	654	1000	764	7.25e-117	416
HTM24_RS00140	53	100.000	29	0	0	2	30	76	104	6.54e-08	54.7
AUL27_RS00020	36	81.953	1014	156	22	1707	2702	1346	342	0.0	833
AUL27_RS00020	36	74.740	1057	224	40	420	1458	2723	1692	3.19e-121	433
AUL27_RS00035	41	81.702	1328	202	28	191	1483	1385	64	0.0	1068
AUL32_RS00020	36	81.953	1014	156	22	1712	2707	1346	342	0.0	833
AUL32_RS00020	36	74.858	1058	222	40	424	1463	2723	1692	1.91e-123	440
AUL32_RS00040	41	81.928	1328	199	28	191	1483	1385	64	0.0	1085
AUL33_RS00020	41	81.968	1331	195	31	191	1485	1385	64	0.0	1086
AUL33_RS00035	36	81.935	1013	158	20	1721	2716	1346	342	0.0	833
AUL33_RS00035	36	75.287	1044	210	41	425	1452	2723	1712	6.84e-128	455
AUL36_RS00020	36	81.953	1014	156	22	1707	2702	1346	342	0.0	833
AUL36_RS00020	36	74.764	1058	222	42	420	1458	2723	1692	3.19e-121	433
AUL36_RS00035	41	81.989	1327	200	26	191	1483	1385	64	0.0	1090
AUL28_RS00020	36	81.953	1014	156	22	1707	2702	1346	342	0.0	833
AUL28_RS00020	36	74.764	1058	222	42	420	1458	2723	1692	3.19e-121	433
AUL28_RS00035	41	81.989	1327	200	26	191	1483	1385	64	0.0	1090
HTN56_RS00025	31	87.761	335	41	0	1	335	2365	2031	1.27e-109	392
HTN56_RS00025	31	86.441	295	38	1	387	681	2030	1738	1.69e-88	322
HTN56_RS00035	31	99.405	336	2	0	1	336	2365	2030	3.23e-175	610
HTN56_RS00035	31	98.662	299	2	1	383	681	2034	1738	9.30e-151	529
HTN56_RS00055	31	99.405	336	2	0	1	336	2365	2030	3.23e-175	610
HTN56_RS00055	31	96.656	299	8	1	383	681	2034	1738	9.43e-141	496
HTN21_RS00085	38	99.398	166	1	0	1	166	1615	1450	5.06e-83	302
HTN21_RS00090	38	99.729	738	2	0	1	738	2297	1560	0.0	1352
HTN21_RS00095	38	97.222	72	2	0	25	96	2493	2422	2.16e-29	122
HTN22_RS00085	38	99.398	166	1	0	1	166	1615	1450	5.06e-83	302
HTN22_RS00090	38	99.729	738	2	0	1	738	2297	1560	0.0	1352
HTN22_RS00095	38	97.222	72	2	0	25	96	2493	2422	2.16e-29	122
HTN38_RS00085	38	99.398	166	1	0	1	166	1615	1450	5.06e-83	302
HTN38_RS00090	38	99.729	738	2	0	1	738	2297	1560	0.0	1352
HTN38_RS00095	38	97.222	72	2	0	25	96	2493	2422	2.16e-29	122
HTO14_RS00055	31	97.321	336	9	0	1	336	2365	2030	1.52e-163	571
HTO14_RS00055	31	96.656	299	8	1	383	681	2034	1738	9.43e-141	496
HTO14_RS00070	31	99.107	336	3	0	1	336	2365	2030	1.50e-173	604
HTO14_RS00070	31	95.987	299	10	1	383	681	2034	1738	2.04e-137	484
HTO36_RS00440	8	99.383	324	2	0	1	324	33325	33648	6.96e-169	588
HTO36_RS00445	8	98.291	117	2	0	1	117	33893	34009	2.65e-54	206
HTO36_RS00450	8	95.833	864	35	1	1	863	34025	34888	0.0	1395
HTO36_RS00455	8	92.988	1041	73	0	1	1041	34904	35944	0.0	1519
HTO55_RS00225	21	75.789	190	44	2	89	277	21864	22052	6.76e-20	95.3
HTO55_RS00360	39	100.000	554	0	0	245	798	812	259	0.0	1024
HTO55_RS00365	39	100.000	281	0	0	263	543	2460	2180	4.43e-148	520
HTO55_RS00365	39	100.000	262	0	0	1	262	262	1	1.62e-137	484
HTO55_RS00370	39	100.000	795	0	0	1	795	2087	1293	0.0	1469
HTO55_RS00375	38	100.000	73	0	0	12	84	2626	2554	2.34e-33	135
HTO55_RS00380	38	100.000	84	0	0	1	84	2505	2422	1.79e-39	156
HTO55_RS00385	38	100.000	738	0	0	1	738	2297	1560	0.0	1363
HTO55_RS00390	38	97.872	141	3	0	1	141	1414	1274	6.93e-66	244
HTO55_RS00390	44	99.138	116	1	0	26	141	411	296	2.53e-55	209
HTO55_RS00395	39	81.762	488	87	2	356	842	812	326	5.81e-114	407
HTO55_RS00400	2	98.385	681	11	0	1	681	82882	83562	0.0	1197
HTO55_RS00400	47	99.196	373	3	0	32	404	373	1	0.0	673
HTO55_RS00400	23	98.195	277	5	0	405	681	1	277	2.04e-137	484
HTO55_RS00400	44	98.864	264	3	0	418	681	1000	737	1.59e-133	472
HTO55_RS00400	53	100.000	29	0	0	2	30	76	104	6.82e-08	54.7
HTO55_RS00415	8	79.005	1929	384	20	2	1920	34026	35943	0.0	1299
HTO55_RS00420	8	84.524	168	26	0	1	168	36067	36234	1.89e-42	167
HTO55_RS00435	2	98.385	681	11	0	1	681	82882	83562	0.0	1197
HTO55_RS00435	47	99.196	373	3	0	32	404	373	1	0.0	673
HTO55_RS00435	23	98.195	277	5	0	405	681	1	277	2.04e-137	484
HTO55_RS00435	44	98.864	264	3	0	418	681	1000	737	1.59e-133	472
HTO55_RS00435	53	100.000	29	0	0	2	30	76	104	6.82e-08	54.7
HTN79_RS00135	38	97.222	72	2	0	25	96	2493	2422	2.16e-29	122
HTN79_RS00140	38	99.729	738	2	0	1	738	2297	1560	0.0	1352
HTN79_RS00145	38	99.398	166	1	0	1	166	1615	1450	5.06e-83	302
HTR14_RS01325	8	94.271	1920	110	0	1	1920	34025	35944	0.0	2937
HTR14_RS01330	8	99.145	117	1	0	1	117	33893	34009	5.69e-56	211
HTR14_RS01335	8	99.383	324	2	0	1	324	33325	33648	6.96e-169	588
HTO79_RS00015	8	99.383	324	2	0	1	324	33325	33648	6.96e-169	588
HTO79_RS00020	8	99.145	117	1	0	1	117	33893	34009	5.69e-56	211
HTO79_RS00025	8	94.271	1920	110	0	1	1920	34025	35944	0.0	2937
HTR36_RS00100	38	99.398	166	1	0	1	166	1615	1450	5.06e-83	302
HTR36_RS00105	38	99.593	738	3	0	1	738	2297	1560	0.0	1347
HTR36_RS00110	38	97.222	72	2	0	25	96	2493	2422	2.16e-29	122
HTQ38_RS00030	31	89.254	335	36	0	1	335	2365	2031	5.84e-118	420
HTQ38_RS00030	31	88.070	285	32	1	397	681	2020	1738	6.05e-93	337
HTQ38_RS00035	2	97.917	480	10	0	1	480	83083	83562	0.0	832
HTQ38_RS00035	23	98.917	277	3	0	204	480	1	277	6.57e-141	496
HTQ38_RS00035	44	98.864	264	3	0	217	480	1000	737	1.11e-133	472
HTQ38_RS00035	47	99.015	203	2	0	1	203	203	1	1.93e-101	364
HTR18_RS00200	38	97.222	72	2	0	25	96	2493	2422	2.16e-29	122
HTR18_RS00205	38	99.593	738	3	0	1	738	2297	1560	0.0	1347
HTR18_RS00210	38	99.398	166	1	0	1	166	1615	1450	5.06e-83	302
HTP31_RS00090	38	97.222	72	2	0	25	96	2493	2422	2.16e-29	122
HTP31_RS00095	38	99.729	738	2	0	1	738	2297	1560	0.0	1352
HTP31_RS00100	38	99.398	166	1	0	1	166	1615	1450	5.06e-83	302
HTQ93_RS00065	31	88.358	335	39	0	1	335	2365	2031	5.45e-113	403
HTQ93_RS00065	31	89.712	243	25	0	387	629	2030	1788	3.40e-85	311
HTQ93_RS00125	31	97.993	299	4	1	140	438	2034	1738	1.27e-147	518
HTQ93_RS00125	31	98.925	93	1	0	1	93	2122	2030	5.32e-42	167
HTQ93_RS00145	31	98.810	336	3	1	1	336	2365	2031	2.52e-171	597
HTQ93_RS00145	31	97.297	296	6	1	387	682	2031	1738	2.03e-142	501
HTQ93_RS00155	31	98.810	336	3	1	1	336	2365	2031	2.52e-171	597
HTQ93_RS00155	31	96.622	296	8	1	387	682	2031	1738	4.40e-139	490
HTQ45_RS00710	8	94.271	1920	110	0	1	1920	34025	35944	0.0	2937
HTQ45_RS00715	8	99.145	117	1	0	1	117	33893	34009	5.69e-56	211
HTQ45_RS00720	8	99.383	324	2	0	1	324	33325	33648	6.96e-169	588
HTQ39_RS00285	2	98.825	681	8	0	1	681	82882	83562	0.0	1214
HTQ39_RS00285	47	99.732	373	1	0	32	404	373	1	0.0	684
HTQ39_RS00285	23	98.556	277	4	0	405	681	1	277	4.39e-139	490
HTQ39_RS00285	44	99.242	264	2	0	418	681	1000	737	3.42e-135	477
HTQ39_RS00285	53	100.000	29	0	0	2	30	76	104	6.82e-08	54.7
HTQ39_RS00320	2	98.825	681	8	0	1	681	82882	83562	0.0	1214
HTQ39_RS00320	47	99.732	373	1	0	32	404	373	1	0.0	684
HTQ39_RS00320	23	98.556	277	4	0	405	681	1	277	4.39e-139	490
HTQ39_RS00320	44	99.242	264	2	0	418	681	1000	737	3.42e-135	477
HTQ39_RS00320	53	100.000	29	0	0	2	30	76	104	6.82e-08	54.7
HTQ39_RS00600	2	98.385	681	11	0	1	681	82882	83562	0.0	1197
HTQ39_RS00600	47	99.732	373	1	0	32	404	373	1	0.0	684
HTQ39_RS00600	23	99.639	277	1	0	405	681	1	277	4.36e-144	507
HTQ39_RS00600	44	98.106	264	5	0	418	681	1000	737	3.44e-130	460
HTQ39_RS00600	53	100.000	29	0	0	2	30	76	104	6.82e-08	54.7
HTQ39_RS00605	53	100.000	47	0	0	530	576	1	47	5.67e-18	87.9
HTQ39_RS00605	2	100.000	47	0	0	530	576	82808	82854	5.67e-18	87.9
HTQ39_RS00680	53	100.000	47	0	0	531	577	1	47	5.68e-18	87.9
HTQ39_RS00680	2	100.000	47	0	0	531	577	82808	82854	5.68e-18	87.9
HTQ39_RS00685	2	98.385	681	11	0	1	681	82882	83562	0.0	1197
HTQ39_RS00685	47	99.732	373	1	0	32	404	373	1	0.0	684
HTQ39_RS00685	23	99.639	277	1	0	405	681	1	277	4.36e-144	507
HTQ39_RS00685	44	98.106	264	5	0	418	681	1000	737	3.44e-130	460
HTQ39_RS00685	53	100.000	29	0	0	2	30	76	104	6.82e-08	54.7
HTQ42_RS00080	17	95.614	114	4	1	53	166	14639	14527	6.74e-47	182
HTQ42_RS00085	17	88.178	1345	157	2	1	1344	13156	14499	0.0	1602
HTQ42_RS00090	17	93.974	780	41	3	1	780	12383	13156	0.0	1175
HTQ42_RS00095	17	98.370	552	9	0	1	552	11688	12239	0.0	970
HTQ42_RS00100	17	100.000	192	0	0	1	192	11473	11664	4.36e-99	355
HTQ42_RS00105	17	98.925	186	2	0	1	186	11303	11488	1.97e-92	333
HTQ42_RS00115	17	99.502	201	1	0	1	201	11007	10807	2.12e-102	366
HTQ42_RS00120	17	100.000	231	0	0	1	231	10475	10705	1.12e-120	427
HTQ42_RS00125	17	98.990	495	5	0	1	495	10420	9926	0.0	887
HTQ42_RS00130	17	99.117	453	4	0	1	453	9860	9408	0.0	815
HTQ42_RS00135	17	98.684	152	2	0	1	152	9394	9243	1.26e-73	270
HTQ42_RS00140	17	84.148	593	78	12	1	579	9230	8640	2.79e-160	560
HTQ42_RS00140	17	100.000	31	0	0	20	50	9180	9210	4.47e-09	58.4
HTQ42_RS00140	23	83.542	559	89	3	19	574	1679	1121	4.74e-148	520
HTQ42_RS00195	24	99.512	1638	8	0	1	1638	16956	18593	0.0	2981
HTQ42_RS00200	24	98.355	1155	19	0	1	1155	18604	19758	0.0	2028
HTQ42_RS00220	29	95.935	246	10	0	25	270	917	672	2.87e-112	399
HTQ42_RS00225	34	98.047	2048	40	0	626	2673	4979	2932	0.0	3561
HTQ42_RS00225	9	89.564	1974	193	13	627	2596	104091	102127	0.0	2492
HTQ42_RS00225	29	96.480	625	22	0	1	625	625	1	0.0	1033
HTQ42_RS00230	34	99.702	336	1	0	1	336	2171	1836	3.32e-177	616
HTQ42_RS00235	9	90.166	3854	343	28	1	3833	101541	97703	0.0	4985
HTQ42_RS00235	17	95.830	2398	91	1	1530	3918	40279	37882	0.0	3866
HTQ42_RS00235	23	95.312	2389	110	2	1531	3918	23989	21602	0.0	3790
HTQ42_RS00235	34	94.118	1530	88	2	1	1529	1529	1	0.0	2326
HTQ42_RS00240	23	95.035	141	7	0	1	141	21742	21602	3.25e-59	222
HTQ42_RS00240	17	95.035	141	7	0	1	141	38022	37882	3.25e-59	222
HTQ42_RS00245	17	97.721	351	8	0	1	351	37821	37471	7.66e-174	604
HTQ42_RS00245	23	96.639	357	12	0	1	357	21540	21184	1.66e-170	593
HTQ84_RS00720	8	94.219	1920	107	4	1	1916	34025	35944	0.0	2928
HTQ84_RS00725	8	99.145	117	1	0	1	117	33893	34009	5.69e-56	211
HTQ84_RS00730	8	99.074	324	2	1	1	323	33325	33648	1.16e-166	580
HTR37_RS00030	2	98.385	681	11	0	1	681	82882	83562	0.0	1197
HTR37_RS00030	47	99.732	373	1	0	32	404	373	1	0.0	684
HTR37_RS00030	23	99.639	277	1	0	405	681	1	277	4.36e-144	507
HTR37_RS00030	44	98.106	264	5	0	418	681	1000	737	3.44e-130	460
HTR37_RS00030	53	100.000	29	0	0	2	30	76	104	6.82e-08	54.7
HTR37_RS00040	2	98.532	681	10	0	1	681	82882	83562	0.0	1203
HTR37_RS00040	47	99.732	373	1	0	32	404	373	1	0.0	684
HTR37_RS00040	23	99.278	277	2	0	405	681	1	277	2.03e-142	501
HTR37_RS00040	44	98.485	264	4	0	418	681	1000	737	7.40e-132	466
HTR37_RS00040	53	100.000	29	0	0	2	30	76	104	6.82e-08	54.7
HTR37_RS00070	2	98.385	681	11	0	1	681	82882	83562	0.0	1197
HTR37_RS00070	47	99.732	373	1	0	32	404	373	1	0.0	684
HTR37_RS00070	23	99.639	277	1	0	405	681	1	277	4.36e-144	507
HTR37_RS00070	44	98.106	264	5	0	418	681	1000	737	3.44e-130	460
HTR37_RS00070	53	100.000	29	0	0	2	30	76	104	6.82e-08	54.7
HTR37_RS00150	31	98.328	299	3	1	242	540	2034	1738	3.41e-149	523
HTR37_RS00150	31	99.487	195	1	0	1	195	2224	2030	1.32e-98	355
HTR37_RS00155	51	100.000	135	0	0	27	161	135	1	2.34e-67	250
HTR37_RS00160	38	97.882	897	19	0	1	897	1027	131	0.0	1552
HTR37_RS00165	44	99.060	532	5	0	1146	1677	683	152	0.0	955
HTR37_RS00165	38	95.000	260	13	0	1418	1677	1389	1130	3.17e-114	409
HTR37_RS00190	2	96.460	339	12	0	1	339	83224	83562	1.59e-160	560
HTR37_RS00190	23	98.917	277	3	0	63	339	1	277	4.55e-141	496
HTR37_RS00190	44	97.348	264	7	0	76	339	1000	737	3.59e-127	449
HTR37_RS00190	47	100.000	62	0	0	1	62	62	1	1.49e-26	115
HTR37_RS00215	2	98.532	681	10	0	1	681	82882	83562	0.0	1203
HTR37_RS00215	47	99.732	373	1	0	32	404	373	1	0.0	684
HTR37_RS00215	23	99.278	277	2	0	405	681	1	277	2.03e-142	501
HTR37_RS00215	44	98.485	264	4	0	418	681	1000	737	7.40e-132	466
HTR37_RS00215	53	100.000	29	0	0	2	30	76	104	6.82e-08	54.7
HTR37_RS00220	40	99.057	318	3	0	1	318	1644	1961	6.87e-164	571
HTR37_RS00225	40	95.726	117	5	0	1	117	1087	1203	2.67e-49	189
HTS74_RS00025	38	100.000	73	0	0	12	84	2626	2554	2.34e-33	135
HTS74_RS00030	38	100.000	84	0	0	1	84	2505	2422	1.79e-39	156
HTS74_RS00035	38	99.593	738	3	0	1	738	2297	1560	0.0	1347
HTS68_RS00040	38	98.630	73	1	0	12	84	2626	2554	1.09e-31	130
HTS68_RS00045	38	100.000	84	0	0	1	84	2505	2422	1.79e-39	156
HTS68_RS00050	38	100.000	738	0	0	1	738	2297	1560	0.0	1363
HTT43_RS00165	39	100.000	554	0	0	356	909	812	259	0.0	1024
HTT43_RS00170	39	100.000	281	0	0	263	543	2460	2180	4.43e-148	520
HTT43_RS00170	39	100.000	262	0	0	1	262	262	1	1.62e-137	484
HTT43_RS00175	39	100.000	795	0	0	1	795	2087	1293	0.0	1469
HTT43_RS00180	39	100.000	208	0	0	1	208	1017	810	1.78e-107	385
HTT43_RS00200	38	96.098	897	35	0	1	897	1027	131	0.0	1463
HTT43_RS00205	51	97.037	135	4	0	27	161	135	1	1.10e-60	228
HTT43_RS00210	40	83.154	279	35	11	1	273	66	338	1.44e-65	244
HTT43_RS00215	40	94.614	427	23	0	84	510	423	849	0.0	662
HTR99_RS00005	38	100.000	84	0	0	1	84	2505	2422	1.79e-39	156
HTR99_RS00010	38	99.593	738	3	0	1	738	2297	1560	0.0	1347
HTR99_RS00015	38	97.872	141	3	0	1	141	1414	1274	6.93e-66	244
HTR99_RS00015	44	99.138	116	1	0	26	141	411	296	2.53e-55	209
HTR99_RS00020	39	81.762	488	87	2	356	842	812	326	5.81e-114	407
HTR99_RS00080	39	100.000	554	0	0	356	909	812	259	0.0	1024
HTR99_RS00085	39	100.000	281	0	0	263	543	2460	2180	4.43e-148	520
HTR99_RS00085	39	100.000	262	0	0	1	262	262	1	1.62e-137	484
HTR99_RS00090	39	100.000	795	0	0	1	795	2087	1293	0.0	1469
HTR99_RS00095	39	100.000	208	0	0	1	208	1017	810	1.78e-107	385
HTR99_RS00110	2	98.385	681	11	0	1	681	82882	83562	0.0	1197
HTR99_RS00110	47	99.732	373	1	0	32	404	373	1	0.0	684
HTR99_RS00110	23	99.639	277	1	0	405	681	1	277	4.36e-144	507
HTR99_RS00110	44	98.106	264	5	0	418	681	1000	737	3.44e-130	460
HTR99_RS00110	53	100.000	29	0	0	2	30	76	104	6.82e-08	54.7
HTR99_RS00130	2	98.385	681	11	0	1	681	82882	83562	0.0	1197
HTR99_RS00130	47	99.732	373	1	0	32	404	373	1	0.0	684
HTR99_RS00130	23	99.639	277	1	0	405	681	1	277	4.36e-144	507
HTR99_RS00130	44	98.106	264	5	0	418	681	1000	737	3.44e-130	460
HTR99_RS00130	53	100.000	29	0	0	2	30	76	104	6.82e-08	54.7
HTR99_RS00150	21	99.398	1163	7	0	1	1163	21773	22935	0.0	2109
HTR99_RS00155	21	100.000	35	0	0	221	255	21698	21732	1.12e-11	65.8
HTR99_RS00200	2	98.385	681	11	0	1	681	82882	83562	0.0	1197
HTR99_RS00200	47	99.732	373	1	0	32	404	373	1	0.0	684
HTR99_RS00200	23	99.639	277	1	0	405	681	1	277	4.36e-144	507
HTR99_RS00200	44	98.106	264	5	0	418	681	1000	737	3.44e-130	460
HTR99_RS00200	53	100.000	29	0	0	2	30	76	104	6.82e-08	54.7
HTR99_RS00225	8	96.458	1920	68	0	1	1920	34025	35944	0.0	3169
HTR99_RS00230	8	99.145	117	1	0	1	117	33893	34009	5.69e-56	211
HTR99_RS00235	8	99.710	690	2	0	1	690	32959	33648	0.0	1264
HTR99_RS00240	2	98.385	681	11	0	1	681	82882	83562	0.0	1197
HTR99_RS00240	47	99.732	373	1	0	32	404	373	1	0.0	684
HTR99_RS00240	23	99.639	277	1	0	405	681	1	277	4.36e-144	507
HTR99_RS00240	44	98.106	264	5	0	418	681	1000	737	3.44e-130	460
HTR99_RS00240	53	100.000	29	0	0	2	30	76	104	6.82e-08	54.7
HTR93_RS00235	2	98.238	681	12	0	1	681	82882	83562	0.0	1192
HTR93_RS00235	47	99.464	373	2	0	32	404	373	1	0.0	678
HTR93_RS00235	23	98.917	277	3	0	405	681	1	277	9.43e-141	496
HTR93_RS00235	44	98.106	264	5	0	418	681	1000	737	3.44e-130	460
HTR93_RS00235	53	100.000	29	0	0	2	30	76	104	6.82e-08	54.7
HTR93_RS00350	21	99.398	1163	7	0	1	1163	21773	22935	0.0	2109
HTR93_RS00470	31	98.810	336	4	0	1	336	2365	2030	6.99e-172	599
HTR93_RS00470	31	98.328	299	3	1	383	681	2034	1738	4.33e-149	523
HTR93_RS00585	21	99.101	1112	10	0	1	1112	21773	22884	0.0	1999
HTR93_RS00655	27	96.955	821	25	0	1	821	10627	9807	0.0	1378
HTR93_RS00655	27	88.000	250	28	2	943	1191	9685	9437	6.55e-80	294
HTR93_RS00655	31	83.383	674	100	10	475	1142	6079	5412	4.43e-176	614
HTR93_RS00655	31	99.254	134	0	1	226	358	6261	6128	8.66e-64	241
HTR93_RS00655	21	100.000	65	0	0	1	65	21464	21400	1.18e-27	121
HTR93_RS00680	8	76.829	574	119	14	1	567	11253	10687	1.26e-84	311
HTR93_RS00690	8	80.952	126	22	2	793	917	7516	7392	4.78e-21	99.0
HTR93_RS00695	31	98.810	336	4	0	1	336	2365	2030	6.99e-172	599
HTR93_RS00695	31	98.328	299	3	1	383	681	2034	1738	4.33e-149	523
HTR93_RS00730	2	98.091	681	13	0	1	681	82882	83562	0.0	1186
HTR93_RS00730	47	99.464	373	2	0	32	404	373	1	0.0	678
HTR93_RS00730	23	99.278	277	2	0	405	681	1	277	2.03e-142	501
HTR93_RS00730	44	97.727	264	6	0	418	681	1000	737	1.60e-128	455
HTR93_RS00730	53	100.000	29	0	0	2	30	76	104	6.82e-08	54.7
HTR93_RS00800	2	97.368	684	15	1	1	684	82882	83562	0.0	1160
HTR93_RS00800	47	99.196	373	3	0	32	404	373	1	0.0	673
HTR93_RS00800	23	97.857	280	3	1	405	684	1	277	2.65e-136	481
HTR93_RS00800	44	96.255	267	7	1	418	684	1000	737	2.10e-122	435
HTR93_RS00800	53	100.000	29	0	0	2	30	76	104	6.85e-08	54.7
HTR93_RS00810	2	97.944	681	14	0	1	681	82882	83562	0.0	1181
HTR93_RS00810	47	99.196	373	3	0	32	404	373	1	0.0	673
HTR93_RS00810	23	99.278	277	2	0	405	681	1	277	2.03e-142	501
HTR93_RS00810	44	97.727	264	6	0	418	681	1000	737	1.60e-128	455
HTR93_RS00810	53	100.000	29	0	0	2	30	76	104	6.82e-08	54.7
BJL72_RS00025	38	99.458	738	4	0	1	738	2297	1560	0.0	1341
BJL72_RS00030	38	100.000	84	0	0	1	84	2505	2422	1.79e-39	156
BJL72_RS00035	38	98.630	73	1	0	12	84	2626	2554	1.09e-31	130
BJL73_RS00045	38	98.630	73	1	0	12	84	2626	2554	1.09e-31	130
BJL73_RS00050	38	100.000	84	0	0	1	84	2505	2422	1.79e-39	156
BJL73_RS00055	38	99.458	738	4	0	1	738	2297	1560	0.0	1341
HTU19_RS00065	2	98.385	681	11	0	1	681	82882	83562	0.0	1197
HTU19_RS00065	47	99.732	373	1	0	32	404	373	1	0.0	684
HTU19_RS00065	23	99.639	277	1	0	405	681	1	277	4.36e-144	507
HTU19_RS00065	44	98.106	264	5	0	418	681	1000	737	3.44e-130	460
HTU19_RS00065	53	100.000	29	0	0	2	30	76	104	6.82e-08	54.7
HTU19_RS00070	53	100.000	37	0	0	618	654	1	37	2.34e-12	69.4
HTU19_RS00070	2	100.000	37	0	0	618	654	82808	82844	2.34e-12	69.4
HTU19_RS00080	21	97.222	36	0	1	6	40	21525	21560	6.54e-10	60.2
HTU19_RS00085	31	86.790	757	100	0	423	1179	6131	5375	0.0	845
HTU19_RS00100	2	98.385	681	11	0	1	681	82882	83562	0.0	1197
HTU19_RS00100	47	99.732	373	1	0	32	404	373	1	0.0	684
HTU19_RS00100	23	99.639	277	1	0	405	681	1	277	4.36e-144	507
HTU19_RS00100	44	98.106	264	5	0	418	681	1000	737	3.44e-130	460
HTU19_RS00100	53	100.000	29	0	0	2	30	76	104	6.82e-08	54.7
HTU19_RS00105	38	98.428	318	5	0	1	318	448	131	1.49e-160	560
HTU19_RS00110	51	100.000	135	0	0	27	161	135	1	2.34e-67	250
HTU19_RS00115	40	97.802	273	6	0	1	273	66	338	6.08e-134	472
HTU19_RS00120	40	96.412	864	31	0	1	864	340	1203	0.0	1424
HTU19_RS00125	38	99.729	738	2	0	1	738	2297	1560	0.0	1352
HTU19_RS00130	38	98.810	84	1	0	1	84	2505	2422	8.34e-38	150
HTU19_RS00135	38	100.000	73	0	0	12	84	2626	2554	2.34e-33	135
HTU19_RS00140	39	100.000	795	0	0	1	795	2087	1293	0.0	1469
HTU19_RS00145	39	100.000	252	0	0	1	252	2431	2180	2.60e-132	466
HTU19_RS00160	39	100.000	229	0	0	1	229	262	34	1.57e-119	424
HTU19_RS00165	39	100.000	554	0	0	356	909	812	259	0.0	1024
HTU19_RS00205	2	98.825	681	8	0	1	681	82882	83562	0.0	1214
HTU19_RS00205	47	99.732	373	1	0	32	404	373	1	0.0	684
HTU19_RS00205	23	98.556	277	4	0	405	681	1	277	4.39e-139	490
HTU19_RS00205	44	99.242	264	2	0	418	681	1000	737	3.42e-135	477
HTU19_RS00205	53	100.000	29	0	0	2	30	76	104	6.82e-08	54.7
HTU19_RS00235	23	100.000	52	0	0	1	52	281	332	8.65e-21	97.1
HTU19_RS00235	44	100.000	51	0	0	1	51	733	683	3.11e-20	95.3
HTU19_RS00235	2	92.537	67	4	1	1	66	83566	83632	3.11e-20	95.3
HTU19_RS00240	2	98.825	681	8	0	1	681	82882	83562	0.0	1214
HTU19_RS00240	47	99.732	373	1	0	32	404	373	1	0.0	684
HTU19_RS00240	23	98.556	277	4	0	405	681	1	277	4.39e-139	490
HTU19_RS00240	44	99.242	264	2	0	418	681	1000	737	3.42e-135	477
HTU19_RS00240	53	100.000	29	0	0	2	30	76	104	6.82e-08	54.7
HTU19_RS00250	2	98.825	681	8	0	1	681	82882	83562	0.0	1214
HTU19_RS00250	47	99.732	373	1	0	32	404	373	1	0.0	684
HTU19_RS00250	23	98.556	277	4	0	405	681	1	277	4.39e-139	490
HTU19_RS00250	44	99.242	264	2	0	418	681	1000	737	3.42e-135	477
HTU19_RS00250	53	100.000	29	0	0	2	30	76	104	6.82e-08	54.7
HTU19_RS00255	8	100.000	671	0	0	44	714	32049	32719	0.0	1240
HTU19_RS00255	53	100.000	43	0	0	1	43	43	1	1.18e-15	80.5
HTU19_RS00255	2	100.000	43	0	0	1	43	82850	82808	1.18e-15	80.5
HTU19_RS00260	8	99.786	933	2	0	1	933	32716	33648	0.0	1712
HTU19_RS00265	8	99.145	117	1	0	1	117	33893	34009	5.69e-56	211
HTU19_RS00270	8	96.458	1920	68	0	1	1920	34025	35944	0.0	3169
HTU19_RS00295	2	98.385	681	11	0	1	681	82882	83562	0.0	1197
HTU19_RS00295	47	99.732	373	1	0	32	404	373	1	0.0	684
HTU19_RS00295	23	99.639	277	1	0	405	681	1	277	4.36e-144	507
HTU19_RS00295	44	98.106	264	5	0	418	681	1000	737	3.44e-130	460
HTU19_RS00295	53	100.000	29	0	0	2	30	76	104	6.82e-08	54.7
HTU19_RS00330	2	98.385	681	11	0	1	681	82882	83562	0.0	1197
HTU19_RS00330	47	99.732	373	1	0	32	404	373	1	0.0	684
HTU19_RS00330	23	99.639	277	1	0	405	681	1	277	4.36e-144	507
HTU19_RS00330	44	98.106	264	5	0	418	681	1000	737	3.44e-130	460
HTU19_RS00330	53	100.000	29	0	0	2	30	76	104	6.82e-08	54.7
HTU19_RS00350	2	98.385	681	11	0	1	681	82882	83562	0.0	1197
HTU19_RS00350	47	99.732	373	1	0	32	404	373	1	0.0	684
HTU19_RS00350	23	99.639	277	1	0	405	681	1	277	4.36e-144	507
HTU19_RS00350	44	98.106	264	5	0	418	681	1000	737	3.44e-130	460
HTU19_RS00350	53	100.000	29	0	0	2	30	76	104	6.82e-08	54.7
HTU31_RS00065	2	98.385	681	11	0	1	681	82882	83562	0.0	1197
HTU31_RS00065	47	99.732	373	1	0	32	404	373	1	0.0	684
HTU31_RS00065	23	99.639	277	1	0	405	681	1	277	4.36e-144	507
HTU31_RS00065	44	98.106	264	5	0	418	681	1000	737	3.44e-130	460
HTU31_RS00065	53	100.000	29	0	0	2	30	76	104	6.82e-08	54.7
HTU31_RS00070	53	100.000	37	0	0	618	654	1	37	2.34e-12	69.4
HTU31_RS00070	2	100.000	37	0	0	618	654	82808	82844	2.34e-12	69.4
HTU31_RS00095	2	100.000	129	0	0	1	129	82882	83010	2.90e-64	239
HTU31_RS00095	47	100.000	98	0	0	32	129	373	276	4.96e-47	182
HTU31_RS00095	53	100.000	29	0	0	2	30	76	104	1.13e-08	54.7
HTU31_RS00100	2	98.385	681	11	0	1	681	82882	83562	0.0	1197
HTU31_RS00100	47	99.732	373	1	0	32	404	373	1	0.0	684
HTU31_RS00100	23	99.639	277	1	0	405	681	1	277	4.36e-144	507
HTU31_RS00100	44	98.106	264	5	0	418	681	1000	737	3.44e-130	460
HTU31_RS00100	53	100.000	29	0	0	2	30	76	104	6.82e-08	54.7
HTU31_RS00105	38	97.222	144	4	0	1	144	274	131	7.10e-66	244
HTU31_RS00110	51	100.000	135	0	0	27	161	135	1	2.34e-67	250
HTU31_RS00115	40	97.802	273	6	0	1	273	66	338	6.08e-134	472
HTU31_RS00120	40	96.412	864	31	0	1	864	340	1203	0.0	1424
HTU31_RS00125	38	99.729	738	2	0	1	738	2297	1560	0.0	1352
HTU31_RS00130	38	98.810	84	1	0	1	84	2505	2422	8.34e-38	150
HTU31_RS00135	38	100.000	73	0	0	12	84	2626	2554	2.34e-33	135
HTU31_RS00140	39	100.000	795	0	0	1	795	2087	1293	0.0	1469
HTU31_RS00145	39	100.000	252	0	0	1	252	2431	2180	2.60e-132	466
HTU31_RS00155	39	100.000	229	0	0	1	229	262	34	1.57e-119	424
HTU31_RS00160	39	100.000	554	0	0	356	909	812	259	0.0	1024
HTU31_RS00175	2	98.825	681	8	0	1	681	82882	83562	0.0	1214
HTU31_RS00175	47	99.732	373	1	0	32	404	373	1	0.0	684
HTU31_RS00175	23	98.556	277	4	0	405	681	1	277	4.39e-139	490
HTU31_RS00175	44	99.242	264	2	0	418	681	1000	737	3.42e-135	477
HTU31_RS00175	53	100.000	29	0	0	2	30	76	104	6.82e-08	54.7
HTU31_RS00205	23	100.000	52	0	0	1	52	281	332	8.65e-21	97.1
HTU31_RS00205	44	100.000	51	0	0	1	51	733	683	3.11e-20	95.3
HTU31_RS00205	2	92.537	67	4	1	1	66	83566	83632	3.11e-20	95.3
HTU31_RS00210	2	98.825	681	8	0	1	681	82882	83562	0.0	1214
HTU31_RS00210	47	99.732	373	1	0	32	404	373	1	0.0	684
HTU31_RS00210	23	98.556	277	4	0	405	681	1	277	4.39e-139	490
HTU31_RS00210	44	99.242	264	2	0	418	681	1000	737	3.42e-135	477
HTU31_RS00210	53	100.000	29	0	0	2	30	76	104	6.82e-08	54.7
HTU31_RS00220	2	98.825	681	8	0	1	681	82882	83562	0.0	1214
HTU31_RS00220	47	99.732	373	1	0	32	404	373	1	0.0	684
HTU31_RS00220	23	98.556	277	4	0	405	681	1	277	4.39e-139	490
HTU31_RS00220	44	99.242	264	2	0	418	681	1000	737	3.42e-135	477
HTU31_RS00220	53	100.000	29	0	0	2	30	76	104	6.82e-08	54.7
HTU31_RS00225	8	100.000	671	0	0	44	714	32049	32719	0.0	1240
HTU31_RS00225	53	100.000	43	0	0	1	43	43	1	1.18e-15	80.5
HTU31_RS00225	2	100.000	43	0	0	1	43	82850	82808	1.18e-15	80.5
HTU31_RS00230	8	99.786	933	2	0	1	933	32716	33648	0.0	1712
HTU31_RS00235	8	99.145	117	1	0	1	117	33893	34009	5.69e-56	211
HTU31_RS00240	8	96.458	1920	68	0	1	1920	34025	35944	0.0	3169
HTU31_RS00265	2	98.385	681	11	0	1	681	82882	83562	0.0	1197
HTU31_RS00265	47	99.732	373	1	0	32	404	373	1	0.0	684
HTU31_RS00265	23	99.639	277	1	0	405	681	1	277	4.36e-144	507
HTU31_RS00265	44	98.106	264	5	0	418	681	1000	737	3.44e-130	460
HTU31_RS00265	53	100.000	29	0	0	2	30	76	104	6.82e-08	54.7
HTU31_RS00300	2	98.385	681	11	0	1	681	82882	83562	0.0	1197
HTU31_RS00300	47	99.732	373	1	0	32	404	373	1	0.0	684
HTU31_RS00300	23	99.639	277	1	0	405	681	1	277	4.36e-144	507
HTU31_RS00300	44	98.106	264	5	0	418	681	1000	737	3.44e-130	460
HTU31_RS00300	53	100.000	29	0	0	2	30	76	104	6.82e-08	54.7
HTU31_RS00320	2	98.385	681	11	0	1	681	82882	83562	0.0	1197
HTU31_RS00320	47	99.732	373	1	0	32	404	373	1	0.0	684
HTU31_RS00320	23	99.639	277	1	0	405	681	1	277	4.36e-144	507
HTU31_RS00320	44	98.106	264	5	0	418	681	1000	737	3.44e-130	460
HTU31_RS00320	53	100.000	29	0	0	2	30	76	104	6.82e-08	54.7
HTV08_RS00025	23	100.000	52	0	0	1	52	281	332	8.65e-21	97.1
HTV08_RS00025	44	100.000	51	0	0	1	51	733	683	3.11e-20	95.3
HTV08_RS00025	2	92.537	67	4	1	1	66	83566	83632	3.11e-20	95.3
HTV08_RS00030	2	98.238	681	12	0	1	681	82882	83562	0.0	1192
HTV08_RS00030	47	99.464	373	2	0	32	404	373	1	0.0	678
HTV08_RS00030	23	99.639	277	1	0	405	681	1	277	4.36e-144	507
HTV08_RS00030	44	98.106	264	5	0	418	681	1000	737	3.44e-130	460
HTV08_RS00030	53	100.000	29	0	0	2	30	76	104	6.82e-08	54.7
HTV08_RS00040	2	98.825	681	8	0	1	681	82882	83562	0.0	1214
HTV08_RS00040	47	99.732	373	1	0	32	404	373	1	0.0	684
HTV08_RS00040	23	98.556	277	4	0	405	681	1	277	4.39e-139	490
HTV08_RS00040	44	99.242	264	2	0	418	681	1000	737	3.42e-135	477
HTV08_RS00040	53	100.000	29	0	0	2	30	76	104	6.82e-08	54.7
HTS78_RS00010	2	82.589	672	115	2	1	671	82882	83552	1.17e-169	592
HTS78_RS00010	23	83.696	276	45	0	406	681	2	277	3.75e-70	261
HTS78_RS00010	44	84.030	263	42	0	412	674	1006	744	6.27e-68	254
HTS78_RS00365	31	100.000	74	0	0	431	504	2438	2365	4.83e-33	137
HTS78_RS00370	31	99.702	336	1	0	1	336	2365	2030	6.94e-177	616
HTS78_RS00370	31	98.328	299	3	1	383	681	2034	1738	4.33e-149	523
CRG82_RS00490	8	100.000	63	0	0	1	63	36356	36294	5.86e-28	117
CRG82_RS00495	8	88.623	167	19	0	2	168	36068	36234	1.44e-53	204
CRG82_RS00500	8	94.896	1920	98	0	1	1920	34025	35944	0.0	3003
CRG82_RS00505	8	96.552	87	3	0	1	87	33923	34009	4.06e-36	145
HTR85_RS00025	39	100.000	795	0	0	1	795	2087	1293	0.0	1469
HTS83_RS00480	8	99.383	324	2	0	1	324	33325	33648	6.96e-169	588
HTS83_RS00485	8	99.145	117	1	0	1	117	33893	34009	5.69e-56	211
HTS83_RS00490	8	94.271	1920	110	0	1	1920	34025	35944	0.0	2937
HTV29_RS00010	8	99.383	324	2	0	1	324	33325	33648	6.96e-169	588
HTV29_RS00015	8	99.145	117	1	0	1	117	33893	34009	5.69e-56	211
HTV29_RS00020	8	94.271	1920	110	0	1	1920	34025	35944	0.0	2937
HTT87_RS00895	8	100.000	246	0	0	1	246	32474	32719	5.49e-129	455
HTT87_RS00900	8	99.679	936	0	1	1	936	32716	33648	0.0	1709
HTT87_RS00905	8	96.629	89	3	0	47	135	33921	34009	5.31e-37	148
HTT87_RS00910	8	94.688	1920	102	0	1	1920	34025	35944	0.0	2981
HTW12_RS00005	2	98.385	681	11	0	1	681	82882	83562	0.0	1197
HTW12_RS00005	47	99.732	373	1	0	32	404	373	1	0.0	684
HTW12_RS00005	23	99.639	277	1	0	405	681	1	277	4.36e-144	507
HTW12_RS00005	44	98.106	264	5	0	418	681	1000	737	3.44e-130	460
HTW12_RS00005	53	100.000	29	0	0	2	30	76	104	6.82e-08	54.7
HTW12_RS00010	53	100.000	37	0	0	936	972	1	37	3.51e-12	69.4
HTW12_RS00010	2	97.561	41	0	1	933	972	82804	82844	3.51e-12	69.4
HTW12_RS00025	38	100.000	73	0	0	12	84	2626	2554	2.34e-33	135
HTW12_RS00030	38	98.810	84	1	0	1	84	2505	2422	8.34e-38	150
HTW12_RS00035	38	99.864	738	1	0	1	738	2297	1560	0.0	1358
HTW12_RS00040	2	98.385	681	11	0	1	681	82882	83562	0.0	1197
HTW12_RS00040	47	99.732	373	1	0	32	404	373	1	0.0	684
HTW12_RS00040	23	99.639	277	1	0	405	681	1	277	4.36e-144	507
HTW12_RS00040	44	98.106	264	5	0	418	681	1000	737	3.44e-130	460
HTW12_RS00040	53	100.000	29	0	0	2	30	76	104	6.82e-08	54.7
HTW12_RS00115	40	83.154	279	35	11	1	273	66	338	1.44e-65	244
HTW12_RS00120	51	97.037	135	4	0	27	161	135	1	1.10e-60	228
HTW12_RS00125	38	97.882	897	19	0	1	897	1027	131	0.0	1552
HTW12_RS00130	44	98.462	260	4	0	2	261	411	152	4.53e-130	459
HTW12_RS00130	38	95.019	261	13	0	1	261	1390	1130	1.29e-115	411
HTW12_RS00135	38	100.000	738	0	0	1	738	2297	1560	0.0	1363
HTW12_RS00140	38	100.000	84	0	0	1	84	2505	2422	1.79e-39	156
HTW12_RS00145	51	100.000	135	0	0	33	167	135	1	2.73e-67	250
HTW12_RS00145	38	96.000	75	1	1	168	242	2626	2554	2.23e-28	121
HTW12_RS00145	38	100.000	31	0	0	1	31	32	2	1.78e-09	58.4
HTW12_RS00145	44	100.000	32	0	0	1	32	32	1	4.94e-10	60.2
HTW12_RS00160	39	100.000	262	0	0	1	262	262	1	8.37e-138	484
HTW12_RS00165	39	100.000	554	0	0	245	798	812	259	0.0	1024
HTW12_RS00180	38	97.872	141	3	0	1	141	1414	1274	6.93e-66	244
HTW12_RS00180	44	99.138	116	1	0	26	141	411	296	2.53e-55	209
HTW12_RS00185	38	99.729	738	2	0	1	738	2297	1560	0.0	1352
HTW12_RS00190	38	100.000	84	0	0	1	84	2505	2422	1.79e-39	156
HTW12_RS00195	51	100.000	135	0	0	33	167	135	1	2.71e-67	250
HTW12_RS00195	38	100.000	73	0	0	168	240	2626	2554	7.91e-33	135
HTW12_RS00195	38	100.000	31	0	0	1	31	32	2	1.76e-09	58.4
HTW12_RS00195	44	100.000	32	0	0	1	32	32	1	4.90e-10	60.2
HTW12_RS00200	44	99.060	532	5	0	1614	2145	683	152	0.0	955
HTW12_RS00200	38	94.231	260	15	0	1886	2145	1389	1130	8.81e-111	398
HTW12_RS00215	2	98.238	681	11	1	1	680	82882	83562	0.0	1190
HTW12_RS00215	47	99.464	373	1	1	32	403	373	1	0.0	676
HTW12_RS00215	23	99.639	277	1	0	404	680	1	277	4.35e-144	507
HTW12_RS00215	44	98.106	264	5	0	417	680	1000	737	3.44e-130	460
HTW12_RS00215	53	100.000	29	0	0	2	30	76	104	6.81e-08	54.7
HTW12_RS00220	23	100.000	52	0	0	1	52	281	332	8.65e-21	97.1
HTW12_RS00220	44	100.000	51	0	0	1	51	733	683	3.11e-20	95.3
HTW12_RS00220	2	92.537	67	4	1	1	66	83566	83632	3.11e-20	95.3
HTW12_RS00305	2	98.825	681	8	0	1	681	82882	83562	0.0	1214
HTW12_RS00305	47	99.732	373	1	0	32	404	373	1	0.0	684
HTW12_RS00305	23	98.556	277	4	0	405	681	1	277	4.39e-139	490
HTW12_RS00305	44	99.242	264	2	0	418	681	1000	737	3.42e-135	477
HTW12_RS00305	53	100.000	29	0	0	2	30	76	104	6.82e-08	54.7
HTW12_RS00315	2	98.238	681	12	0	1	681	82882	83562	0.0	1192
HTW12_RS00315	47	99.464	373	2	0	32	404	373	1	0.0	678
HTW12_RS00315	23	99.639	277	1	0	405	681	1	277	4.36e-144	507
HTW12_RS00315	44	98.106	264	5	0	418	681	1000	737	3.44e-130	460
HTW12_RS00315	53	100.000	29	0	0	2	30	76	104	6.82e-08	54.7
HTW12_RS00365	17	77.328	1310	270	24	11	1305	13172	14469	0.0	749
HTW12_RS00385	23	95.297	489	23	0	1	489	4353	3865	0.0	776
HTW12_RS00390	23	100.000	786	0	0	1	786	5144	4359	0.0	1452
HTW12_RS00395	23	97.654	2259	53	0	1	2259	7925	5667	0.0	3879
HTW12_RS00400	23	96.634	2347	77	2	1	2346	10257	7912	0.0	3895
HTW12_RS00405	23	87.075	294	27	6	1	291	10668	10383	9.64e-89	322
HTW12_RS00410	23	99.318	2493	17	0	1	2493	13117	10625	0.0	4510
HTW12_RS00415	23	100.000	459	0	0	1	459	13680	13222	0.0	848
HTW12_RS00420	23	99.793	483	1	0	1	483	14257	13775	0.0	887
HTW12_RS00425	23	100.000	390	0	0	1	390	14678	14289	0.0	721
HTW12_RS00430	23	99.638	276	1	0	1	276	14953	14678	6.06e-144	505
HTW12_RS00435	23	99.324	1035	7	0	1	1035	15977	14943	0.0	1873
HTW12_RS00440	23	100.000	315	0	0	1	315	16284	15970	3.14e-167	582
HTW12_RS00445	23	98.082	417	8	0	1	417	16700	16284	0.0	726
HTW12_RS00450	23	98.058	618	12	0	1	618	17301	16684	0.0	1075
HTW12_RS00455	23	98.899	1272	14	0	1	1272	18575	17304	0.0	2272
HTW12_RS00460	23	97.203	858	6	1	1	840	19458	18601	0.0	1435
HTW12_RS00465	23	98.407	879	14	0	1	879	20359	19481	0.0	1546
HTW12_RS00470	23	100.000	261	0	0	1	261	20630	20370	2.69e-137	483
HTW12_RS00475	23	98.442	385	6	0	1	385	21162	20778	0.0	678
HTW12_RS00480	17	97.753	356	8	0	1	356	37821	37466	1.27e-176	614
HTW12_RS00480	23	97.479	357	9	0	1	357	21540	21184	1.65e-175	610
HTW12_RS00485	9	89.618	3853	366	26	1	3833	101541	97703	0.0	4868
HTW12_RS00485	17	96.122	2398	84	1	1530	3918	40279	37882	0.0	3904
HTW12_RS00485	23	94.726	2389	124	2	1531	3918	23989	21602	0.0	3712
HTW12_RS00485	34	95.294	1530	70	2	1	1529	1529	1	0.0	2425
HTW12_RS00490	34	99.702	336	1	0	1	336	2171	1836	3.32e-177	616
HTW12_RS00495	34	97.757	2051	46	0	626	2676	4979	2929	0.0	3533
HTW12_RS00495	9	89.564	1974	193	13	627	2596	104091	102127	0.0	2492
HTW12_RS00495	29	96.800	625	20	0	1	625	625	1	0.0	1044
HTW12_RS00500	29	93.791	306	19	0	1	306	941	636	1.49e-130	460
HTW12_RS00525	24	81.938	454	70	11	571	1017	16349	16797	6.96e-104	374
HTW12_RS00540	24	94.898	294	15	0	1	294	13850	14143	1.46e-130	460
HTW12_RS00545	24	100.000	111	0	0	1	111	13500	13610	2.49e-54	206
HTW12_RS00575	24	93.710	620	39	0	1	620	9421	10040	0.0	929
HTW12_RS00605	2	98.385	681	11	0	1	681	82882	83562	0.0	1197
HTW12_RS00605	47	99.732	373	1	0	32	404	373	1	0.0	684
HTW12_RS00605	23	98.917	277	3	0	405	681	1	277	9.43e-141	496
HTW12_RS00605	44	98.106	264	5	0	418	681	1000	737	3.44e-130	460
HTW12_RS00605	53	100.000	29	0	0	2	30	76	104	6.82e-08	54.7
HTW12_RS00650	40	99.057	318	3	0	1	318	1644	1961	6.87e-164	571
HTW12_RS00655	40	96.415	781	28	0	45	825	423	1203	0.0	1288
HTW67_RS00235	39	100.000	795	0	0	1	795	2087	1293	0.0	1469
HTW67_RS00240	39	100.000	243	0	0	128	370	752	510	4.44e-127	449
HTW67_RS00240	39	100.000	44	0	0	371	414	2180	2137	1.87e-16	82.4
HTV93_RS00165	39	100.000	795	0	0	1	795	2087	1293	0.0	1469
HTV93_RS00170	39	100.000	243	0	0	128	370	752	510	4.44e-127	449
HTV93_RS00170	39	100.000	44	0	0	371	414	2180	2137	1.87e-16	82.4
HTV87_RS00025	39	100.000	795	0	0	1	795	2087	1293	0.0	1469
HTV87_RS00030	39	100.000	243	0	0	128	370	752	510	4.44e-127	449
HTV87_RS00030	39	100.000	44	0	0	371	414	2180	2137	1.87e-16	82.4
HTX01_RS00010	2	98.385	681	11	0	1	681	82882	83562	0.0	1197
HTX01_RS00010	47	99.732	373	1	0	32	404	373	1	0.0	684
HTX01_RS00010	23	99.639	277	1	0	405	681	1	277	4.36e-144	507
HTX01_RS00010	44	98.106	264	5	0	418	681	1000	737	3.44e-130	460
HTX01_RS00010	53	100.000	29	0	0	2	30	76	104	6.82e-08	54.7
HTX01_RS00030	2	98.385	681	11	0	1	681	82882	83562	0.0	1197
HTX01_RS00030	47	99.732	373	1	0	32	404	373	1	0.0	684
HTX01_RS00030	23	99.639	277	1	0	405	681	1	277	4.36e-144	507
HTX01_RS00030	44	98.106	264	5	0	418	681	1000	737	3.44e-130	460
HTX01_RS00030	53	100.000	29	0	0	2	30	76	104	6.82e-08	54.7
HTX01_RS00035	53	100.000	37	0	0	1044	1080	1	37	3.91e-12	69.4
HTX01_RS00035	2	100.000	37	0	0	1044	1080	82808	82844	3.91e-12	69.4
HTX01_RS00070	2	98.238	681	12	0	1	681	82882	83562	0.0	1192
HTX01_RS00070	47	99.464	373	2	0	32	404	373	1	0.0	678
HTX01_RS00070	23	99.639	277	1	0	405	681	1	277	4.36e-144	507
HTX01_RS00070	44	98.106	264	5	0	418	681	1000	737	3.44e-130	460
HTX01_RS00070	53	100.000	29	0	0	2	30	76	104	6.82e-08	54.7
HTX01_RS00080	2	98.238	681	12	0	1	681	82882	83562	0.0	1192
HTX01_RS00080	47	99.464	373	2	0	32	404	373	1	0.0	678
HTX01_RS00080	23	99.639	277	1	0	405	681	1	277	4.36e-144	507
HTX01_RS00080	44	98.106	264	5	0	418	681	1000	737	3.44e-130	460
HTX01_RS00080	53	100.000	29	0	0	2	30	76	104	6.82e-08	54.7
HTX01_RS00095	2	98.825	681	8	0	1	681	82882	83562	0.0	1214
HTX01_RS00095	47	99.732	373	1	0	32	404	373	1	0.0	684
HTX01_RS00095	23	98.556	277	4	0	405	681	1	277	4.39e-139	490
HTX01_RS00095	44	99.242	264	2	0	418	681	1000	737	3.42e-135	477
HTX01_RS00095	53	100.000	29	0	0	2	30	76	104	6.82e-08	54.7
HTX01_RS00100	23	100.000	52	0	0	1	52	281	332	8.65e-21	97.1
HTX01_RS00100	44	100.000	51	0	0	1	51	733	683	3.11e-20	95.3
HTX01_RS00100	2	92.537	67	4	1	1	66	83566	83632	3.11e-20	95.3
HTX01_RS00130	2	98.091	681	10	3	1	678	82882	83562	0.0	1182
HTX01_RS00130	47	99.196	373	0	3	32	401	373	1	0.0	669
HTX01_RS00130	23	99.639	277	1	0	402	678	1	277	4.34e-144	507
HTX01_RS00130	44	98.106	264	5	0	415	678	1000	737	3.43e-130	460
HTX01_RS00130	53	100.000	29	0	0	2	30	76	104	6.79e-08	54.7
HTX01_RS00135	8	100.000	714	0	0	1	714	32006	32719	0.0	1319
HTX01_RS00140	8	99.786	933	2	0	1	933	32716	33648	0.0	1712
HTX01_RS00145	8	99.145	117	1	0	1	117	33893	34009	5.69e-56	211
HTX01_RS00150	8	96.458	1920	68	0	1	1920	34025	35944	0.0	3169
HTX01_RS00175	2	98.238	681	10	2	1	679	82882	83562	0.0	1190
HTX01_RS00175	47	99.464	373	0	2	32	402	373	1	0.0	676
HTX01_RS00175	23	99.639	277	1	0	403	679	1	277	4.34e-144	507
HTX01_RS00175	44	98.106	264	5	0	416	679	1000	737	3.43e-130	460
HTX01_RS00175	53	100.000	29	0	0	2	30	76	104	6.80e-08	54.7
HTX46_RS00005	24	95.161	620	30	0	1	620	9421	10040	0.0	979
HTX46_RS00035	24	100.000	111	0	0	1	111	13500	13610	2.49e-54	206
HTX46_RS00040	24	96.939	294	9	0	1	294	13850	14143	1.44e-140	494
HTX46_RS00055	24	81.938	454	70	11	571	1017	16349	16797	6.96e-104	374
HTX46_RS00080	29	93.791	306	19	0	1	306	941	636	1.49e-130	460
HTX46_RS00085	34	97.757	2051	46	0	626	2676	4979	2929	0.0	3533
HTX46_RS00085	9	89.564	1974	193	13	627	2596	104091	102127	0.0	2492
HTX46_RS00085	29	96.800	625	20	0	1	625	625	1	0.0	1044
HTX46_RS00090	34	99.702	336	1	0	1	336	2171	1836	3.32e-177	616
HTX46_RS00095	9	89.618	3853	366	26	1	3833	101541	97703	0.0	4868
HTX46_RS00095	17	96.122	2398	84	1	1530	3918	40279	37882	0.0	3904
HTX46_RS00095	23	94.726	2389	124	2	1531	3918	23989	21602	0.0	3712
HTX46_RS00095	34	95.359	1530	69	2	1	1529	1529	1	0.0	2431
HTX46_RS00100	17	97.753	356	8	0	1	356	37821	37466	1.27e-176	614
HTX46_RS00100	23	97.479	357	9	0	1	357	21540	21184	1.65e-175	610
HTX46_RS00105	23	98.442	385	6	0	1	385	21162	20778	0.0	678
HTX46_RS00110	23	100.000	261	0	0	1	261	20630	20370	2.69e-137	483
HTX46_RS00115	23	98.407	879	14	0	1	879	20359	19481	0.0	1546
HTX46_RS00120	23	97.203	858	6	1	1	840	19458	18601	0.0	1435
HTX46_RS00125	23	98.899	1272	14	0	1	1272	18575	17304	0.0	2272
HTX46_RS00130	23	98.058	618	12	0	1	618	17301	16684	0.0	1075
HTX46_RS00135	23	98.082	417	8	0	1	417	16700	16284	0.0	726
HTX46_RS00140	23	100.000	315	0	0	1	315	16284	15970	3.14e-167	582
HTX46_RS00145	23	99.324	1035	7	0	1	1035	15977	14943	0.0	1873
HTX46_RS00150	23	99.275	276	2	0	1	276	14953	14678	2.82e-142	499
HTX46_RS00155	23	100.000	390	0	0	1	390	14678	14289	0.0	721
HTX46_RS00160	23	99.793	483	1	0	1	483	14257	13775	0.0	887
HTX46_RS00165	23	99.782	459	1	0	1	459	13680	13222	0.0	843
HTX46_RS00170	23	99.559	2493	11	0	1	2493	13117	10625	0.0	4543
HTX46_RS00175	23	97.647	170	3	1	1	169	10668	10499	2.78e-79	291
HTX46_RS00180	23	96.907	2328	69	3	21	2346	10238	7912	0.0	3897
HTX46_RS00185	23	97.654	2259	53	0	1	2259	7925	5667	0.0	3879
HTX46_RS00190	23	100.000	786	0	0	1	786	5144	4359	0.0	1452
HTX46_RS00195	23	95.297	489	23	0	1	489	4353	3865	0.0	776
HTX46_RS00215	17	77.328	1310	270	24	11	1305	13172	14469	0.0	749
HTX46_RS00295	2	98.385	681	11	0	1	681	82882	83562	0.0	1197
HTX46_RS00295	47	99.732	373	1	0	32	404	373	1	0.0	684
HTX46_RS00295	23	99.639	277	1	0	405	681	1	277	4.36e-144	507
HTX46_RS00295	44	98.106	264	5	0	418	681	1000	737	3.44e-130	460
HTX46_RS00295	53	100.000	29	0	0	2	30	76	104	6.82e-08	54.7
HTX54_RS00780	38	99.398	166	1	0	1	166	1615	1450	5.06e-83	302
HTX54_RS00785	38	99.729	738	2	0	1	738	2297	1560	0.0	1352
HTX54_RS00790	38	97.222	72	2	0	25	96	2493	2422	2.16e-29	122
HTX54_RS00795	38	100.000	51	0	0	88	138	2576	2526	7.20e-21	95.3
HTV94_RS00920	8	96.368	468	17	0	1	468	33181	33648	0.0	771
HTV94_RS00925	8	95.726	117	5	0	1	117	33893	34009	2.67e-49	189
HTV94_RS00930	8	93.802	1920	119	0	1	1920	34025	35944	0.0	2887
HTV94_RS00935	8	89.222	167	18	0	2	168	36068	36234	3.09e-55	209
HTV94_RS00940	8	100.000	28	0	0	204	231	36269	36242	7.86e-08	52.8
HTX37_RS00095	38	97.222	72	2	0	25	96	2493	2422	2.16e-29	122
HTX37_RS00100	38	99.729	738	2	0	1	738	2297	1560	0.0	1352
HTX37_RS00105	38	99.398	166	1	0	1	166	1615	1450	5.06e-83	302
HTX59_RS00185	8	99.383	324	2	0	1	324	33325	33648	6.96e-169	588
HTX59_RS00190	8	99.145	117	1	0	1	117	33893	34009	5.69e-56	211
HTX59_RS00195	8	94.271	1920	110	0	1	1920	34025	35944	0.0	2937
HTY33_RS00480	38	97.222	72	2	0	25	96	2493	2422	2.16e-29	122
HTY33_RS00485	38	99.729	738	2	0	1	738	2297	1560	0.0	1352
HTY33_RS00490	38	99.398	166	1	0	1	166	1615	1450	5.06e-83	302
AR446_RS08745	39	100.000	795	0	0	1	795	2087	1293	0.0	1469
AT730_RS24080	5	100.000	29	0	0	25	53	11200	11172	7.79e-08	54.7
BE930_RS01665	38	97.222	72	2	0	25	96	2493	2422	2.16e-29	122
BE930_RS01670	38	99.729	738	2	0	1	738	2297	1560	0.0	1352
BE930_RS29690	38	99.398	166	1	0	1	166	1615	1450	5.06e-83	302
BVA20_RS15385	2	97.082	377	11	0	5	381	83186	83562	0.0	636
BVA20_RS15385	23	99.278	277	2	0	105	381	1	277	1.11e-142	501
BVA20_RS15385	44	97.727	264	6	0	118	381	1000	737	8.75e-129	455
BVA20_RS15385	47	100.000	100	0	0	5	104	100	1	1.27e-47	185
BVA20_RS15390	31	99.702	336	1	0	1	336	2365	2030	6.94e-177	616
BVA20_RS15390	31	98.328	299	3	1	383	681	2034	1738	4.33e-149	523
BVA20_RS15415	21	91.925	161	13	0	66	226	12581	12421	7.78e-60	226
BVA20_RS15440	2	98.238	681	12	0	1	681	82882	83562	0.0	1192
BVA20_RS15440	47	99.464	373	2	0	32	404	373	1	0.0	678
BVA20_RS15440	23	99.639	277	1	0	405	681	1	277	4.36e-144	507
BVA20_RS15440	44	98.106	264	5	0	418	681	1000	737	3.44e-130	460
BVA20_RS15440	53	100.000	29	0	0	2	30	76	104	6.82e-08	54.7
BVA20_RS15445	21	100.000	39	0	0	1282	1320	28224	28186	3.71e-13	73.1
BVA20_RS15450	35	100.000	566	0	0	1	566	3513	4078	0.0	1046
BVA20_RS15460	35	98.824	85	1	0	1	85	3241	3157	4.47e-37	152
BVA20_RS15465	9	80.039	1538	296	10	33	1566	82096	83626	0.0	1129
BVA20_RS15535	35	98.824	85	1	0	1	85	3241	3157	4.47e-37	152
BVA20_RS15595	21	89.152	1097	119	0	1	1097	20634	19538	0.0	1367
BVA20_RS15600	35	99.927	1377	1	0	1	1377	582	1958	0.0	2538
BVA20_RS15605	35	100.000	582	0	0	76	657	1	582	0.0	1075
BVA20_RS15610	27	99.677	1237	4	0	1	1237	12696	13932	0.0	2263
BVA20_RS17005	27	98.969	97	1	0	60	156	12581	12677	1.04e-44	174
BVA20_RS15625	27	99.715	351	1	0	1	351	12024	12374	0.0	643
BVA20_RS15625	21	99.000	100	1	0	351	450	21579	21678	7.02e-46	180
BVA20_RS17205	27	97.790	543	1	1	1	543	11337	11868	0.0	926
BVA20_RS15640	2	98.091	681	13	0	1	681	82882	83562	0.0	1186
BVA20_RS15640	47	99.464	373	2	0	32	404	373	1	0.0	678
BVA20_RS15640	23	99.639	277	1	0	405	681	1	277	4.36e-144	507
BVA20_RS15640	44	98.106	264	5	0	418	681	1000	737	3.44e-130	460
BVA20_RS15755	42	75.746	503	116	4	752	1251	640	141	5.44e-66	248
BVA20_RS15850	22	83.788	586	95	0	8	593	23084	23669	3.84e-159	556
BVA20_RS15870	2	98.091	681	13	0	1	681	82882	83562	0.0	1186
BVA20_RS15870	47	99.732	373	1	0	32	404	373	1	0.0	684
BVA20_RS15870	23	99.639	277	1	0	405	681	1	277	4.36e-144	507
BVA20_RS15870	44	98.106	264	5	0	418	681	1000	737	3.44e-130	460
BVA20_RS15920	35	95.857	1062	43	1	228	1289	3156	2096	0.0	1716
BVA20_RS15960	2	98.091	681	13	0	1	681	82882	83562	0.0	1186
BVA20_RS15960	47	99.196	373	3	0	32	404	373	1	0.0	673
BVA20_RS15960	23	98.917	277	3	0	405	681	1	277	9.43e-141	496
BVA20_RS15960	44	98.106	264	5	0	418	681	1000	737	3.44e-130	460
BVA20_RS15960	53	100.000	29	0	0	2	30	76	104	6.82e-08	54.7
BVA20_RS15985	2	98.385	681	11	0	1	681	82882	83562	0.0	1197
BVA20_RS15985	47	99.464	373	2	0	32	404	373	1	0.0	678
BVA20_RS15985	23	99.278	277	2	0	405	681	1	277	2.03e-142	501
BVA20_RS15985	44	98.485	264	4	0	418	681	1000	737	7.40e-132	466
BVA20_RS15985	53	100.000	29	0	0	2	30	76	104	6.82e-08	54.7
BVA20_RS16095	2	90.015	681	68	0	1	681	82882	83562	0.0	881
BVA20_RS16095	31	98.512	336	5	0	1	336	2365	2030	3.25e-170	593
BVA20_RS16095	23	99.639	277	1	0	405	681	1	277	4.36e-144	507
BVA20_RS16095	44	98.106	264	5	0	418	681	1000	737	3.44e-130	460
BVA20_RS16095	47	86.575	365	49	0	40	404	365	1	5.88e-113	403
BVA20_RS16125	31	99.405	336	2	0	1	336	2365	2030	3.23e-175	610
BVA20_RS16125	31	97.993	299	4	1	383	681	2034	1738	2.01e-147	518
BVA20_RS16140	31	98.328	299	3	1	14	312	2034	1738	1.91e-149	523
BVA20_RS16185	27	96.474	1191	42	0	1	1191	10627	9437	0.0	1967
BVA20_RS16185	31	99.254	134	0	1	226	358	6261	6128	8.66e-64	241
BVA20_RS16185	21	100.000	65	0	0	1	65	21464	21400	1.18e-27	121
BVA20_RS16190	28	98.201	1167	21	0	1	1167	231	1397	0.0	2039
BVA20_RS16195	21	99.226	1163	9	0	1	1163	21773	22935	0.0	2098
BVA20_RS16230	28	97.314	484	13	0	3	486	1989	1506	0.0	822
BVA20_RS16235	2	97.807	684	12	1	1	684	82882	83562	0.0	1177
BVA20_RS16235	47	99.732	373	1	0	32	404	373	1	0.0	684
BVA20_RS16235	23	98.214	280	2	1	405	684	1	277	5.70e-138	486
BVA20_RS16235	44	96.629	267	6	1	418	684	1000	737	4.50e-124	440
BVA20_RS16235	53	100.000	29	0	0	2	30	76	104	6.85e-08	54.7
BVA20_RS16360	21	99.312	1163	8	0	1	1163	21773	22935	0.0	2104
BVA20_RS16375	22	82.041	1509	259	12	1	1503	19850	18348	0.0	1275
BVA20_RS16380	22	80.615	650	120	6	37	683	20514	19868	2.66e-141	497
BVA20_RS16385	22	82.095	821	143	4	1	819	20706	21524	0.0	699
BVA20_RS16395	31	99.604	757	3	0	423	1179	6131	5375	0.0	1382
BVA20_RS16395	31	99.254	134	0	1	226	358	6261	6128	8.57e-64	241
BVA20_RS16395	27	84.680	829	111	13	1	821	10627	9807	0.0	813
BVA20_RS16395	21	100.000	65	0	0	1	65	21464	21400	1.16e-27	121
BVA20_RS16435	21	99.484	1163	6	0	1	1163	21773	22935	0.0	2115
BVA20_RS16445	21	99.691	1293	4	0	1	1293	20634	19342	0.0	2366
BVA20_RS16450	21	100.000	261	0	0	1	261	21168	20908	2.69e-137	483
BVA20_RS16455	31	86.658	757	101	0	423	1179	6131	5375	0.0	839
BVA20_RS16470	21	99.495	396	2	0	1	396	23878	23483	0.0	721
BVA20_RS16475	21	99.647	849	3	0	1	849	24739	23891	0.0	1552
BVA20_RS16480	21	100.000	828	0	0	1	828	25581	24754	0.0	1530
BVA20_RS16485	21	99.768	861	2	0	1	861	26453	25593	0.0	1580
BVA20_RS16490	21	99.573	1170	5	0	1	1170	26692	27861	0.0	2134
BVA20_RS16495	2	98.385	681	11	0	1	681	82882	83562	0.0	1197
BVA20_RS16495	47	99.732	373	1	0	32	404	373	1	0.0	684
BVA20_RS16495	23	98.917	277	3	0	405	681	1	277	9.43e-141	496
BVA20_RS16495	44	98.106	264	5	0	418	681	1000	737	3.44e-130	460
BVA20_RS16495	53	100.000	29	0	0	2	30	76	104	6.82e-08	54.7
BVA20_RS16515	23	98.305	177	3	0	1	177	101	277	8.74e-86	311
BVA20_RS16515	44	97.740	177	4	0	1	177	913	737	4.07e-84	305
BVA20_RS16515	2	97.740	177	4	0	1	177	83386	83562	4.07e-84	305
BVA20_RS16535	39	100.000	795	0	0	1	795	2087	1293	0.0	1469
BVA20_RS16540	38	100.000	73	0	0	12	84	2626	2554	2.34e-33	135
BVA20_RS16545	38	98.810	84	1	0	1	84	2505	2422	8.34e-38	150
BVA20_RS16550	38	99.729	738	2	0	1	738	2297	1560	0.0	1352
BVA20_RS16555	40	96.412	864	31	0	1	864	340	1203	0.0	1424
BVA20_RS16560	40	97.802	273	6	0	1	273	66	338	6.08e-134	472
BVA20_RS16565	51	100.000	135	0	0	27	161	135	1	2.34e-67	250
BVA20_RS16570	38	97.814	183	4	0	1	183	313	131	1.95e-87	316
BVA20_RS16575	2	98.385	681	11	0	1	681	82882	83562	0.0	1197
BVA20_RS16575	47	99.732	373	1	0	32	404	373	1	0.0	684
BVA20_RS16575	23	99.639	277	1	0	405	681	1	277	4.36e-144	507
BVA20_RS16575	44	98.106	264	5	0	418	681	1000	737	3.44e-130	460
BVA20_RS16575	53	100.000	29	0	0	2	30	76	104	6.82e-08	54.7
BVA20_RS16605	21	100.000	35	0	0	221	255	21698	21732	1.12e-11	65.8
BVA20_RS16610	21	99.398	1163	7	0	1	1163	21773	22935	0.0	2109
BVA20_RS16635	2	98.385	681	11	0	1	681	82882	83562	0.0	1197
BVA20_RS16635	47	99.732	373	1	0	32	404	373	1	0.0	684
BVA20_RS16635	23	99.639	277	1	0	405	681	1	277	4.36e-144	507
BVA20_RS16635	44	98.106	264	5	0	418	681	1000	737	3.44e-130	460
BVA20_RS16635	53	100.000	29	0	0	2	30	76	104	6.82e-08	54.7
BVA20_RS16660	2	98.385	681	11	0	1	681	82882	83562	0.0	1197
BVA20_RS16660	47	99.732	373	1	0	32	404	373	1	0.0	684
BVA20_RS16660	23	99.639	277	1	0	405	681	1	277	4.36e-144	507
BVA20_RS16660	44	98.106	264	5	0	418	681	1000	737	3.44e-130	460
BVA20_RS16660	53	100.000	29	0	0	2	30	76	104	6.82e-08	54.7
BVA20_RS16730	2	98.532	681	10	0	1	681	82882	83562	0.0	1203
BVA20_RS16730	47	99.732	373	1	0	32	404	373	1	0.0	684
BVA20_RS16730	23	99.278	277	2	0	405	681	1	277	2.03e-142	501
BVA20_RS16730	44	98.485	264	4	0	418	681	1000	737	7.40e-132	466
BVA20_RS16730	53	100.000	29	0	0	2	30	76	104	6.82e-08	54.7
BVA20_RS16770	2	98.385	681	11	0	1	681	82882	83562	0.0	1197
BVA20_RS16770	47	99.732	373	1	0	32	404	373	1	0.0	684
BVA20_RS16770	23	99.639	277	1	0	405	681	1	277	4.36e-144	507
BVA20_RS16770	44	98.106	264	5	0	418	681	1000	737	3.44e-130	460
BVA20_RS16770	53	100.000	29	0	0	2	30	76	104	6.82e-08	54.7
BVA20_RS16825	23	99.187	123	1	0	1	123	155	277	2.79e-59	222
BVA20_RS16825	44	98.319	119	2	0	5	123	855	737	2.17e-55	209
BVA20_RS16825	2	98.319	119	2	0	5	123	83444	83562	2.17e-55	209
BVA20_RS16830	2	98.532	681	10	0	1	681	82882	83562	0.0	1203
BVA20_RS16830	47	99.732	373	1	0	32	404	373	1	0.0	684
BVA20_RS16830	23	99.278	277	2	0	405	681	1	277	2.03e-142	501
BVA20_RS16830	44	98.485	264	4	0	418	681	1000	737	7.40e-132	466
BVA20_RS16830	53	100.000	29	0	0	2	30	76	104	6.82e-08	54.7
BVA20_RS16840	39	100.000	252	0	0	1	252	2431	2180	2.60e-132	466
BMI82_RS24970	38	97.222	72	2	0	25	96	2493	2422	2.16e-29	122
BMI82_RS24975	38	99.729	738	2	0	1	738	2297	1560	0.0	1352
BMI82_RS25595	38	99.398	166	1	0	1	166	1615	1450	5.06e-83	302
B4W80_RS14810	2	98.385	681	11	0	1	681	82882	83562	0.0	1197
B4W80_RS14810	47	99.732	373	1	0	32	404	373	1	0.0	684
B4W80_RS14810	23	99.639	277	1	0	405	681	1	277	4.36e-144	507
B4W80_RS14810	44	98.106	264	5	0	418	681	1000	737	3.44e-130	460
B4W80_RS14810	53	100.000	29	0	0	2	30	76	104	6.82e-08	54.7
B4W80_RS14895	2	98.385	681	11	0	1	681	82882	83562	0.0	1197
B4W80_RS14895	47	99.732	373	1	0	32	404	373	1	0.0	684
B4W80_RS14895	23	99.639	277	1	0	405	681	1	277	4.36e-144	507
B4W80_RS14895	44	98.106	264	5	0	418	681	1000	737	3.44e-130	460
B4W80_RS14895	53	100.000	29	0	0	2	30	76	104	6.82e-08	54.7
B4W80_RS14930	2	98.532	681	10	0	1	681	82882	83562	0.0	1203
B4W80_RS14930	47	99.732	373	1	0	32	404	373	1	0.0	684
B4W80_RS14930	23	99.278	277	2	0	405	681	1	277	2.03e-142	501
B4W80_RS14930	44	98.485	264	4	0	418	681	1000	737	7.40e-132	466
B4W80_RS14930	53	100.000	29	0	0	2	30	76	104	6.82e-08	54.7
B4W80_RS15305	2	98.385	681	11	0	1	681	82882	83562	0.0	1197
B4W80_RS15305	47	99.732	373	1	0	32	404	373	1	0.0	684
B4W80_RS15305	23	99.639	277	1	0	405	681	1	277	4.36e-144	507
B4W80_RS15305	44	98.106	264	5	0	418	681	1000	737	3.44e-130	460
B4W80_RS15305	53	100.000	29	0	0	2	30	76	104	6.82e-08	54.7
B4W80_RS15360	2	98.532	681	10	0	1	681	82882	83562	0.0	1203
B4W80_RS15360	47	99.732	373	1	0	32	404	373	1	0.0	684
B4W80_RS15360	23	99.278	277	2	0	405	681	1	277	2.03e-142	501
B4W80_RS15360	44	98.485	264	4	0	418	681	1000	737	7.40e-132	466
B4W80_RS15360	53	100.000	29	0	0	2	30	76	104	6.82e-08	54.7
B4W80_RS15395	2	98.385	681	11	0	1	681	82882	83562	0.0	1197
B4W80_RS15395	47	99.732	373	1	0	32	404	373	1	0.0	684
B4W80_RS15395	23	99.639	277	1	0	405	681	1	277	4.36e-144	507
B4W80_RS15395	44	98.106	264	5	0	418	681	1000	737	3.44e-130	460
B4W80_RS15395	53	100.000	29	0	0	2	30	76	104	6.82e-08	54.7
B4W80_RS15420	21	99.484	1163	6	0	1	1163	21773	22935	0.0	2115
B4W80_RS15430	21	99.691	1293	4	0	1	1293	20634	19342	0.0	2366
B4W80_RS15435	21	100.000	261	0	0	1	261	21168	20908	2.69e-137	483
B4W80_RS15440	31	86.658	757	101	0	423	1179	6131	5375	0.0	839
B4W80_RS15455	21	99.495	396	2	0	1	396	23878	23483	0.0	721
B4W80_RS15460	21	99.647	849	3	0	1	849	24739	23891	0.0	1552
B4W80_RS15465	21	100.000	828	0	0	1	828	25581	24754	0.0	1530
B4W80_RS15470	21	99.768	861	2	0	1	861	26453	25593	0.0	1580
B4W80_RS15475	21	99.573	1170	5	0	1	1170	26692	27861	0.0	2134
B4W80_RS15480	2	98.385	681	11	0	1	681	82882	83562	0.0	1197
B4W80_RS15480	47	99.732	373	1	0	32	404	373	1	0.0	684
B4W80_RS15480	23	98.917	277	3	0	405	681	1	277	9.43e-141	496
B4W80_RS15480	44	98.106	264	5	0	418	681	1000	737	3.44e-130	460
B4W80_RS15480	53	100.000	29	0	0	2	30	76	104	6.82e-08	54.7
B4W80_RS15500	23	98.305	177	3	0	1	177	101	277	8.74e-86	311
B4W80_RS15500	44	97.740	177	4	0	1	177	913	737	4.07e-84	305
B4W80_RS15500	2	97.740	177	4	0	1	177	83386	83562	4.07e-84	305
B4W80_RS15525	2	97.082	377	11	0	5	381	83186	83562	0.0	636
B4W80_RS15525	23	99.278	277	2	0	105	381	1	277	1.11e-142	501
B4W80_RS15525	44	97.727	264	6	0	118	381	1000	737	8.75e-129	455
B4W80_RS15525	47	100.000	100	0	0	5	104	100	1	1.27e-47	185
B4W80_RS15530	31	99.702	336	1	0	1	336	2365	2030	6.94e-177	616
B4W80_RS15530	31	98.328	299	3	1	383	681	2034	1738	4.33e-149	523
B4W80_RS15555	21	91.925	161	13	0	66	226	12581	12421	7.78e-60	226
B4W80_RS15580	2	98.238	681	12	0	1	681	82882	83562	0.0	1192
B4W80_RS15580	47	99.464	373	2	0	32	404	373	1	0.0	678
B4W80_RS15580	23	99.639	277	1	0	405	681	1	277	4.36e-144	507
B4W80_RS15580	44	98.106	264	5	0	418	681	1000	737	3.44e-130	460
B4W80_RS15580	53	100.000	29	0	0	2	30	76	104	6.82e-08	54.7
B4W80_RS15585	21	100.000	39	0	0	1282	1320	28224	28186	3.71e-13	73.1
B4W80_RS15590	35	100.000	566	0	0	1	566	3513	4078	0.0	1046
B4W80_RS15600	35	98.824	85	1	0	1	85	3241	3157	4.47e-37	152
B4W80_RS15605	9	80.039	1538	296	10	33	1566	82096	83626	0.0	1129
B4W80_RS15675	35	98.824	85	1	0	1	85	3241	3157	4.47e-37	152
B4W80_RS15735	21	89.152	1097	119	0	1	1097	20634	19538	0.0	1367
B4W80_RS15740	35	99.927	1377	1	0	1	1377	582	1958	0.0	2538
B4W80_RS15745	35	100.000	582	0	0	76	657	1	582	0.0	1075
B4W80_RS15750	27	99.677	1237	4	0	1	1237	12696	13932	0.0	2263
B4W80_RS16785	27	98.969	97	1	0	60	156	12581	12677	1.04e-44	174
B4W80_RS15765	27	99.715	351	1	0	1	351	12024	12374	0.0	643
B4W80_RS15765	21	99.000	100	1	0	351	450	21579	21678	7.02e-46	180
B4W80_RS17005	27	97.790	543	1	1	1	543	11337	11868	0.0	926
B4W80_RS15780	2	98.091	681	13	0	1	681	82882	83562	0.0	1186
B4W80_RS15780	47	99.464	373	2	0	32	404	373	1	0.0	678
B4W80_RS15780	23	99.639	277	1	0	405	681	1	277	4.36e-144	507
B4W80_RS15780	44	98.106	264	5	0	418	681	1000	737	3.44e-130	460
B4W80_RS15810	2	90.015	681	68	0	1	681	82882	83562	0.0	881
B4W80_RS15810	31	98.512	336	5	0	1	336	2365	2030	3.25e-170	593
B4W80_RS15810	23	99.639	277	1	0	405	681	1	277	4.36e-144	507
B4W80_RS15810	44	98.106	264	5	0	418	681	1000	737	3.44e-130	460
B4W80_RS15810	47	86.575	365	49	0	40	404	365	1	5.88e-113	403
B4W80_RS15920	2	98.385	681	11	0	1	681	82882	83562	0.0	1197
B4W80_RS15920	47	99.464	373	2	0	32	404	373	1	0.0	678
B4W80_RS15920	23	99.278	277	2	0	405	681	1	277	2.03e-142	501
B4W80_RS15920	44	98.485	264	4	0	418	681	1000	737	7.40e-132	466
B4W80_RS15920	53	100.000	29	0	0	2	30	76	104	6.82e-08	54.7
B4W80_RS15945	2	98.091	681	13	0	1	681	82882	83562	0.0	1186
B4W80_RS15945	47	99.196	373	3	0	32	404	373	1	0.0	673
B4W80_RS15945	23	98.917	277	3	0	405	681	1	277	9.43e-141	496
B4W80_RS15945	44	98.106	264	5	0	418	681	1000	737	3.44e-130	460
B4W80_RS15945	53	100.000	29	0	0	2	30	76	104	6.82e-08	54.7
B4W80_RS15985	35	95.857	1062	43	1	228	1289	3156	2096	0.0	1716
B4W80_RS16035	2	98.091	681	13	0	1	681	82882	83562	0.0	1186
B4W80_RS16035	47	99.732	373	1	0	32	404	373	1	0.0	684
B4W80_RS16035	23	99.639	277	1	0	405	681	1	277	4.36e-144	507
B4W80_RS16035	44	98.106	264	5	0	418	681	1000	737	3.44e-130	460
B4W80_RS16055	22	83.788	586	95	0	8	593	23084	23669	3.84e-159	556
B4W80_RS16150	42	75.746	503	116	4	752	1251	640	141	5.44e-66	248
B4W80_RS16265	2	98.091	681	13	0	1	681	82882	83562	0.0	1186
B4W80_RS16265	47	99.464	373	2	0	32	404	373	1	0.0	678
B4W80_RS16265	23	99.639	277	1	0	405	681	1	277	4.36e-144	507
B4W80_RS16265	44	98.106	264	5	0	418	681	1000	737	3.44e-130	460
B4W80_RS17025	27	97.790	543	1	1	1	543	11337	11868	0.0	926
B4W80_RS16280	27	99.715	351	1	0	1	351	12024	12374	0.0	643
B4W80_RS16280	21	99.000	100	1	0	351	450	21579	21678	7.02e-46	180
B4W80_RS16825	27	98.969	97	1	0	60	156	12581	12677	1.04e-44	174
B4W80_RS16295	27	99.677	1237	4	0	1	1237	12696	13932	0.0	2263
B4W80_RS16300	35	100.000	582	0	0	76	657	1	582	0.0	1075
B4W80_RS16305	35	99.927	1377	1	0	1	1377	582	1958	0.0	2538
B4W80_RS16310	21	89.152	1097	119	0	1	1097	20634	19538	0.0	1367
B4W80_RS16835	35	98.780	82	1	0	1	82	3238	3157	2.07e-35	147
B4W80_RS16380	38	100.000	192	0	0	1	192	2297	2106	4.36e-99	355
B4W80_RS16385	38	98.810	84	1	0	1	84	2505	2422	8.34e-38	150
B4W80_RS16390	38	100.000	73	0	0	12	84	2626	2554	2.34e-33	135
B4W80_RS16395	39	100.000	795	0	0	1	795	2087	1293	0.0	1469
B4W80_RS16400	39	100.000	252	0	0	1	252	2431	2180	2.60e-132	466
B4W80_RS16410	2	97.732	529	12	0	6	534	83034	83562	0.0	911
B4W80_RS16410	23	99.639	277	1	0	258	534	1	277	3.39e-144	507
B4W80_RS16410	44	98.106	264	5	0	271	534	1000	737	2.68e-130	460
B4W80_RS16410	47	99.598	249	1	0	9	257	249	1	1.25e-128	455
B4W80_RS16420	2	100.000	162	0	0	1	162	82882	83043	1.71e-82	300
B4W80_RS16420	47	100.000	131	0	0	32	162	373	243	2.92e-65	243
B4W80_RS16420	53	100.000	29	0	0	2	30	76	104	1.47e-08	54.7
B4W80_RS16445	2	98.385	681	11	0	1	681	82882	83562	0.0	1197
B4W80_RS16445	47	99.732	373	1	0	32	404	373	1	0.0	684
B4W80_RS16445	23	99.639	277	1	0	405	681	1	277	4.36e-144	507
B4W80_RS16445	44	98.106	264	5	0	418	681	1000	737	3.44e-130	460
B4W80_RS16445	53	100.000	29	0	0	2	30	76	104	6.82e-08	54.7
B4W80_RS16465	21	99.615	519	2	0	1	519	22417	22935	0.0	948
B4W80_RS16470	2	98.385	681	11	0	1	681	82882	83562	0.0	1197
B4W80_RS16470	47	99.732	373	1	0	32	404	373	1	0.0	684
B4W80_RS16470	23	99.639	277	1	0	405	681	1	277	4.36e-144	507
B4W80_RS16470	44	98.106	264	5	0	418	681	1000	737	3.44e-130	460
B4W80_RS16470	53	100.000	29	0	0	2	30	76	104	6.82e-08	54.7
B4W80_RS16475	21	100.000	35	0	0	221	255	21698	21732	1.12e-11	65.8
B4W80_RS16500	53	100.000	37	0	0	279	315	1	37	1.09e-12	69.4
B4W80_RS16500	2	100.000	37	0	0	279	315	82808	82844	1.09e-12	69.4
B4W80_RS16505	2	98.385	681	11	0	1	681	82882	83562	0.0	1197
B4W80_RS16505	47	99.732	373	1	0	32	404	373	1	0.0	684
B4W80_RS16505	23	99.639	277	1	0	405	681	1	277	4.36e-144	507
B4W80_RS16505	44	98.106	264	5	0	418	681	1000	737	3.44e-130	460
B4W80_RS16505	53	100.000	29	0	0	2	30	76	104	6.82e-08	54.7
CA268_RS26755	38	97.222	72	2	0	25	96	2493	2422	2.16e-29	122
CA268_RS26760	38	99.729	738	2	0	1	738	2297	1560	0.0	1352
CA268_RS30655	38	99.398	166	1	0	1	166	1615	1450	5.06e-83	302
BUW91_RS28140	41	90.781	1562	125	16	5	1551	1622	65	0.0	2069
BUW91_RS28505	19	98.611	72	1	0	1	72	148	219	3.19e-31	128
BUW91_RS28505	6	98.611	72	1	0	1	72	154606	154535	3.19e-31	128
BUW91_RS28505	6	98.611	72	1	0	1	72	155372	155301	3.19e-31	128
BUW91_RS28520	36	87.276	2955	315	47	3	2937	3127	214	0.0	3317
BXT91_RS15325	21	74.150	1323	307	31	37	1341	18686	17381	1.46e-146	516
B4W81_RS15340	42	75.746	503	116	4	752	1251	640	141	5.44e-66	248
B4W81_RS15440	27	89.214	1196	119	8	1	1191	10627	9437	0.0	1485
B4W81_RS15445	31	99.702	336	1	0	1	336	2365	2030	6.94e-177	616
B4W81_RS15445	31	98.328	299	3	1	383	681	2034	1738	4.33e-149	523
B4W81_RS15545	21	99.140	1163	10	0	1	1163	21773	22935	0.0	2093
B4W81_RS15550	31	98.328	299	3	1	266	564	2034	1738	3.57e-149	523
B4W81_RS15550	31	99.543	219	1	0	1	219	2248	2030	6.27e-112	399
B4W81_RS15555	31	97.959	49	1	0	1	49	1732	1684	1.45e-17	86.1
B4W81_RS15595	2	98.091	681	13	0	1	681	82882	83562	0.0	1186
B4W81_RS15595	47	99.464	373	2	0	32	404	373	1	0.0	678
B4W81_RS15595	23	99.639	277	1	0	405	681	1	277	4.36e-144	507
B4W81_RS15595	44	98.106	264	5	0	418	681	1000	737	3.44e-130	460
B4W81_RS15610	27	97.561	492	1	1	1	492	11388	11868	0.0	832
B4W81_RS15615	27	99.715	351	1	0	1	351	12024	12374	0.0	643
B4W81_RS15615	21	99.000	100	1	0	351	450	21579	21678	7.02e-46	180
B4W81_RS17735	27	98.969	97	1	0	60	156	12581	12677	1.04e-44	174
B4W81_RS15630	27	99.677	1237	4	0	1	1237	12696	13932	0.0	2263
B4W81_RS15635	35	100.000	582	0	0	76	657	1	582	0.0	1075
B4W81_RS15640	35	99.927	1377	1	0	1	1377	582	1958	0.0	2538
B4W81_RS15645	21	89.152	1097	119	0	1	1097	20634	19538	0.0	1367
B4W81_RS15705	35	98.824	85	1	0	1	85	3241	3157	4.47e-37	152
B4W81_RS15830	9	80.039	1538	296	10	33	1566	82096	83626	0.0	1129
B4W81_RS15835	35	98.824	85	1	0	1	85	3241	3157	4.47e-37	152
B4W81_RS15845	35	100.000	566	0	0	1	566	3513	4078	0.0	1046
B4W81_RS15850	21	100.000	39	0	0	1282	1320	28224	28186	3.71e-13	73.1
B4W81_RS15855	2	98.238	681	12	0	1	681	82882	83562	0.0	1192
B4W81_RS15855	47	99.464	373	2	0	32	404	373	1	0.0	678
B4W81_RS15855	23	99.639	277	1	0	405	681	1	277	4.36e-144	507
B4W81_RS15855	44	98.106	264	5	0	418	681	1000	737	3.44e-130	460
B4W81_RS15855	53	100.000	29	0	0	2	30	76	104	6.82e-08	54.7
B4W81_RS15875	21	91.925	161	13	0	66	226	12581	12421	7.78e-60	226
B4W81_RS15900	31	99.702	336	1	0	1	336	2365	2030	6.94e-177	616
B4W81_RS15900	31	98.328	299	3	1	383	681	2034	1738	4.33e-149	523
B4W81_RS15925	23	98.305	177	3	0	1	177	101	277	8.74e-86	311
B4W81_RS15925	44	97.740	177	4	0	1	177	913	737	4.07e-84	305
B4W81_RS15925	2	97.740	177	4	0	1	177	83386	83562	4.07e-84	305
B4W81_RS15945	2	98.385	681	11	0	1	681	82882	83562	0.0	1197
B4W81_RS15945	47	99.732	373	1	0	32	404	373	1	0.0	684
B4W81_RS15945	23	98.917	277	3	0	405	681	1	277	9.43e-141	496
B4W81_RS15945	44	98.106	264	5	0	418	681	1000	737	3.44e-130	460
B4W81_RS15945	53	100.000	29	0	0	2	30	76	104	6.82e-08	54.7
B4W81_RS15950	21	99.573	702	3	0	1	702	27160	27861	0.0	1280
B4W81_RS15985	2	98.385	681	11	0	1	681	82882	83562	0.0	1197
B4W81_RS15985	47	99.732	373	1	0	32	404	373	1	0.0	684
B4W81_RS15985	23	99.639	277	1	0	405	681	1	277	4.36e-144	507
B4W81_RS15985	44	98.106	264	5	0	418	681	1000	737	3.44e-130	460
B4W81_RS15985	53	100.000	29	0	0	2	30	76	104	6.82e-08	54.7
B4W81_RS15995	2	90.015	681	68	0	1	681	82882	83562	0.0	881
B4W81_RS15995	31	98.512	336	5	0	1	336	2365	2030	3.25e-170	593
B4W81_RS15995	23	99.639	277	1	0	405	681	1	277	4.36e-144	507
B4W81_RS15995	44	98.106	264	5	0	418	681	1000	737	3.44e-130	460
B4W81_RS15995	47	86.575	365	49	0	40	404	365	1	5.88e-113	403
B4W81_RS16025	31	99.405	336	2	0	1	336	2365	2030	3.23e-175	610
B4W81_RS16025	31	97.993	299	4	1	383	681	2034	1738	2.01e-147	518
B4W81_RS16155	2	98.238	681	12	0	1	681	82882	83562	0.0	1192
B4W81_RS16155	47	99.464	373	2	0	32	404	373	1	0.0	678
B4W81_RS16155	23	99.639	277	1	0	405	681	1	277	4.36e-144	507
B4W81_RS16155	44	98.106	264	5	0	418	681	1000	737	3.44e-130	460
B4W81_RS16155	53	100.000	29	0	0	2	30	76	104	6.82e-08	54.7
B4W81_RS17750	21	98.990	99	1	0	1	99	21580	21678	4.71e-46	178
B4W81_RS16185	22	89.226	594	64	0	3	596	23079	23672	0.0	743
B4W81_RS16200	31	99.107	336	3	0	1	336	2365	2030	1.50e-173	604
B4W81_RS16200	31	98.328	299	3	1	383	681	2034	1738	4.33e-149	523
B4W81_RS16365	21	99.484	1163	6	0	1	1163	21773	22935	0.0	2115
B4W81_RS16380	22	81.921	1510	259	14	1	1503	19850	18348	0.0	1264
B4W81_RS16385	22	80.615	650	120	6	37	683	20514	19868	2.66e-141	497
B4W81_RS16390	22	82.339	821	141	4	1	819	20706	21524	0.0	710
B4W81_RS16450	2	98.385	681	11	0	1	681	82882	83562	0.0	1197
B4W81_RS16450	47	99.464	373	2	0	32	404	373	1	0.0	678
B4W81_RS16450	23	99.278	277	2	0	405	681	1	277	2.03e-142	501
B4W81_RS16450	44	98.485	264	4	0	418	681	1000	737	7.40e-132	466
B4W81_RS16450	53	100.000	29	0	0	2	30	76	104	6.82e-08	54.7
B4W81_RS16475	2	98.091	681	13	0	1	681	82882	83562	0.0	1186
B4W81_RS16475	47	99.196	373	3	0	32	404	373	1	0.0	673
B4W81_RS16475	23	98.917	277	3	0	405	681	1	277	9.43e-141	496
B4W81_RS16475	44	98.106	264	5	0	418	681	1000	737	3.44e-130	460
B4W81_RS16475	53	100.000	29	0	0	2	30	76	104	6.82e-08	54.7
B4W81_RS16515	35	95.857	1062	43	1	228	1289	3156	2096	0.0	1716
B4W81_RS16565	2	98.091	681	13	0	1	681	82882	83562	0.0	1186
B4W81_RS16565	47	99.732	373	1	0	32	404	373	1	0.0	684
B4W81_RS16565	23	99.639	277	1	0	405	681	1	277	4.36e-144	507
B4W81_RS16565	44	98.106	264	5	0	418	681	1000	737	3.44e-130	460
B4W81_RS16585	22	83.788	586	95	0	8	593	23084	23669	3.84e-159	556
B4W81_RS16630	2	98.206	669	10	2	1	667	82882	83550	0.0	1168
B4W81_RS16630	47	99.464	373	1	1	32	403	373	1	0.0	676
B4W81_RS16630	23	99.245	265	1	1	404	667	1	265	3.34e-135	477
B4W81_RS16630	44	98.016	252	4	1	417	667	1000	749	5.68e-123	436
B4W81_RS16630	53	100.000	29	0	0	2	30	76	104	6.68e-08	54.7
B4W81_RS16660	2	98.238	681	11	1	1	680	82882	83562	0.0	1190
B4W81_RS16660	47	99.732	373	1	0	32	404	373	1	0.0	684
B4W81_RS16660	23	99.278	277	1	1	405	680	1	277	7.28e-142	499
B4W81_RS16660	44	97.727	264	5	1	418	680	1000	737	5.75e-128	453
B4W81_RS16660	53	100.000	29	0	0	2	30	76	104	6.81e-08	54.7
B4W81_RS16665	53	100.000	37	0	0	279	315	1	37	1.09e-12	69.4
B4W81_RS16665	2	100.000	37	0	0	279	315	82808	82844	1.09e-12	69.4
B4W81_RS16690	21	100.000	35	0	0	221	255	21698	21732	1.12e-11	65.8
B4W81_RS16695	2	98.385	681	11	0	1	681	82882	83562	0.0	1197
B4W81_RS16695	47	99.732	373	1	0	32	404	373	1	0.0	684
B4W81_RS16695	23	99.639	277	1	0	405	681	1	277	4.36e-144	507
B4W81_RS16695	44	98.106	264	5	0	418	681	1000	737	3.44e-130	460
B4W81_RS16695	53	100.000	29	0	0	2	30	76	104	6.82e-08	54.7
B4W81_RS16700	21	99.615	519	2	0	1	519	22417	22935	0.0	948
B4W81_RS16720	2	98.385	681	11	0	1	681	82882	83562	0.0	1197
B4W81_RS16720	47	99.732	373	1	0	32	404	373	1	0.0	684
B4W81_RS16720	23	99.639	277	1	0	405	681	1	277	4.36e-144	507
B4W81_RS16720	44	98.106	264	5	0	418	681	1000	737	3.44e-130	460
B4W81_RS16720	53	100.000	29	0	0	2	30	76	104	6.82e-08	54.7
B4W81_RS16745	2	100.000	162	0	0	1	162	82882	83043	1.71e-82	300
B4W81_RS16745	47	100.000	131	0	0	32	162	373	243	2.92e-65	243
B4W81_RS16745	53	100.000	29	0	0	2	30	76	104	1.47e-08	54.7
B4W81_RS17265	2	96.769	681	11	1	1	670	82882	83562	0.0	1125
B4W81_RS17265	47	96.783	373	1	1	32	393	373	1	8.83e-176	612
B4W81_RS17265	23	99.639	277	1	0	394	670	1	277	4.29e-144	507
B4W81_RS17265	44	98.106	264	5	0	407	670	1000	737	3.38e-130	460
B4W81_RS17265	53	100.000	29	0	0	2	30	76	104	6.71e-08	54.7
B4W81_RS17350	2	96.769	681	11	1	1	670	82882	83562	0.0	1125
B4W81_RS17350	47	96.783	373	1	1	32	393	373	1	8.83e-176	612
B4W81_RS17350	23	99.639	277	1	0	394	670	1	277	4.29e-144	507
B4W81_RS17350	44	98.106	264	5	0	407	670	1000	737	3.38e-130	460
B4W81_RS17350	53	100.000	29	0	0	2	30	76	104	6.71e-08	54.7
B4W81_RS17390	2	98.385	681	11	0	1	681	82882	83562	0.0	1197
B4W81_RS17390	47	99.732	373	1	0	32	404	373	1	0.0	684
B4W81_RS17390	23	99.639	277	1	0	405	681	1	277	4.36e-144	507
B4W81_RS17390	44	98.106	264	5	0	418	681	1000	737	3.44e-130	460
B4W81_RS17390	53	100.000	29	0	0	2	30	76	104	6.82e-08	54.7
B4W81_RS17410	2	98.494	664	10	0	1	664	82882	83545	0.0	1171
B4W81_RS17410	47	99.732	373	1	0	32	404	373	1	0.0	684
B4W81_RS17410	23	99.615	260	1	0	405	664	1	260	1.24e-134	475
B4W81_RS17410	44	98.381	247	4	0	418	664	1000	754	2.10e-122	435
B4W81_RS17410	53	100.000	29	0	0	2	30	76	104	6.89e-08	54.7
B4W81_RS17420	39	100.000	252	0	0	1	252	2431	2180	2.60e-132	466
B4W81_RS17425	39	100.000	795	0	0	1	795	2087	1293	0.0	1469
B4W81_RS17430	38	100.000	73	0	0	12	84	2626	2554	2.34e-33	135
B4W81_RS17435	38	98.810	84	1	0	1	84	2505	2422	8.34e-38	150
B4W81_RS17440	38	99.729	738	2	0	1	738	2297	1560	0.0	1352
B4W81_RS17445	40	96.412	864	31	0	1	864	340	1203	0.0	1424
B4W81_RS17450	40	97.802	273	6	0	1	273	66	338	6.08e-134	472
B4W81_RS17455	51	100.000	135	0	0	27	161	135	1	2.34e-67	250
B4W81_RS17460	38	98.062	258	5	0	1	258	388	131	2.69e-127	449
B4W81_RS17465	2	98.385	681	11	0	1	681	82882	83562	0.0	1197
B4W81_RS17465	47	99.732	373	1	0	32	404	373	1	0.0	684
B4W81_RS17465	23	99.639	277	1	0	405	681	1	277	4.36e-144	507
B4W81_RS17465	44	98.106	264	5	0	418	681	1000	737	3.44e-130	460
B4W81_RS17465	53	100.000	29	0	0	2	30	76	104	6.82e-08	54.7
B4W81_RS17470	2	100.000	171	0	0	1	171	82977	82807	1.01e-86	316
B4W81_RS17470	53	99.038	104	1	0	67	170	104	1	8.28e-48	187
B4W81_RS17470	47	100.000	65	0	0	1	65	309	373	8.52e-28	121
B4W81_RS17505	2	98.385	681	11	0	1	681	82882	83562	0.0	1197
B4W81_RS17505	47	99.732	373	1	0	32	404	373	1	0.0	684
B4W81_RS17505	23	99.639	277	1	0	405	681	1	277	4.36e-144	507
B4W81_RS17505	44	98.106	264	5	0	418	681	1000	737	3.44e-130	460
B4W81_RS17505	53	100.000	29	0	0	2	30	76	104	6.82e-08	54.7
B4W81_RS17535	2	98.385	681	11	0	1	681	82882	83562	0.0	1197
B4W81_RS17535	47	99.732	373	1	0	32	404	373	1	0.0	684
B4W81_RS17535	23	99.639	277	1	0	405	681	1	277	4.36e-144	507
B4W81_RS17535	44	98.106	264	5	0	418	681	1000	737	3.44e-130	460
B4W81_RS17535	53	100.000	29	0	0	2	30	76	104	6.82e-08	54.7
B4W81_RS17540	53	100.000	37	0	0	279	315	1	37	1.09e-12	69.4
B4W81_RS17540	2	100.000	37	0	0	279	315	82808	82844	1.09e-12	69.4
B4W81_RS17565	21	100.000	35	0	0	221	255	21698	21732	1.12e-11	65.8
B4W81_RS17570	2	98.385	681	11	0	1	681	82882	83562	0.0	1197
B4W81_RS17570	47	99.732	373	1	0	32	404	373	1	0.0	684
B4W81_RS17570	23	99.639	277	1	0	405	681	1	277	4.36e-144	507
B4W81_RS17570	44	98.106	264	5	0	418	681	1000	737	3.44e-130	460
B4W81_RS17570	53	100.000	29	0	0	2	30	76	104	6.82e-08	54.7
B4W81_RS17575	21	99.615	519	2	0	1	519	22417	22935	0.0	948
B4W81_RS17595	2	98.385	681	11	0	1	681	82882	83562	0.0	1197
B4W81_RS17595	47	99.732	373	1	0	32	404	373	1	0.0	684
B4W81_RS17595	23	99.639	277	1	0	405	681	1	277	4.36e-144	507
B4W81_RS17595	44	98.106	264	5	0	418	681	1000	737	3.44e-130	460
B4W81_RS17595	53	100.000	29	0	0	2	30	76	104	6.82e-08	54.7
B4W81_RS17620	2	99.394	165	0	1	1	165	82882	83045	6.33e-82	298
B4W81_RS17620	47	99.254	134	0	1	32	165	373	241	1.08e-64	241
B4W81_RS17620	53	100.000	29	0	0	2	30	76	104	1.51e-08	54.7
A6B47_RS14270	24	82.599	454	67	11	571	1017	16349	16797	6.91e-109	390
A6B47_RS14475	23	90.215	419	41	0	145	563	1553	1135	2.19e-156	547
A6B47_RS14475	17	84.773	440	63	4	145	582	9077	8640	1.37e-123	438
A6B47_RS14480	17	96.273	322	9	3	1	320	8634	8314	5.46e-150	525
A6B47_RS14485	17	95.876	97	4	0	141	237	8315	8219	1.66e-39	158
A6B47_RS14490	17	95.935	246	10	0	1	246	8206	7961	2.61e-112	399
A6B47_RS14540	24	93.798	387	24	0	1	387	2290	1904	3.91e-167	582
A6B47_RS14630	2	96.422	1034	25	1	2	1023	73065	72032	0.0	1694
A6B47_RS14640	33	93.122	567	39	0	1	567	1923	2489	0.0	832
A6B47_RS14645	33	95.833	192	8	0	1	192	2506	2697	9.57e-86	311
A6B47_RS14650	33	92.551	537	40	0	1	537	2726	3262	0.0	771
A6B47_RS14650	24	84.944	538	77	4	2	537	6162	6697	9.35e-155	542
A6B47_RS14655	20	96.000	150	6	0	1	150	28224	28373	7.44e-66	244
A6B47_RS14660	9	86.857	350	44	2	1	349	101541	101193	2.48e-109	390
A6B47_RS14660	34	85.795	352	44	4	1	349	1529	1181	1.16e-102	368
A6B47_RS14665	24	91.166	283	23	2	7	288	10064	10345	3.10e-107	383
A6B47_RS14670	24	91.146	192	17	0	1	192	10339	10530	9.95e-71	261
A6B47_RS14680	33	90.918	2004	180	2	25	2027	3562	5564	0.0	2691
A6B47_RS14685	20	96.682	211	7	0	1	211	28107	28317	8.36e-98	351
A6B47_RS14690	20	95.763	118	5	0	1	118	27612	27729	7.64e-50	191
A6B47_RS14695	20	93.600	125	8	0	5	129	27191	27315	1.57e-48	187
A6B47_RS14695	20	100.000	59	0	0	122	180	27470	27528	3.49e-25	110
A6B47_RS14915	24	93.710	620	39	0	1	620	9421	10040	0.0	929
A6B47_RS14970	24	100.000	1008	0	0	1	1008	15790	16797	0.0	1862
A6B47_RS14975	24	99.939	1639	0	1	1	1639	16956	18593	0.0	3020
A6B47_RS14980	24	100.000	1155	0	0	1	1155	18604	19758	0.0	2134
A6B47_RS14995	29	93.485	307	18	2	1	306	941	636	6.92e-129	455
A6B47_RS15000	34	98.047	2048	40	0	626	2673	4979	2932	0.0	3561
A6B47_RS15000	9	89.564	1974	193	13	627	2596	104091	102127	0.0	2492
A6B47_RS15000	29	96.480	625	22	0	1	625	625	1	0.0	1033
A6B47_RS15005	9	90.166	3854	343	28	1	3833	101541	97703	0.0	4985
A6B47_RS15005	17	95.830	2398	91	1	1530	3918	40279	37882	0.0	3866
A6B47_RS15005	23	95.312	2389	110	2	1531	3918	23989	21602	0.0	3790
A6B47_RS15005	34	94.118	1530	88	2	1	1529	1529	1	0.0	2326
A6B47_RS15010	23	98.880	357	1	1	1	354	21540	21184	0.0	634
A6B47_RS15010	17	95.506	356	13	1	1	353	37821	37466	3.58e-162	566
A6B47_RS15015	23	87.949	390	37	10	1	385	21162	20778	1.15e-127	451
A6B47_RS15020	23	100.000	261	0	0	1	261	20630	20370	2.69e-137	483
A6B47_RS15025	23	98.180	879	16	0	1	879	20359	19481	0.0	1535
A6B47_RS15030	23	99.650	858	3	0	1	858	19458	18601	0.0	1568
A6B47_RS15035	23	98.899	1272	14	0	1	1272	18575	17304	0.0	2272
A6B47_RS15040	23	98.867	618	7	0	1	618	17301	16684	0.0	1103
A6B47_RS15045	23	98.561	417	6	0	1	417	16700	16284	0.0	737
A6B47_RS15050	23	100.000	315	0	0	1	315	16284	15970	3.14e-167	582
A6B47_RS15055	23	99.227	1035	8	0	1	1035	15977	14943	0.0	1868
A6B47_RS15060	23	99.638	276	1	0	1	276	14953	14678	6.06e-144	505
A6B47_RS15065	23	100.000	390	0	0	1	390	14678	14289	0.0	721
A6B47_RS15070	23	99.793	483	1	0	1	483	14257	13775	0.0	887
A6B47_RS15075	23	100.000	459	0	0	1	459	13680	13222	0.0	848
A6B47_RS15080	23	99.479	2493	13	0	1	2493	13117	10625	0.0	4532
A6B47_RS15085	23	97.059	170	4	1	1	169	10668	10499	1.30e-77	285
A6B47_RS15090	23	97.294	2328	60	3	21	2346	10238	7912	0.0	3947
A6B47_RS15095	23	97.425	2252	55	3	1	2252	7925	5677	0.0	3834
A6B47_RS15105	23	98.752	561	7	0	226	786	4919	4359	0.0	998
A6B47_RS15110	23	99.591	489	2	0	1	489	4353	3865	0.0	893
A6B47_RS15115	23	98.502	267	4	0	1	267	3273	3007	5.93e-134	472
A6B47_RS15120	23	98.371	491	8	0	1	491	2974	2484	0.0	863
A6B47_RS15125	23	99.520	417	2	0	1	417	2137	1721	0.0	760
A6B47_RS15130	23	88.194	576	68	0	1	576	1697	1122	0.0	688
A6B47_RS15130	17	82.953	569	77	13	19	572	9212	8649	8.07e-141	496
A6B47_RS15140	23	99.248	266	2	0	2	267	1001	736	9.86e-137	481
A6B47_RS15145	23	99.638	276	1	0	1	276	743	468	6.06e-144	505
A6B47_RS15160	17	91.146	192	17	0	1	192	11473	11664	9.78e-71	261
A6B47_RS15165	17	85.612	556	76	3	1	554	12383	12936	2.91e-166	580
A6B47_RS15215	24	96.165	339	13	0	1	339	455	793	7.40e-159	555
A6B47_RS15240	24	89.711	622	62	2	1	621	9421	10041	0.0	793
A6B47_RS15245	24	95.541	314	14	0	2	315	10032	10345	2.51e-143	503
A6B47_RS15250	24	98.222	225	4	0	1	225	10339	10563	1.10e-110	394
A6B47_RS15255	24	98.095	210	4	0	1	210	10624	10833	2.22e-102	366
A6B47_RS15260	24	96.370	303	11	0	1	303	10845	11147	3.12e-142	499
A6B47_RS15265	24	98.423	1332	18	2	1	1332	11574	12902	0.0	2340
A6B47_RS15270	24	100.000	351	0	0	1	351	12899	13249	0.0	649
A6B47_RS15280	24	100.000	111	0	0	1	111	13500	13610	2.49e-54	206
A6B47_RS15285	24	99.663	297	1	0	1	297	13850	14146	1.39e-155	544
A6B47_RS15290	24	100.000	783	0	0	1	783	14400	15182	0.0	1447
A6B47_RS15295	24	100.000	357	0	0	1	357	15175	15531	0.0	660
BQ1177_RS09240	3	73.403	1143	268	33	280	1404	109188	108064	7.42e-110	394
EP161_RS08565	5	94.286	35	2	0	784	818	31032	30998	8.78e-08	54.7
DAT869_RS08100	5	94.286	35	2	0	784	818	31032	30998	8.78e-08	54.7
DAT869_RS08305	6	76.423	123	21	6	400	521	57983	57868	1.43e-09	60.2
EP162_RS08500	5	94.286	35	2	0	784	818	31032	30998	8.78e-08	54.7
CSC3H3_RS20725	36	79.424	1181	186	42	1485	2638	1487	337	0.0	782
CSC3H3_RS20725	36	76.829	1066	209	32	347	1397	2727	1685	2.94e-161	566
CSC3H3_RS20740	41	82.300	1339	180	37	205	1501	1384	61	0.0	1107
CSC3H3_RS22550	41	82.375	1339	179	36	205	1501	1384	61	0.0	1112
CSC3H3_RS22565	36	79.424	1181	186	42	1485	2638	1487	337	0.0	782
CSC3H3_RS22565	36	76.829	1066	209	32	347	1397	2727	1685	2.94e-161	566
FIV04_RS19835	41	78.972	1479	248	53	110	1551	1521	69	0.0	950
FIV04_RS19855	46	91.667	60	5	0	7	66	592	533	7.53e-18	84.2
FIV04_RS19855	19	92.982	57	4	0	7	63	253	309	7.53e-18	84.2
FIV04_RS19860	36	80.536	1007	175	18	1763	2760	1342	348	0.0	754
FIV04_RS19860	36	76.381	1050	207	37	366	1393	2719	1689	1.47e-149	527
FIU94_RS18665	36	80.354	1018	169	23	1732	2729	1345	339	0.0	743
FIU94_RS18665	36	73.807	817	173	36	403	1201	2718	1925	9.52e-77	285
FIU94_RS18675	52	90.411	73	7	0	1	73	97	25	9.67e-22	97.1
FIU94_RS18675	6	90.411	73	7	0	1	73	156150	156078	9.67e-22	97.1
FIU94_RS18680	6	92.857	56	4	0	8	63	154786	154731	2.76e-17	82.4
FIU94_RS18680	6	92.857	56	4	0	8	63	155453	155398	2.76e-17	82.4
FIU94_RS18685	41	80.211	1329	200	38	193	1465	1385	64	0.0	939
FIU92_RS18970	46	92.683	82	6	0	1	82	430	349	2.39e-28	119
GU332_RS26340	38	97.222	72	2	0	25	96	2493	2422	2.16e-29	122
GOZ24_RS13000	39	100.000	554	0	0	356	909	812	259	0.0	1024
GOZ24_RS13005	39	100.000	281	0	0	263	543	2460	2180	4.43e-148	520
GOZ24_RS13005	39	100.000	262	0	0	1	262	262	1	1.62e-137	484
GOZ24_RS13010	39	100.000	795	0	0	1	795	2087	1293	0.0	1469
GOZ24_RS13020	39	100.000	208	0	0	1	208	1017	810	9.60e-108	385
EsVE80_RS13200	38	99.329	298	1	1	1	298	427	131	6.50e-154	538
EsVE80_RS13250	38	96.774	558	18	0	1	558	1027	470	0.0	931
EsVE80_RS13255	44	98.462	260	4	0	2	261	411	152	4.53e-130	459
EsVE80_RS13255	38	95.019	261	13	0	1	261	1390	1130	1.29e-115	411
EsVE80_RS13260	38	99.593	738	3	0	1	738	2297	1560	0.0	1347
EsVE80_RS13265	38	100.000	84	0	0	1	84	2505	2422	1.79e-39	156
EsVE80_RS13270	51	100.000	135	0	0	33	167	135	1	2.71e-67	250
EsVE80_RS13270	38	100.000	73	0	0	168	240	2626	2554	7.91e-33	135
EsVE80_RS13270	38	100.000	31	0	0	1	31	32	2	1.76e-09	58.4
EsVE80_RS13270	44	100.000	32	0	0	1	32	32	1	4.90e-10	60.2
EsVE80_RS13275	44	98.872	532	6	0	1614	2145	683	152	0.0	950
EsVE80_RS13275	38	94.231	260	15	0	1886	2145	1389	1130	8.81e-111	398
EsVE80_RS13395	31	99.405	336	2	0	1	336	2365	2030	3.23e-175	610
EsVE80_RS13395	31	98.328	299	3	1	383	681	2034	1738	4.33e-149	523
EsVE80_RS13415	21	93.243	74	5	0	554	627	20868	20795	1.65e-24	110
EsVE80_RS13475	21	98.882	1163	13	0	1	1163	21773	22935	0.0	2076
EsVE80_RS13535	2	98.091	681	13	0	1	681	82882	83562	0.0	1186
EsVE80_RS13535	47	99.464	373	2	0	32	404	373	1	0.0	678
EsVE80_RS13535	23	99.278	277	2	0	405	681	1	277	2.03e-142	501
EsVE80_RS13535	44	97.727	264	6	0	418	681	1000	737	1.60e-128	455
EsVE80_RS13535	53	100.000	29	0	0	2	30	76	104	6.82e-08	54.7
EsVE80_RS13550	40	99.057	318	3	0	1	318	1644	1961	6.87e-164	571
EsVE80_RS13555	40	97.436	117	3	0	1	117	1087	1203	1.23e-52	200
EsVE80_RS13590	40	96.415	781	28	0	45	825	423	1203	0.0	1288
EsVE80_RS13640	40	83.154	279	35	11	1	273	66	338	1.44e-65	244
EsVE80_RS13645	51	97.037	135	4	0	27	161	135	1	1.10e-60	228
SNE_RS00245	4	94.118	34	2	0	1312	1345	79527	79494	9.96e-07	52.8
SGGBAA2069_RS11765	2	98.678	681	9	0	1	681	82882	83562	0.0	1208
SGGBAA2069_RS11765	47	99.732	373	1	0	32	404	373	1	0.0	684
SGGBAA2069_RS11765	23	98.195	277	5	0	405	681	1	277	2.04e-137	484
SGGBAA2069_RS11765	44	98.864	264	3	0	418	681	1000	737	1.59e-133	472
SGGBAA2069_RS11765	53	100.000	29	0	0	2	30	76	104	6.82e-08	54.7
SGGBAA2069_RS11770	51	100.000	135	0	0	27	161	135	1	2.23e-67	250
LMOSLCC2372_RS00095	2	82.440	672	116	2	1	671	82882	83552	5.44e-168	586
LMOSLCC2372_RS00095	23	83.333	276	46	0	406	681	2	277	1.74e-68	255
LMOSLCC2372_RS00095	44	83.650	263	43	0	412	674	1006	744	2.92e-66	248
LMOSLCC2372_RS15320	31	99.663	297	1	0	1	297	2326	2030	1.50e-155	544
AZL_RS17825	41	81.189	1329	205	25	199	1493	1378	61	0.0	1027
AZL_RS17840	36	79.528	1016	181	22	1634	2632	1346	341	0.0	699
AZL_RS17840	36	76.303	1055	200	43	355	1386	2719	1692	8.31e-147	518
AZL_RS19075	36	79.528	1016	181	22	1638	2636	1346	341	0.0	699
AZL_RS19075	36	76.303	1055	200	43	359	1390	2719	1692	8.32e-147	518
AZL_RS19080	41	81.189	1329	205	25	199	1493	1378	61	0.0	1027
AZL_RS19390	36	79.528	1016	181	22	1634	2632	1346	341	0.0	699
AZL_RS19390	36	76.303	1055	200	43	355	1386	2719	1692	8.31e-147	518
AZL_RS19405	41	81.189	1329	205	25	199	1493	1378	61	0.0	1027
AZL_RS20600	36	79.528	1016	181	22	1635	2633	1346	341	0.0	699
AZL_RS20600	36	76.376	1054	202	41	355	1387	2719	1692	1.79e-148	523
AZL_RS20615	41	81.067	1331	203	26	199	1493	1378	61	0.0	1016
AZL_RS24055	36	79.528	1016	181	22	1634	2632	1346	341	0.0	699
AZL_RS24055	36	76.303	1055	200	43	355	1386	2719	1692	8.31e-147	518
AZL_RS24070	41	81.203	1330	201	26	199	1491	1378	61	0.0	1026
AZL_RS26640	36	79.528	1016	181	22	1634	2632	1346	341	0.0	699
AZL_RS26640	36	76.303	1055	200	43	355	1386	2719	1692	8.31e-147	518
AZL_RS26655	41	81.203	1330	201	26	199	1491	1378	61	0.0	1026
AZL_RS30110	41	81.189	1329	205	25	199	1493	1378	61	0.0	1027
AZL_RS30125	36	79.528	1016	181	22	1635	2633	1346	341	0.0	699
AZL_RS30125	36	76.376	1054	202	41	355	1387	2719	1692	1.79e-148	523
AZOBR_RS18475	36	80.550	1018	166	26	1637	2635	1345	341	0.0	754
AZOBR_RS18475	36	76.276	1058	209	35	355	1394	2719	1686	4.98e-149	525
AZOBR_RS18490	41	81.387	1327	205	25	199	1492	1378	61	0.0	1044
AZOBR_RS19305	41	81.462	1327	204	25	199	1492	1378	61	0.0	1050
AZOBR_RS19320	36	80.452	1018	167	26	1638	2636	1345	341	0.0	749
AZOBR_RS19320	36	76.504	1064	208	35	349	1395	2724	1686	4.95e-154	542
AZOBR_RS21385	41	81.236	1327	207	24	199	1492	1378	61	0.0	1033
AZOBR_RS24115	41	81.151	1321	206	26	199	1486	1378	68	0.0	1020
CMR15_RS21145	36	80.642	1028	175	19	1760	2771	1345	326	0.0	774
CMR15_RS21145	36	75.862	1044	220	31	377	1401	2718	1688	2.45e-142	503
CMR15_RS21160	41	79.392	1315	238	26	246	1541	1368	68	0.0	896
LBP_RS14370	31	99.107	336	2	1	1	335	2365	2030	5.39e-173	603
LBP_RS14370	31	97.993	299	4	1	382	680	2034	1738	2.01e-147	518
LBP_RS14745	31	99.405	336	2	0	1	336	2365	2030	3.23e-175	610
LBP_RS14745	31	98.328	299	3	1	383	681	2034	1738	4.33e-149	523
DVB84_RS00005	44	99.060	532	5	0	1146	1677	683	152	0.0	955
DVB84_RS00005	38	94.231	260	15	0	1418	1677	1389	1130	6.87e-111	398
DVB84_RS00065	31	96.727	275	9	0	155	429	2667	2941	7.66e-130	459
DVB84_RS00165	40	99.686	318	1	0	1	318	1644	1961	3.17e-167	582
DVB84_RS00170	40	94.281	647	37	0	26	672	557	1203	0.0	990
DVB84_RS00195	40	99.111	225	2	0	1	225	340	564	5.09e-114	405
DVB84_RS00200	40	97.802	273	6	0	1	273	66	338	6.08e-134	472
DVB84_RS00205	51	100.000	135	0	0	27	161	135	1	2.34e-67	250
DVB84_RS00210	38	98.885	897	10	0	1	897	1027	131	0.0	1602
DVB84_RS00215	44	98.462	260	4	0	2	261	411	152	4.53e-130	459
DVB84_RS00215	38	95.019	261	13	0	1	261	1390	1130	1.29e-115	411
DVB84_RS00220	38	99.322	738	5	0	1	738	2297	1560	0.0	1336
DVB84_RS00225	38	98.810	84	1	0	1	84	2505	2422	8.34e-38	150
DVB84_RS00230	51	100.000	135	0	0	33	167	135	1	2.71e-67	250
DVB84_RS00230	38	98.630	73	1	0	168	240	2626	2554	3.68e-31	130
DVB84_RS00230	38	100.000	31	0	0	1	31	32	2	1.76e-09	58.4
DVB84_RS00230	44	100.000	32	0	0	1	32	32	1	4.90e-10	60.2
AT698_RS17950	36	79.438	997	185	17	2809	3795	1342	356	0.0	688
AT698_RS17950	36	76.303	1055	209	38	1404	2440	2720	1689	7.17e-149	525
AT698_RS17950	36	77.152	906	170	34	378	1266	2720	1835	7.27e-139	492
AT698_RS17960	41	78.951	1582	256	56	8	1541	1621	69	0.0	1005
AT698_RS19300	6	94.595	74	4	0	1	74	155165	155092	2.72e-27	115
AT698_RS19300	6	94.595	74	4	0	1	74	155730	155657	2.72e-27	115
AT698_RS19305	6	94.595	74	4	0	1	74	155165	155092	2.72e-27	115
AT698_RS19305	6	94.595	74	4	0	1	74	155730	155657	2.72e-27	115
AT698_RS20930	6	94.595	74	4	0	1	74	155165	155092	2.72e-27	115
AT698_RS20930	6	94.595	74	4	0	1	74	155730	155657	2.72e-27	115
AT698_RS21480	36	79.338	997	186	17	1682	2668	1342	356	0.0	682
AT698_RS21480	36	85.093	161	23	1	378	538	2720	2561	4.62e-40	163
AT698_RS22165	41	78.937	1581	258	55	8	1541	1621	69	0.0	1005
AT698_RS22175	52	93.243	74	3	2	1	73	97	25	4.47e-25	108
AT698_RS22175	6	93.243	74	3	2	1	73	156150	156078	4.47e-25	108
AT698_RS22180	36	79.317	996	188	15	2065	3051	1342	356	0.0	682
AT698_RS22180	36	84.375	160	24	1	378	536	2720	2561	8.79e-38	156
AT698_RS22650	41	79.037	1579	260	51	8	1541	1621	69	0.0	1016
AT698_RS22660	52	93.243	74	3	2	1	73	97	25	4.47e-25	108
AT698_RS22660	6	93.243	74	3	2	1	73	156150	156078	4.47e-25	108
AT698_RS22665	36	79.238	997	187	17	1784	2770	1342	356	0.0	676
AT698_RS22665	36	75.781	1057	211	40	377	1413	2720	1689	5.38e-139	492
AT698_RS22865	41	78.774	1583	257	57	8	1541	1621	69	0.0	989
AYM27_RS15500	39	99.819	554	1	0	83	636	812	259	0.0	1018
AYM27_RS15505	39	100.000	262	0	0	1	262	262	1	1.58e-137	484
AYM27_RS15505	39	100.000	241	0	0	263	503	2460	2220	7.46e-126	446
AYM27_RS15505	39	100.000	40	0	0	492	531	2219	2180	4.05e-14	75.0
AYM27_RS15510	39	100.000	795	0	0	1	795	2087	1293	0.0	1469
AYM27_RS15520	39	99.038	208	1	1	1	207	1017	810	1.39e-103	372
AYM24_RS15480	39	99.819	554	1	0	83	636	812	259	0.0	1018
AYM24_RS15485	39	100.000	262	0	0	1	262	262	1	1.58e-137	484
AYM24_RS15485	39	100.000	241	0	0	263	503	2460	2220	7.46e-126	446
AYM24_RS15485	39	100.000	40	0	0	492	531	2219	2180	4.05e-14	75.0
AYM24_RS15490	39	100.000	795	0	0	1	795	2087	1293	0.0	1469
AYM24_RS15500	39	99.038	208	1	1	1	207	1017	810	7.45e-104	372
AYM29_RS15500	39	99.819	554	1	0	83	636	812	259	0.0	1018
AYM29_RS15505	39	100.000	262	0	0	1	262	262	1	1.58e-137	484
AYM29_RS15505	39	100.000	241	0	0	263	503	2460	2220	7.46e-126	446
AYM29_RS15505	39	100.000	40	0	0	492	531	2219	2180	4.05e-14	75.0
AYM29_RS15510	39	100.000	795	0	0	1	795	2087	1293	0.0	1469
AYM29_RS15520	39	99.038	208	1	1	1	207	1017	810	1.39e-103	372
AYM23_RS15480	39	99.819	554	1	0	83	636	812	259	0.0	1018
AYM23_RS15485	39	100.000	262	0	0	1	262	262	1	1.58e-137	484
AYM23_RS15485	39	100.000	241	0	0	263	503	2460	2220	7.46e-126	446
AYM23_RS15485	39	100.000	40	0	0	492	531	2219	2180	4.05e-14	75.0
AYM23_RS15490	39	100.000	795	0	0	1	795	2087	1293	0.0	1469
AYM23_RS15500	39	99.038	208	1	1	1	207	1017	810	7.45e-104	372
AYM28_RS15480	39	99.819	554	1	0	83	636	812	259	0.0	1018
AYM28_RS15485	39	99.618	262	1	0	1	262	262	1	7.35e-136	479
AYM28_RS15485	39	100.000	241	0	0	263	503	2460	2220	7.46e-126	446
AYM28_RS15485	39	100.000	40	0	0	492	531	2219	2180	4.05e-14	75.0
AYM28_RS15490	39	100.000	795	0	0	1	795	2087	1293	0.0	1469
AYM28_RS15500	39	99.038	208	1	1	1	207	1017	810	1.39e-103	372
AYM26_RS15485	39	99.819	554	1	0	83	636	812	259	0.0	1018
AYM26_RS15490	39	100.000	262	0	0	1	262	262	1	1.58e-137	484
AYM26_RS15490	39	100.000	241	0	0	263	503	2460	2220	7.46e-126	446
AYM26_RS15490	39	100.000	40	0	0	492	531	2219	2180	4.05e-14	75.0
AYM26_RS15495	39	100.000	795	0	0	1	795	2087	1293	0.0	1469
AYM26_RS15505	39	99.038	208	1	1	1	207	1017	810	1.39e-103	372
AYM30_RS15505	39	99.819	554	1	0	83	636	812	259	0.0	1018
AYM30_RS15510	39	100.000	262	0	0	1	262	262	1	1.58e-137	484
AYM30_RS15510	39	100.000	241	0	0	263	503	2460	2220	7.46e-126	446
AYM30_RS15510	39	100.000	40	0	0	492	531	2219	2180	4.05e-14	75.0
AYM30_RS15515	39	100.000	795	0	0	1	795	2087	1293	0.0	1469
AYM30_RS15525	39	99.038	208	1	1	1	207	1017	810	1.39e-103	372
AYM31_RS15500	39	99.819	554	1	0	83	636	812	259	0.0	1018
AYM31_RS15505	39	100.000	262	0	0	1	262	262	1	1.58e-137	484
AYM31_RS15505	39	100.000	241	0	0	263	503	2460	2220	7.46e-126	446
AYM31_RS15505	39	100.000	40	0	0	492	531	2219	2180	4.05e-14	75.0
AYM31_RS15510	39	100.000	795	0	0	1	795	2087	1293	0.0	1469
AYM31_RS15520	39	99.038	208	1	1	1	207	1017	810	1.39e-103	372
AYM35_RS15465	39	99.819	554	1	0	83	636	812	259	0.0	1018
AYM35_RS15470	39	100.000	262	0	0	1	262	262	1	1.58e-137	484
AYM35_RS15470	39	100.000	241	0	0	263	503	2460	2220	7.46e-126	446
AYM35_RS15470	39	100.000	40	0	0	492	531	2219	2180	4.05e-14	75.0
AYM35_RS15475	39	100.000	795	0	0	1	795	2087	1293	0.0	1469
AYM35_RS15485	39	99.038	208	1	1	1	207	1017	810	1.39e-103	372
AYM36_RS15465	39	99.819	554	1	0	83	636	812	259	0.0	1018
AYM36_RS15470	39	100.000	262	0	0	1	262	262	1	1.58e-137	484
AYM36_RS15470	39	100.000	241	0	0	263	503	2460	2220	7.46e-126	446
AYM36_RS15470	39	100.000	40	0	0	492	531	2219	2180	4.05e-14	75.0
AYM36_RS15475	39	100.000	795	0	0	1	795	2087	1293	0.0	1469
AYM36_RS15485	39	99.038	208	1	1	1	207	1017	810	1.39e-103	372
AYM32_RS15500	39	99.819	554	1	0	83	636	812	259	0.0	1018
AYM32_RS15505	39	100.000	262	0	0	1	262	262	1	1.58e-137	484
AYM32_RS15505	39	100.000	241	0	0	263	503	2460	2220	7.46e-126	446
AYM32_RS15505	39	100.000	40	0	0	492	531	2219	2180	4.05e-14	75.0
AYM32_RS15510	39	100.000	795	0	0	1	795	2087	1293	0.0	1469
AYM32_RS15520	39	99.038	208	1	1	1	207	1017	810	1.39e-103	372
AYM25_RS15145	39	99.819	554	1	0	83	636	812	259	0.0	1018
AYM25_RS15150	39	99.618	262	1	0	1	262	262	1	7.35e-136	479
AYM25_RS15150	39	100.000	241	0	0	263	503	2460	2220	7.46e-126	446
AYM25_RS15150	39	100.000	40	0	0	492	531	2219	2180	4.05e-14	75.0
AYM25_RS15155	39	100.000	795	0	0	1	795	2087	1293	0.0	1469
AYM25_RS15165	39	99.038	208	1	1	1	207	1017	810	1.39e-103	372
AYM34_RS15480	39	99.819	554	1	0	83	636	812	259	0.0	1018
AYM34_RS15485	39	100.000	262	0	0	1	262	262	1	1.58e-137	484
AYM34_RS15485	39	100.000	241	0	0	263	503	2460	2220	7.46e-126	446
AYM34_RS15485	39	100.000	40	0	0	492	531	2219	2180	4.05e-14	75.0
AYM34_RS15490	39	100.000	795	0	0	1	795	2087	1293	0.0	1469
AYM34_RS15500	39	99.038	208	1	1	1	207	1017	810	1.39e-103	372
AYM37_RS15480	39	99.819	554	1	0	83	636	812	259	0.0	1018
AYM37_RS15485	39	99.618	262	1	0	1	262	262	1	7.35e-136	479
AYM37_RS15485	39	100.000	241	0	0	263	503	2460	2220	7.46e-126	446
AYM37_RS15485	39	100.000	40	0	0	492	531	2219	2180	4.05e-14	75.0
AYM37_RS15490	39	100.000	795	0	0	1	795	2087	1293	0.0	1469
AYM37_RS15500	39	99.038	208	1	1	1	207	1017	810	1.39e-103	372
AYM33_RS15465	39	99.819	554	1	0	83	636	812	259	0.0	1018
AYM33_RS15470	39	100.000	262	0	0	1	262	262	1	1.58e-137	484
AYM33_RS15470	39	100.000	241	0	0	263	503	2460	2220	7.46e-126	446
AYM33_RS15470	39	100.000	40	0	0	492	531	2219	2180	4.05e-14	75.0
AYM33_RS15475	39	100.000	795	0	0	1	795	2087	1293	0.0	1469
AYM33_RS15485	39	99.038	208	1	1	1	207	1017	810	1.39e-103	372
AL026_RS00020	2	98.238	681	12	0	1	681	82882	83562	0.0	1192
AL026_RS00020	47	99.464	373	2	0	32	404	373	1	0.0	678
AL026_RS00020	23	99.639	277	1	0	405	681	1	277	4.36e-144	507
AL026_RS00020	44	98.106	264	5	0	418	681	1000	737	3.44e-130	460
AL026_RS00020	53	100.000	29	0	0	2	30	76	104	6.82e-08	54.7
AL026_RS00025	38	100.000	84	0	0	1	84	2505	2422	1.79e-39	156
AL026_RS00030	38	99.729	738	2	0	1	738	2297	1560	0.0	1352
AL026_RS00035	44	98.462	260	4	0	2	261	411	152	4.53e-130	459
AL026_RS00035	38	95.019	261	13	0	1	261	1390	1130	1.29e-115	411
AL026_RS00060	39	100.000	554	0	0	356	909	812	259	0.0	1024
AL026_RS00065	39	100.000	281	0	0	263	543	2460	2180	4.43e-148	520
AL026_RS00065	39	100.000	262	0	0	1	262	262	1	1.62e-137	484
AL026_RS00070	39	99.874	795	1	0	1	795	2087	1293	0.0	1463
AL026_RS00085	39	100.000	208	0	0	1	208	1017	810	1.69e-107	385
AL026_RS00090	2	98.385	681	11	0	1	681	82882	83562	0.0	1197
AL026_RS00090	47	99.732	373	1	0	32	404	373	1	0.0	684
AL026_RS00090	23	99.639	277	1	0	405	681	1	277	4.36e-144	507
AL026_RS00090	44	98.106	264	5	0	418	681	1000	737	3.44e-130	460
AL026_RS00090	53	100.000	29	0	0	2	30	76	104	6.82e-08	54.7
AL026_RS00120	2	98.385	681	11	0	1	681	82882	83562	0.0	1197
AL026_RS00120	47	99.732	373	1	0	32	404	373	1	0.0	684
AL026_RS00120	23	99.639	277	1	0	405	681	1	277	4.36e-144	507
AL026_RS00120	44	98.106	264	5	0	418	681	1000	737	3.44e-130	460
AL026_RS00120	53	100.000	29	0	0	2	30	76	104	6.82e-08	54.7
AL026_RS00205	2	98.385	681	11	0	1	681	82882	83562	0.0	1197
AL026_RS00205	47	99.732	373	1	0	32	404	373	1	0.0	684
AL026_RS00205	23	99.639	277	1	0	405	681	1	277	4.36e-144	507
AL026_RS00205	44	98.106	264	5	0	418	681	1000	737	3.44e-130	460
AL026_RS00205	53	100.000	29	0	0	2	30	76	104	6.82e-08	54.7
AL026_RS00210	2	98.385	681	11	0	1	681	82882	83562	0.0	1197
AL026_RS00210	47	99.732	373	1	0	32	404	373	1	0.0	684
AL026_RS00210	23	99.639	277	1	0	405	681	1	277	4.36e-144	507
AL026_RS00210	44	98.106	264	5	0	418	681	1000	737	3.44e-130	460
AL026_RS00210	53	100.000	29	0	0	2	30	76	104	6.82e-08	54.7
AL026_RS00215	2	98.238	681	12	0	1	681	82882	83562	0.0	1192
AL026_RS00215	47	99.464	373	2	0	32	404	373	1	0.0	678
AL026_RS00215	23	99.639	277	1	0	405	681	1	277	4.36e-144	507
AL026_RS00215	44	98.106	264	5	0	418	681	1000	737	3.44e-130	460
AL026_RS00215	53	100.000	29	0	0	2	30	76	104	6.82e-08	54.7
AL026_RS00250	22	83.788	586	95	0	8	593	23084	23669	3.84e-159	556
AL026_RS00395	31	86.526	757	102	0	423	1179	6131	5375	0.0	833
AL026_RS00555	42	75.746	503	116	4	752	1251	640	141	5.44e-66	248
AL026_RS00670	31	86.658	757	101	0	423	1179	6131	5375	0.0	839
AL026_RS00690	3	76.746	1217	277	6	28	1241	324012	322799	0.0	675
AL026_RS00745	27	91.549	213	18	0	7	219	9649	9437	1.12e-80	294
AL026_RS00745	31	85.380	171	23	2	1	170	5581	5412	4.22e-45	176
AL026_RS00760	2	96.145	441	14	1	212	652	83125	83562	0.0	717
AL026_RS00760	2	99.558	226	1	0	1	226	82882	83107	9.34e-116	412
AL026_RS00760	23	98.571	280	1	1	373	652	1	277	1.17e-139	492
AL026_RS00760	44	97.004	267	5	1	386	652	1000	737	9.21e-126	446
AL026_RS00760	47	99.487	195	1	0	32	226	373	179	1.60e-98	355
AL026_RS00760	47	98.710	155	2	0	218	372	155	1	1.28e-74	276
AL026_RS00760	53	100.000	29	0	0	2	30	76	104	6.52e-08	54.7
AL026_RS00820	22	82.339	821	141	4	1	819	20706	21524	0.0	710
AL026_RS00825	22	80.615	650	120	6	37	683	20514	19868	2.66e-141	497
AL026_RS00830	22	81.921	1510	259	14	1	1503	19850	18348	0.0	1264
AL026_RS00840	21	99.484	1163	6	0	1	1163	21773	22935	0.0	2115
AL026_RS00910	21	99.398	1163	7	0	1	1163	21773	22935	0.0	2109
AL026_RS00920	21	99.691	1293	4	0	1	1293	20634	19342	0.0	2366
AL026_RS00925	21	100.000	261	0	0	1	261	21168	20908	2.69e-137	483
AL026_RS00930	31	86.658	757	101	0	423	1179	6131	5375	0.0	839
AL026_RS00950	21	99.495	396	2	0	1	396	23878	23483	0.0	721
AL026_RS00955	21	99.647	849	3	0	1	849	24739	23891	0.0	1552
AL026_RS00960	21	100.000	828	0	0	1	828	25581	24754	0.0	1530
AL026_RS00965	21	99.652	861	3	0	1	861	26453	25593	0.0	1574
AL026_RS00985	21	99.573	1170	5	0	1	1170	26692	27861	0.0	2134
AL026_RS00990	2	98.238	681	12	0	1	681	82882	83562	0.0	1192
AL026_RS00990	47	99.464	373	2	0	32	404	373	1	0.0	678
AL026_RS00990	23	98.917	277	3	0	405	681	1	277	9.43e-141	496
AL026_RS00990	44	98.106	264	5	0	418	681	1000	737	3.44e-130	460
AL026_RS00990	53	100.000	29	0	0	2	30	76	104	6.82e-08	54.7
AL026_RS01010	23	98.305	177	3	0	1	177	101	277	8.74e-86	311
AL026_RS01010	44	97.740	177	4	0	1	177	913	737	4.07e-84	305
AL026_RS01010	2	97.740	177	4	0	1	177	83386	83562	4.07e-84	305
AL026_RS01035	2	97.082	377	11	0	5	381	83186	83562	0.0	636
AL026_RS01035	23	99.278	277	2	0	105	381	1	277	1.11e-142	501
AL026_RS01035	44	97.727	264	6	0	118	381	1000	737	8.75e-129	455
AL026_RS01035	47	100.000	100	0	0	5	104	100	1	1.27e-47	185
AL026_RS01040	31	99.702	336	1	0	1	336	2365	2030	6.94e-177	616
AL026_RS01040	31	98.328	299	3	1	383	681	2034	1738	4.33e-149	523
AL026_RS01065	21	91.925	161	13	0	66	226	12581	12421	7.78e-60	226
AL026_RS01085	2	98.238	681	12	0	1	681	82882	83562	0.0	1192
AL026_RS01085	47	99.464	373	2	0	32	404	373	1	0.0	678
AL026_RS01085	23	99.639	277	1	0	405	681	1	277	4.36e-144	507
AL026_RS01085	44	98.106	264	5	0	418	681	1000	737	3.44e-130	460
AL026_RS01085	53	100.000	29	0	0	2	30	76	104	6.82e-08	54.7
AL026_RS01110	2	98.238	681	12	0	1	681	82882	83562	0.0	1192
AL026_RS01110	47	99.464	373	2	0	32	404	373	1	0.0	678
AL026_RS01110	23	99.639	277	1	0	405	681	1	277	4.36e-144	507
AL026_RS01110	44	98.106	264	5	0	418	681	1000	737	3.44e-130	460
AL026_RS01110	53	100.000	29	0	0	2	30	76	104	6.82e-08	54.7
AL026_RS01115	21	100.000	39	0	0	1282	1320	28224	28186	3.71e-13	73.1
AL026_RS01120	35	100.000	566	0	0	1	566	3513	4078	0.0	1046
AL026_RS16830	35	98.824	85	1	0	1	85	3241	3157	1.78e-37	152
AL026_RS01215	35	99.855	1377	2	0	1	1377	582	1958	0.0	2532
AL026_RS01220	35	100.000	582	0	0	76	657	1	582	0.0	1075
AL026_RS01225	27	99.596	1237	5	0	1	1237	12696	13932	0.0	2257
AL026_RS17150	27	98.969	97	1	0	60	156	12581	12677	1.04e-44	174
AL026_RS01245	27	99.715	351	1	0	1	351	12024	12374	0.0	643
AL026_RS01245	21	100.000	100	0	0	351	450	21579	21678	1.51e-47	185
AL026_RS17495	27	97.790	543	1	1	1	543	11337	11868	0.0	926
AL026_RS01270	31	87.629	194	24	0	23	216	5568	5375	4.06e-60	226
AL026_RS01405	31	97.959	49	1	0	1	49	1732	1684	1.45e-17	86.1
AL026_RS01410	31	98.328	299	3	1	266	564	2034	1738	3.57e-149	523
AL026_RS01410	31	99.543	219	1	0	1	219	2248	2030	6.27e-112	399
AL026_RS01420	21	99.140	1163	10	0	1	1163	21773	22935	0.0	2093
AL026_RS01520	31	99.107	336	3	0	1	336	2365	2030	1.50e-173	604
AL026_RS01520	31	98.328	299	3	1	383	681	2034	1738	4.33e-149	523
AL026_RS01545	28	100.000	198	0	0	1096	1293	3390	3587	1.49e-101	366
AL026_RS01625	2	90.308	681	66	0	1	681	82882	83562	0.0	893
AL026_RS01625	31	97.917	336	7	0	1	336	2365	2030	7.04e-167	582
AL026_RS01625	23	99.639	277	1	0	405	681	1	277	4.36e-144	507
AL026_RS01625	44	98.106	264	5	0	418	681	1000	737	3.44e-130	460
AL026_RS01625	47	87.123	365	47	0	40	404	365	1	2.72e-116	414
AL026_RS01735	2	98.238	681	12	0	1	681	82882	83562	0.0	1192
AL026_RS01735	47	99.464	373	2	0	32	404	373	1	0.0	678
AL026_RS01735	23	99.639	277	1	0	405	681	1	277	4.36e-144	507
AL026_RS01735	44	98.106	264	5	0	418	681	1000	737	3.44e-130	460
AL026_RS01735	53	100.000	29	0	0	2	30	76	104	6.82e-08	54.7
AL026_RS01760	2	98.238	681	12	0	1	681	82882	83562	0.0	1192
AL026_RS01760	47	99.464	373	2	0	32	404	373	1	0.0	678
AL026_RS01760	23	99.639	277	1	0	405	681	1	277	4.36e-144	507
AL026_RS01760	44	98.106	264	5	0	418	681	1000	737	3.44e-130	460
AL026_RS01760	53	100.000	29	0	0	2	30	76	104	6.82e-08	54.7
AL026_RS01770	2	98.385	681	11	0	1	681	82882	83562	0.0	1197
AL026_RS01770	47	99.732	373	1	0	32	404	373	1	0.0	684
AL026_RS01770	23	99.639	277	1	0	405	681	1	277	4.36e-144	507
AL026_RS01770	44	98.106	264	5	0	418	681	1000	737	3.44e-130	460
AL026_RS01770	53	100.000	29	0	0	2	30	76	104	6.82e-08	54.7
AL026_RS01825	42	75.746	503	116	4	752	1251	640	141	5.44e-66	248
AC807_RS00035	39	99.819	554	1	0	83	636	812	259	0.0	1018
AC807_RS00040	39	100.000	262	0	0	1	262	262	1	1.58e-137	484
AC807_RS00040	39	100.000	241	0	0	263	503	2460	2220	7.46e-126	446
AC807_RS00040	39	100.000	40	0	0	492	531	2219	2180	4.05e-14	75.0
AC807_RS00045	39	100.000	795	0	0	1	795	2087	1293	0.0	1469
AC807_RS00055	39	99.038	208	1	1	1	207	1017	810	1.39e-103	372
HI822_RS22905	41	79.501	1322	224	37	246	1541	1368	68	0.0	896
HI822_RS22920	36	80.642	1028	175	19	1760	2771	1345	326	0.0	774
HI822_RS22920	36	75.862	1044	220	31	377	1401	2718	1688	2.45e-142	503
HI824_RS22590	36	80.642	1028	175	19	1760	2771	1345	326	0.0	774
HI824_RS22590	36	75.862	1044	220	31	377	1401	2718	1688	2.45e-142	503
HI824_RS22605	41	79.501	1322	224	37	246	1541	1368	68	0.0	896
HI821_RS22900	41	79.501	1322	224	37	246	1541	1368	68	0.0	896
HI821_RS22915	36	80.642	1028	175	19	1760	2771	1345	326	0.0	774
HI821_RS22915	36	75.862	1044	220	31	377	1401	2718	1688	2.45e-142	503
HI817_RS21540	36	80.642	1028	175	19	1760	2771	1345	326	0.0	774
HI817_RS21540	36	75.862	1044	220	31	377	1401	2718	1688	2.45e-142	503
HI817_RS21555	41	79.501	1322	224	37	246	1541	1368	68	0.0	896
HI816_RS21550	36	80.642	1028	175	19	1760	2771	1345	326	0.0	774
HI816_RS21550	36	75.862	1044	220	31	377	1401	2718	1688	2.45e-142	503
HI816_RS21565	41	79.501	1322	224	37	246	1541	1368	68	0.0	896
HI803_RS23210	41	79.501	1322	224	37	246	1541	1368	68	0.0	896
HI803_RS23225	36	80.642	1028	175	19	1760	2771	1345	326	0.0	774
HI803_RS23225	36	75.862	1044	220	31	377	1401	2718	1688	2.45e-142	503
HI812_RS21765	36	80.642	1028	175	19	1760	2771	1345	326	0.0	774
HI812_RS21765	36	75.862	1044	220	31	377	1401	2718	1688	2.45e-142	503
HI812_RS21780	41	79.501	1322	224	37	246	1541	1368	68	0.0	896
HI802_RS21345	41	79.501	1322	224	37	246	1541	1368	68	0.0	896
HI802_RS21360	36	80.642	1028	175	19	1760	2771	1345	326	0.0	774
HI802_RS21360	36	75.766	1044	221	31	377	1401	2718	1688	1.14e-140	497
HI806_RS23190	41	79.501	1322	224	37	246	1541	1368	68	0.0	896
HI806_RS23205	36	80.642	1028	175	19	1760	2771	1345	326	0.0	774
HI806_RS23205	36	75.862	1044	220	31	377	1401	2718	1688	2.45e-142	503
HI798_RS23200	41	79.501	1322	224	37	246	1541	1368	68	0.0	896
HI798_RS23215	36	80.642	1028	175	19	1760	2771	1345	326	0.0	774
HI798_RS23215	36	75.862	1044	220	31	377	1401	2718	1688	2.45e-142	503
HI801_RS21355	41	79.501	1322	224	37	246	1541	1368	68	0.0	896
HI801_RS21370	36	80.642	1028	175	19	1760	2771	1345	326	0.0	774
HI801_RS21370	36	75.766	1044	221	31	377	1401	2718	1688	1.14e-140	497
HI792_RS21005	41	79.501	1322	224	37	246	1541	1368	68	0.0	896
HI792_RS21020	36	80.642	1028	175	19	1760	2771	1345	326	0.0	774
HI792_RS21020	36	75.862	1044	220	31	377	1401	2718	1688	2.45e-142	503
HI797_RS23210	41	79.501	1322	224	37	246	1541	1368	68	0.0	896
HI797_RS23225	36	80.642	1028	175	19	1760	2771	1345	326	0.0	774
HI797_RS23225	36	75.862	1044	220	31	377	1401	2718	1688	2.45e-142	503
HI796_RS21540	36	80.642	1028	175	19	1760	2771	1345	326	0.0	774
HI796_RS21540	36	75.862	1044	220	31	377	1401	2718	1688	2.45e-142	503
HI796_RS21555	41	79.501	1322	224	37	246	1541	1368	68	0.0	896
HI794_RS22785	36	80.642	1028	175	19	1760	2771	1345	326	0.0	774
HI794_RS22785	36	75.862	1044	220	31	377	1401	2718	1688	2.45e-142	503
HI794_RS22800	41	79.501	1322	224	37	246	1541	1368	68	0.0	896
HI799_RS23200	41	79.501	1322	224	37	246	1541	1368	68	0.0	896
HI799_RS23215	36	80.642	1028	175	19	1760	2771	1345	326	0.0	774
HI799_RS23215	36	75.862	1044	220	31	377	1401	2718	1688	2.45e-142	503
HI795_RS21550	36	80.642	1028	175	19	1760	2771	1345	326	0.0	774
HI795_RS21550	36	75.862	1044	220	31	377	1401	2718	1688	2.45e-142	503
HI795_RS21565	41	79.501	1322	224	37	246	1541	1368	68	0.0	896
HI818_RS21555	36	80.642	1028	175	19	1760	2771	1345	326	0.0	774
HI818_RS21555	36	75.862	1044	220	31	377	1401	2718	1688	2.45e-142	503
HI818_RS21570	41	79.501	1322	224	37	246	1541	1368	68	0.0	896
HI813_RS22795	36	80.642	1028	175	19	1760	2771	1345	326	0.0	774
HI813_RS22795	36	75.862	1044	220	31	377	1401	2718	1688	2.45e-142	503
HI813_RS22810	41	79.501	1322	224	37	246	1541	1368	68	0.0	896
HI811_RS21770	36	80.642	1028	175	19	1760	2771	1345	326	0.0	774
HI811_RS21770	36	75.862	1044	220	31	377	1401	2718	1688	2.45e-142	503
HI811_RS21785	41	79.501	1322	224	37	246	1541	1368	68	0.0	896
HI807_RS21770	36	80.642	1028	175	19	1760	2771	1345	326	0.0	774
HI807_RS21770	36	75.862	1044	220	31	377	1401	2718	1688	2.45e-142	503
HI807_RS21785	41	79.501	1322	224	37	246	1541	1368	68	0.0	896
HI808_RS21770	36	80.642	1028	175	19	1760	2771	1345	326	0.0	774
HI808_RS21770	36	75.862	1044	220	31	377	1401	2718	1688	2.45e-142	503
HI808_RS21785	41	79.501	1322	224	37	246	1541	1368	68	0.0	896
HI804_RS23215	41	79.501	1322	224	37	246	1541	1368	68	0.0	896
HI804_RS23230	36	80.642	1028	175	19	1760	2771	1345	326	0.0	774
HI804_RS23230	36	75.862	1044	220	31	377	1401	2718	1688	2.45e-142	503
HI800_RS23195	41	79.501	1322	224	37	246	1541	1368	68	0.0	896
HI800_RS23210	36	80.642	1028	175	19	1760	2771	1345	326	0.0	774
HI800_RS23210	36	75.862	1044	220	31	377	1401	2718	1688	2.45e-142	503
HI793_RS22795	36	80.642	1028	175	19	1760	2771	1345	326	0.0	774
HI793_RS22795	36	75.862	1044	220	31	377	1401	2718	1688	2.45e-142	503
HI793_RS22810	41	79.501	1322	224	37	246	1541	1368	68	0.0	896
HI819_RS21550	36	80.642	1028	175	19	1760	2771	1345	326	0.0	774
HI819_RS21550	36	75.862	1044	220	31	377	1401	2718	1688	2.45e-142	503
HI819_RS21565	41	79.501	1322	224	37	246	1541	1368	68	0.0	896
HI814_RS22795	36	80.642	1028	175	19	1760	2771	1345	326	0.0	774
HI814_RS22795	36	75.862	1044	220	31	377	1401	2718	1688	2.45e-142	503
HI814_RS22810	41	79.501	1322	224	37	246	1541	1368	68	0.0	896
HI809_RS21790	36	80.642	1028	175	19	1760	2771	1345	326	0.0	774
HI809_RS21790	36	75.862	1044	220	31	377	1401	2718	1688	2.45e-142	503
HI809_RS21805	41	79.501	1322	224	37	246	1541	1368	68	0.0	896
HI820_RS22910	41	79.501	1322	224	37	246	1541	1368	68	0.0	896
HI820_RS22925	36	80.642	1028	175	19	1760	2771	1345	326	0.0	774
HI820_RS22925	36	75.862	1044	220	31	377	1401	2718	1688	2.45e-142	503
HI815_RS22785	36	80.642	1028	175	19	1760	2771	1345	326	0.0	774
HI815_RS22785	36	75.862	1044	220	31	377	1401	2718	1688	2.45e-142	503
HI815_RS22800	41	79.501	1322	224	37	246	1541	1368	68	0.0	896
HI810_RS21765	36	80.642	1028	175	19	1760	2771	1345	326	0.0	774
HI810_RS21765	36	75.862	1044	220	31	377	1401	2718	1688	2.45e-142	503
HI810_RS21780	41	79.501	1322	224	37	246	1541	1368	68	0.0	896
HI805_RS23195	41	79.501	1322	224	37	246	1541	1368	68	0.0	896
HI805_RS23210	36	80.642	1028	175	19	1760	2771	1345	326	0.0	774
HI805_RS23210	36	75.862	1044	220	31	377	1401	2718	1688	2.45e-142	503
CD198_RS10460	31	81.899	337	59	2	1	336	2365	2030	7.99e-77	283
BST98_RS21320	8	96.552	87	3	0	1	87	33923	34009	4.06e-36	145
BST98_RS21325	8	94.740	1920	101	0	1	1920	34025	35944	0.0	2987
BST98_RS21330	8	88.889	162	18	0	2	163	36068	36229	2.50e-52	200
EFE1165_RS14205	21	99.647	849	3	0	1	849	24739	23891	0.0	1552
EFE1165_RS14210	21	99.495	396	2	0	1	396	23878	23483	0.0	721
EFE1165_RS14225	31	86.658	757	101	0	198	954	6131	5375	0.0	839
EFE1165_RS14250	21	100.000	261	0	0	1	261	21168	20908	2.69e-137	483
EFE1165_RS14255	21	99.691	1293	4	0	1	1293	20634	19342	0.0	2366
EFE1165_RS14260	21	99.398	1163	7	0	1	1163	21773	22935	0.0	2109
EFE1165_RS14290	2	98.385	681	11	0	1	681	82882	83562	0.0	1197
EFE1165_RS14290	47	99.732	373	1	0	32	404	373	1	0.0	684
EFE1165_RS14290	23	99.639	277	1	0	405	681	1	277	4.36e-144	507
EFE1165_RS14290	44	98.106	264	5	0	418	681	1000	737	3.44e-130	460
EFE1165_RS14290	53	100.000	29	0	0	2	30	76	104	6.82e-08	54.7
EFE1165_RS14330	21	99.398	1163	7	0	1	1163	21773	22935	0.0	2109
EFE1165_RS14345	22	81.921	1510	259	14	1	1503	19850	18348	0.0	1264
EFE1165_RS14350	22	80.615	650	120	6	37	683	20514	19868	2.66e-141	497
EFE1165_RS14355	22	82.339	821	141	4	1	819	20706	21524	0.0	710
EFE1165_RS14405	2	96.145	441	14	1	212	652	83125	83562	0.0	717
EFE1165_RS14405	2	99.558	226	1	0	1	226	82882	83107	9.34e-116	412
EFE1165_RS14405	23	98.571	280	1	1	373	652	1	277	1.17e-139	492
EFE1165_RS14405	44	97.004	267	5	1	386	652	1000	737	9.21e-126	446
EFE1165_RS14405	47	99.487	195	1	0	32	226	373	179	1.60e-98	355
EFE1165_RS14405	47	98.710	155	2	0	218	372	155	1	1.28e-74	276
EFE1165_RS14405	53	100.000	29	0	0	2	30	76	104	6.52e-08	54.7
EFE1165_RS14420	27	91.549	213	18	0	7	219	9649	9437	1.12e-80	294
EFE1165_RS14420	31	85.380	171	23	2	1	170	5581	5412	4.22e-45	176
EFE1165_RS14465	3	76.746	1217	277	6	28	1241	324012	322799	0.0	675
EFE1165_RS14480	31	86.658	757	101	0	423	1179	6131	5375	0.0	839
EFE1165_RS14590	42	75.746	503	116	4	752	1251	640	141	5.44e-66	248
EFE1165_RS14635	21	99.398	1163	7	0	1	1163	21773	22935	0.0	2109
EFE1165_RS14785	53	100.000	37	0	0	279	315	1	37	1.09e-12	69.4
EFE1165_RS14785	2	100.000	37	0	0	279	315	82808	82844	1.09e-12	69.4
EFE1165_RS14790	2	98.091	681	13	0	1	681	82882	83562	0.0	1186
EFE1165_RS14790	47	99.464	373	2	0	32	404	373	1	0.0	678
EFE1165_RS14790	23	99.278	277	2	0	405	681	1	277	2.03e-142	501
EFE1165_RS14790	44	97.727	264	6	0	418	681	1000	737	1.60e-128	455
EFE1165_RS14790	53	100.000	29	0	0	2	30	76	104	6.82e-08	54.7
EFE1165_RS14795	28	99.526	422	2	0	14	435	5976	6397	0.0	769
EFE1165_RS14800	28	100.000	297	0	0	1	297	6390	6686	2.99e-157	549
EFE1165_RS14805	28	98.889	630	3	1	1	630	6706	7331	0.0	1122
EFE1165_RS14810	28	99.118	907	7	1	1	906	8177	7271	0.0	1629
EFE1165_RS14815	28	99.552	669	3	0	1	669	8459	9127	0.0	1219
EFE1165_RS14820	28	99.251	267	2	0	1	267	9230	9496	2.74e-137	483
EFE1165_RS14825	28	99.702	1344	4	0	1	1344	9511	10854	0.0	2460
EFE1165_RS14830	28	96.952	525	3	1	1	525	10930	11441	0.0	869
EFE1165_RS14835	28	99.556	450	2	0	1	450	12205	11756	0.0	821
EFE1165_RS14935	2	97.661	684	13	1	1	684	82882	83562	0.0	1171
EFE1165_RS14935	47	99.196	373	3	0	32	404	373	1	0.0	673
EFE1165_RS14935	23	98.571	280	1	1	405	684	1	277	1.23e-139	492
EFE1165_RS14935	44	97.004	267	5	1	418	684	1000	737	9.68e-126	446
EFE1165_RS14935	53	100.000	29	0	0	2	30	76	104	6.85e-08	54.7
EFE1165_RS14955	2	98.238	681	12	0	1	681	82882	83562	0.0	1192
EFE1165_RS14955	47	99.732	373	1	0	32	404	373	1	0.0	684
EFE1165_RS14955	23	99.278	277	2	0	405	681	1	277	2.03e-142	501
EFE1165_RS14955	44	97.727	264	6	0	418	681	1000	737	1.60e-128	455
EFE1165_RS14955	53	100.000	29	0	0	2	30	76	104	6.82e-08	54.7
EFE1165_RS15030	21	99.226	1163	9	0	1	1163	21773	22935	0.0	2098
EFE1165_RS15035	31	98.328	299	3	1	266	564	2034	1738	3.57e-149	523
EFE1165_RS15035	31	99.543	219	1	0	1	219	2248	2030	6.27e-112	399
EFE1165_RS15040	31	97.959	49	1	0	1	49	1732	1684	1.45e-17	86.1
EFE1165_RS15155	31	86.658	757	101	0	423	1179	6131	5375	0.0	839
EFE1165_RS15180	31	87.629	194	24	0	23	216	5568	5375	4.06e-60	226
EFE1165_RS15910	27	97.790	543	1	1	1	543	11337	11868	0.0	926
EFE1165_RS15205	27	99.715	351	1	0	1	351	12024	12374	0.0	643
EFE1165_RS15205	21	100.000	100	0	0	351	450	21579	21678	1.51e-47	185
EFE1165_RS15215	27	98.969	97	1	0	60	156	12581	12677	1.04e-44	174
EFE1165_RS15220	27	99.596	1237	5	0	1	1237	12696	13932	0.0	2257
EFE1165_RS15225	35	100.000	582	0	0	76	657	1	582	0.0	1075
EFE1165_RS15230	35	99.855	1377	2	0	1	1377	582	1958	0.0	2532
EFE1165_RS15310	35	98.824	85	1	0	1	85	3241	3157	3.26e-37	152
EFE1165_RS15320	35	100.000	566	0	0	1	566	3513	4078	0.0	1046
EFE1165_RS15325	21	100.000	39	0	0	1282	1320	28224	28186	3.71e-13	73.1
EFE1165_RS15330	21	99.573	1170	5	0	1	1170	26692	27861	0.0	2134
EFE1165_RS15335	21	99.768	861	2	0	1	861	26453	25593	0.0	1580
EFE1165_RS15340	21	100.000	828	0	0	1	828	25581	24754	0.0	1530
EFE1165_RS15350	2	98.385	681	11	0	1	681	82882	83562	0.0	1197
EFE1165_RS15350	47	99.732	373	1	0	32	404	373	1	0.0	684
EFE1165_RS15350	23	99.639	277	1	0	405	681	1	277	4.36e-144	507
EFE1165_RS15350	44	98.106	264	5	0	418	681	1000	737	3.44e-130	460
EFE1165_RS15350	53	100.000	29	0	0	2	30	76	104	6.82e-08	54.7
EFE1165_RS15355	2	100.000	60	0	0	1	60	83559	83618	5.57e-25	111
EFE1165_RS15355	44	100.000	59	0	0	1	59	740	682	2.00e-24	110
EFE1165_RS15355	23	100.000	58	0	0	1	58	274	331	7.21e-24	108
EFE1165_RS15375	2	98.091	681	13	0	1	681	82882	83562	0.0	1186
EFE1165_RS15375	47	99.464	373	2	0	32	404	373	1	0.0	678
EFE1165_RS15375	23	99.278	277	2	0	405	681	1	277	2.03e-142	501
EFE1165_RS15375	44	97.727	264	6	0	418	681	1000	737	1.60e-128	455
EFE1165_RS15375	53	100.000	29	0	0	2	30	76	104	6.82e-08	54.7
EFE1165_RS15415	22	83.959	586	94	0	8	593	23084	23669	8.25e-161	562
EFE1165_RS15450	2	98.385	681	11	0	1	681	82882	83562	0.0	1197
EFE1165_RS15450	47	99.732	373	1	0	32	404	373	1	0.0	684
EFE1165_RS15450	23	99.639	277	1	0	405	681	1	277	4.36e-144	507
EFE1165_RS15450	44	98.106	264	5	0	418	681	1000	737	3.44e-130	460
EFE1165_RS15450	53	100.000	29	0	0	2	30	76	104	6.82e-08	54.7
EFE1165_RS15460	39	100.000	554	0	0	356	909	812	259	0.0	1024
EFE1165_RS15465	39	100.000	281	0	0	263	543	2460	2180	4.43e-148	520
EFE1165_RS15465	39	100.000	262	0	0	1	262	262	1	1.62e-137	484
EFE1165_RS15470	39	100.000	795	0	0	1	795	2087	1293	0.0	1469
EFE1165_RS15480	39	100.000	208	0	0	1	208	1017	810	1.69e-107	385
EFE1165_RS15485	2	98.385	681	11	0	1	681	82882	83562	0.0	1197
EFE1165_RS15485	47	99.732	373	1	0	32	404	373	1	0.0	684
EFE1165_RS15485	23	99.639	277	1	0	405	681	1	277	4.36e-144	507
EFE1165_RS15485	44	98.106	264	5	0	418	681	1000	737	3.44e-130	460
EFE1165_RS15485	53	100.000	29	0	0	2	30	76	104	6.82e-08	54.7
EFE1165_RS15510	35	95.978	1069	42	1	228	1296	3156	2089	0.0	1735
EFE1165_RS15515	44	98.462	260	4	0	2	261	411	152	4.53e-130	459
EFE1165_RS15515	38	95.019	261	13	0	1	261	1390	1130	1.29e-115	411
EFE1165_RS15525	38	99.729	738	2	0	1	738	2297	1560	0.0	1352
EFE1165_RS15530	38	100.000	84	0	0	1	84	2505	2422	1.79e-39	156
EFE1165_RS15535	51	100.000	135	0	0	33	167	135	1	2.73e-67	250
EFE1165_RS15535	38	96.000	75	1	1	168	242	2626	2554	2.23e-28	121
EFE1165_RS15535	38	100.000	31	0	0	1	31	32	2	1.78e-09	58.4
EFE1165_RS15535	44	100.000	32	0	0	1	32	32	1	4.94e-10	60.2
EFE1165_RS15540	44	98.413	189	3	0	1	189	340	152	2.01e-92	333
EFE1165_RS15545	2	98.385	681	11	0	1	681	82882	83562	0.0	1197
EFE1165_RS15545	47	99.732	373	1	0	32	404	373	1	0.0	684
EFE1165_RS15545	23	99.639	277	1	0	405	681	1	277	4.36e-144	507
EFE1165_RS15545	44	98.106	264	5	0	418	681	1000	737	3.44e-130	460
EFE1165_RS15545	53	100.000	29	0	0	2	30	76	104	6.82e-08	54.7
EFE1165_RS15550	2	99.573	234	1	0	1	234	82882	83115	1.13e-120	427
EFE1165_RS15550	47	99.507	203	1	0	32	234	373	171	1.94e-103	370
EFE1165_RS15550	53	100.000	29	0	0	2	30	76	104	2.22e-08	54.7
AYM15_RS15475	39	99.819	554	1	0	83	636	812	259	0.0	1018
AYM15_RS15480	39	100.000	262	0	0	1	262	262	1	1.58e-137	484
AYM15_RS15480	39	100.000	241	0	0	263	503	2460	2220	7.46e-126	446
AYM15_RS15480	39	100.000	40	0	0	492	531	2219	2180	4.05e-14	75.0
AYM15_RS15485	39	100.000	795	0	0	1	795	2087	1293	0.0	1469
AYM15_RS15495	39	99.038	208	1	1	1	207	1017	810	1.39e-103	372
AYM16_RS15470	39	99.819	554	1	0	83	636	812	259	0.0	1018
AYM16_RS15475	39	100.000	262	0	0	1	262	262	1	1.58e-137	484
AYM16_RS15475	39	100.000	241	0	0	263	503	2460	2220	7.46e-126	446
AYM16_RS15475	39	100.000	40	0	0	492	531	2219	2180	4.05e-14	75.0
AYM16_RS15480	39	100.000	795	0	0	1	795	2087	1293	0.0	1469
AYM16_RS15490	39	99.038	208	1	1	1	207	1017	810	7.45e-104	372
AYM18_RS15470	39	99.819	554	1	0	83	636	812	259	0.0	1018
AYM18_RS15475	39	100.000	262	0	0	1	262	262	1	1.58e-137	484
AYM18_RS15475	39	100.000	241	0	0	263	503	2460	2220	7.46e-126	446
AYM18_RS15475	39	100.000	40	0	0	492	531	2219	2180	4.05e-14	75.0
AYM18_RS15480	39	100.000	795	0	0	1	795	2087	1293	0.0	1469
AYM18_RS15490	39	99.038	208	1	1	1	207	1017	810	7.45e-104	372
AYM14_RS15410	39	99.819	554	1	0	83	636	812	259	0.0	1018
AYM14_RS15415	39	100.000	262	0	0	1	262	262	1	1.58e-137	484
AYM14_RS15415	39	100.000	241	0	0	263	503	2460	2220	7.46e-126	446
AYM14_RS15415	39	100.000	40	0	0	492	531	2219	2180	4.05e-14	75.0
AYM14_RS15420	39	100.000	795	0	0	1	795	2087	1293	0.0	1469
AYM14_RS15430	39	98.558	208	2	1	1	207	1017	810	6.45e-102	366
AYM13_RS15410	39	99.819	554	1	0	83	636	812	259	0.0	1018
AYM13_RS15415	39	100.000	262	0	0	1	262	262	1	1.58e-137	484
AYM13_RS15415	39	100.000	241	0	0	263	503	2460	2220	7.46e-126	446
AYM13_RS15415	39	100.000	40	0	0	492	531	2219	2180	4.05e-14	75.0
AYM13_RS15420	39	100.000	795	0	0	1	795	2087	1293	0.0	1469
AYM13_RS15430	39	98.558	208	2	1	1	207	1017	810	6.45e-102	366
AYM19_RS15475	39	99.819	554	1	0	83	636	812	259	0.0	1018
AYM19_RS15480	39	100.000	262	0	0	1	262	262	1	1.58e-137	484
AYM19_RS15480	39	100.000	241	0	0	263	503	2460	2220	7.46e-126	446
AYM19_RS15480	39	100.000	40	0	0	492	531	2219	2180	4.05e-14	75.0
AYM19_RS15485	39	100.000	795	0	0	1	795	2087	1293	0.0	1469
AYM19_RS15495	39	99.038	208	1	1	1	207	1017	810	1.39e-103	372
A5895_RS26060	38	97.222	72	2	0	25	96	2493	2422	2.16e-29	122
DTO64_RS15950	51	100.000	135	0	0	33	167	135	1	2.73e-67	250
DTO64_RS15950	38	96.000	75	1	1	168	242	2626	2554	2.23e-28	121
DTO64_RS15950	38	100.000	31	0	0	1	31	32	2	1.78e-09	58.4
DTO64_RS15950	44	100.000	32	0	0	1	32	32	1	4.94e-10	60.2
DTO64_RS15955	38	100.000	84	0	0	1	84	2505	2422	1.79e-39	156
DTO64_RS15960	38	99.729	738	2	0	1	738	2297	1560	0.0	1352
DTO64_RS15970	44	98.462	260	4	0	2	261	411	152	4.53e-130	459
DTO64_RS15970	38	95.019	261	13	0	1	261	1390	1130	1.29e-115	411
DTO64_RS15995	39	100.000	554	0	0	356	909	812	259	0.0	1024
DTO64_RS16000	39	100.000	281	0	0	263	543	2460	2180	4.43e-148	520
DTO64_RS16000	39	100.000	262	0	0	1	262	262	1	1.62e-137	484
DTO64_RS16005	39	100.000	795	0	0	1	795	2087	1293	0.0	1469
DTO64_RS16015	39	100.000	208	0	0	1	208	1017	810	1.78e-107	385
DTO64_RS16025	38	96.321	897	33	0	1	897	1027	131	0.0	1474
DTO64_RS16030	51	96.296	135	5	0	27	161	135	1	5.10e-59	222
DTO64_RS16035	40	84.588	279	31	11	1	273	66	338	3.08e-72	267
DTO64_RS16040	40	94.757	267	14	0	84	350	423	689	4.30e-117	416
DTO64_RS16040	53	100.000	47	0	0	350	396	1	47	3.83e-18	87.9
DTO64_RS16040	2	100.000	47	0	0	350	396	82808	82854	3.83e-18	87.9
DTO64_RS16045	2	98.238	681	12	0	1	681	82882	83562	0.0	1192
DTO64_RS16045	47	99.464	373	2	0	32	404	373	1	0.0	678
DTO64_RS16045	23	99.639	277	1	0	405	681	1	277	4.36e-144	507
DTO64_RS16045	44	98.106	264	5	0	418	681	1000	737	3.44e-130	460
DTO64_RS16045	53	100.000	29	0	0	2	30	76	104	6.82e-08	54.7
DTO64_RS16060	24	96.716	944	30	1	1	943	15790	16733	0.0	1570
DTO64_RS16065	24	99.720	357	1	0	1	357	15175	15531	0.0	654
DTO64_RS16070	24	99.489	783	4	0	1	783	14400	15182	0.0	1424
DTO64_RS17005	24	97.710	262	6	0	30	291	13885	14146	8.49e-128	451
DTO64_RS16085	2	98.203	612	11	0	1	612	82882	83493	0.0	1070
DTO64_RS16085	47	99.464	373	2	0	32	404	373	1	0.0	678
DTO64_RS16085	23	100.000	208	0	0	405	612	1	208	2.02e-107	385
DTO64_RS16085	44	97.949	195	4	0	418	612	1000	806	1.60e-93	339
DTO64_RS16085	53	100.000	29	0	0	2	30	76	104	6.48e-08	54.7
DTO64_RS16105	2	98.203	612	11	0	1	612	82882	83493	0.0	1070
DTO64_RS16105	47	99.464	373	2	0	32	404	373	1	0.0	678
DTO64_RS16105	23	100.000	208	0	0	405	612	1	208	2.02e-107	385
DTO64_RS16105	44	97.949	195	4	0	418	612	1000	806	1.60e-93	339
DTO64_RS16105	53	100.000	29	0	0	2	30	76	104	6.48e-08	54.7
DTO64_RS16190	23	98.621	580	8	0	30	609	17263	16684	0.0	1027
DTO64_RS16195	23	98.561	417	6	0	1	417	16700	16284	0.0	737
DTO64_RS16200	23	99.365	315	2	0	1	315	16284	15970	6.80e-164	571
DTO64_RS16205	23	99.034	1035	10	0	1	1035	15977	14943	0.0	1857
DTO64_RS16210	23	99.638	276	1	0	1	276	14953	14678	6.06e-144	505
DTO64_RS16215	23	100.000	390	0	0	1	390	14678	14289	0.0	721
DTO64_RS16220	23	99.793	483	1	0	1	483	14257	13775	0.0	887
DTO64_RS16225	23	99.782	459	1	0	1	459	13680	13222	0.0	843
DTO64_RS16230	23	99.479	2493	13	0	1	2493	13117	10625	0.0	4532
DTO64_RS16235	23	99.499	399	2	0	1	399	10668	10270	0.0	726
DTO64_RS16240	23	98.779	1884	23	0	1	1884	10257	8374	0.0	3352
DTO64_RS16245	23	99.371	318	2	0	1	318	10587	10270	1.48e-165	577
DTO64_RS16250	23	98.764	2346	28	1	1	2345	10257	7912	0.0	4170
DTO64_RS16255	23	97.469	2252	54	3	1	2252	7925	5677	0.0	3840
DTO64_RS16260	23	98.396	561	9	0	226	786	4919	4359	0.0	987
DTO64_RS16265	23	98.773	489	6	0	1	489	4353	3865	0.0	870
DTO64_RS16275	23	98.876	267	3	0	1	267	3273	3007	1.28e-135	477
DTO64_RS16280	23	98.167	491	9	0	1	491	2974	2484	0.0	857
DTO64_RS16285	23	99.281	417	3	0	1	417	2137	1721	0.0	754
DTO64_RS16290	23	96.239	585	22	0	1	585	1697	1113	0.0	959
DTO64_RS16290	17	84.740	557	70	8	19	563	9212	8659	2.84e-155	544
DTO64_RS16295	23	100.000	267	0	0	1	267	1002	736	1.27e-140	494
DTO64_RS16300	23	98.551	276	4	0	1	276	743	468	6.11e-139	488
DTO64_RS16315	17	91.837	147	12	0	1	147	11518	11664	3.43e-54	206
DTO64_RS16320	17	83.574	554	89	2	1	553	12383	12935	2.32e-147	518
DTO64_RS16415	2	98.238	681	12	0	1	681	82882	83562	0.0	1192
DTO64_RS16415	47	99.464	373	2	0	32	404	373	1	0.0	678
DTO64_RS16415	23	99.639	277	1	0	405	681	1	277	4.36e-144	507
DTO64_RS16415	44	98.106	264	5	0	418	681	1000	737	3.44e-130	460
DTO64_RS16415	53	100.000	29	0	0	2	30	76	104	6.82e-08	54.7
DTO64_RS16435	21	91.925	161	13	0	66	226	12581	12421	7.78e-60	226
DTO64_RS16465	44	92.821	390	28	0	1	390	541	152	3.97e-162	566
DTO64_RS16465	38	90.000	260	26	0	131	390	1389	1130	3.39e-93	337
DTO64_RS16505	24	100.000	621	0	0	1	621	9421	10041	0.0	1147
DTO64_RS16510	24	100.000	288	0	0	1	288	10058	10345	2.91e-152	532
DTO64_RS16515	24	100.000	225	0	0	1	225	10339	10563	2.35e-117	416
DTO64_RS16520	24	100.000	210	0	0	1	210	10624	10833	4.75e-109	388
DTO64_RS16525	24	100.000	303	0	0	1	303	10845	11147	1.41e-160	560
DTO64_RS16530	24	100.000	414	0	0	1	414	11574	11987	0.0	765
DTO64_RS16545	24	98.478	920	14	0	2	921	11983	12902	0.0	1622
DTO64_RS16550	24	97.721	351	8	0	1	351	12899	13249	7.52e-174	604
DTO64_RS16560	24	98.198	111	2	0	1	111	13500	13610	5.38e-51	195
DTO64_RS17025	24	87.324	284	36	0	1	284	13850	14133	5.37e-90	326
DTO64_RS16590	24	92.877	365	21	5	579	940	16371	16733	1.81e-149	525
DTO64_RS16600	24	76.933	1539	311	38	102	1618	17063	18579	0.0	835
DTO64_RS16635	29	97.163	282	8	0	25	306	917	636	1.48e-135	477
DTO64_RS16640	29	96.373	579	21	0	1	579	625	47	0.0	953
DTO64_RS16645	2	98.385	681	11	0	1	681	82882	83562	0.0	1197
DTO64_RS16645	47	99.732	373	1	0	32	404	373	1	0.0	684
DTO64_RS16645	23	99.639	277	1	0	405	681	1	277	4.36e-144	507
DTO64_RS16645	44	98.106	264	5	0	418	681	1000	737	3.44e-130	460
DTO64_RS16645	53	100.000	29	0	0	2	30	76	104	6.82e-08	54.7
DTO64_RS16650	9	92.369	1507	100	14	1	1500	103625	102127	0.0	2132
DTO64_RS16650	34	88.232	1589	174	13	1	1581	4512	2929	0.0	1886
DTO64_RS16665	34	100.000	336	0	0	1	336	2171	1836	7.13e-179	621
DTO64_RS16670	17	96.157	2238	75	3	1664	3891	40118	37882	0.0	3646
DTO64_RS16670	23	95.599	2227	98	0	1665	3891	23828	21602	0.0	3570
DTO64_RS16670	9	94.828	2204	114	0	1603	3806	99906	97703	0.0	3439
DTO64_RS16670	9	91.069	795	69	2	1	794	101541	100748	0.0	1074
DTO64_RS16670	34	91.572	795	65	2	1	794	1529	736	0.0	1096
DTO64_RS16675	23	98.319	357	3	1	1	354	21540	21184	2.10e-179	623
DTO64_RS16675	17	96.629	356	9	1	1	353	37821	37466	7.64e-169	588
DTO64_RS16680	23	100.000	385	0	0	1	385	21162	20778	0.0	712
DTO64_RS16685	23	99.617	261	1	0	1	261	20630	20370	1.25e-135	477
DTO64_RS16690	23	97.952	879	18	0	1	879	20359	19481	0.0	1524
DTO64_RS16695	23	98.951	858	9	0	1	858	19458	18601	0.0	1535
DTO64_RS16700	23	99.135	1272	11	0	1	1272	18575	17304	0.0	2289
DTO64_RS16705	23	98.382	618	10	0	1	618	17301	16684	0.0	1086
DTO64_RS16710	23	98.561	417	6	0	1	417	16700	16284	0.0	737
DTO64_RS16715	23	99.365	315	2	0	1	315	16284	15970	6.80e-164	571
DTO64_RS16720	23	99.034	1035	10	0	1	1035	15977	14943	0.0	1857
DTO64_RS16725	23	99.638	276	1	0	1	276	14953	14678	6.06e-144	505
DTO64_RS16730	23	100.000	390	0	0	1	390	14678	14289	0.0	721
DTO64_RS16735	23	99.564	459	2	0	1	459	13680	13222	0.0	837
DTO64_RS16740	23	99.358	2493	16	0	1	2493	13117	10625	0.0	4516
DTO64_RS16745	23	87.415	294	26	6	1	291	10668	10383	2.07e-90	327
DTO64_RS16750	23	97.231	2347	62	3	1	2345	10257	7912	0.0	3971
DTO64_RS16755	23	90.782	998	88	4	1	996	7925	6930	0.0	1330
DTO64_RS16760	2	98.385	681	11	0	1	681	82882	83562	0.0	1197
DTO64_RS16760	47	99.732	373	1	0	32	404	373	1	0.0	684
DTO64_RS16760	23	99.639	277	1	0	405	681	1	277	4.36e-144	507
DTO64_RS16760	44	98.106	264	5	0	418	681	1000	737	3.44e-130	460
DTO64_RS16760	53	100.000	29	0	0	2	30	76	104	6.82e-08	54.7
DTO64_RS16770	2	98.385	681	11	0	1	681	82882	83562	0.0	1197
DTO64_RS16770	47	99.732	373	1	0	32	404	373	1	0.0	684
DTO64_RS16770	23	99.639	277	1	0	405	681	1	277	4.36e-144	507
DTO64_RS16770	44	98.106	264	5	0	418	681	1000	737	3.44e-130	460
DTO64_RS16770	53	100.000	29	0	0	2	30	76	104	6.82e-08	54.7
DTO64_RS16800	2	98.385	681	11	0	1	681	82882	83562	0.0	1197
DTO64_RS16800	47	99.732	373	1	0	32	404	373	1	0.0	684
DTO64_RS16800	23	99.639	277	1	0	405	681	1	277	4.36e-144	507
DTO64_RS16800	44	98.106	264	5	0	418	681	1000	737	3.44e-130	460
DTO64_RS16800	53	100.000	29	0	0	2	30	76	104	6.82e-08	54.7
LLUC11_RS11735	31	87.397	365	46	0	1	365	2395	2031	6.11e-118	420
LLUC11_RS11735	31	86.824	296	35	3	417	711	2030	1738	3.81e-90	327
LLUC11_RS11750	31	85.522	297	40	3	4	299	2323	2029	4.69e-84	307
LLUC11_RS11810	2	98.403	501	8	0	1	501	83062	83562	0.0	881
LLUC11_RS11810	23	98.195	277	5	0	225	501	1	277	1.49e-137	484
LLUC11_RS11810	44	99.621	264	1	0	238	501	1000	737	5.35e-137	483
LLUC11_RS11810	47	99.107	224	2	0	1	224	224	1	4.28e-113	403
LLUC11_RS11880	44	97.500	120	2	1	213	332	855	737	3.02e-53	204
LLUC11_RS11880	2	97.500	120	2	1	213	332	83444	83562	3.02e-53	204
LLUC11_RS11880	2	83.019	212	35	1	1	212	82882	83092	2.35e-49	191
LLUC11_RS11880	23	96.667	120	3	1	213	332	159	277	1.41e-51	198
LLUC11_RS11880	47	84.091	176	27	1	37	212	368	194	1.10e-42	169
LLUC11_RS12050	31	96.429	224	8	0	1	224	1981	1758	1.94e-103	370
LLUC11_RS12210	31	98.662	299	2	1	383	681	2034	1738	9.30e-151	529
LLUC11_RS12255	31	86.441	295	38	1	386	680	2030	1738	1.69e-88	322
LLUC11_RS12270	2	100.000	75	0	0	1	75	82882	82956	1.81e-34	139
LLUC11_RS12270	47	100.000	44	0	0	32	75	373	330	3.09e-17	82.4
LLUC11_RS12270	53	100.000	29	0	0	2	30	76	104	6.73e-09	54.7
LLUC11_RS12285	8	79.005	1929	384	20	2	1920	34026	35943	0.0	1299
LLUC11_RS12290	8	84.524	168	26	0	1	168	36067	36234	1.89e-42	167
LLUC11_RS12330	2	93.939	99	3	3	1	96	82882	82980	1.28e-36	147
LLUC11_RS12330	47	91.176	68	3	3	32	96	373	306	2.19e-19	89.8
LLUC11_RS12330	53	100.000	29	0	0	2	30	76	104	7.97e-09	54.7
LLUC11_RS12345	2	96.476	681	23	1	1	680	82882	83562	0.0	1123
LLUC11_RS12345	47	95.442	373	17	0	32	404	373	1	9.03e-171	595
LLUC11_RS12345	23	98.556	277	4	0	404	680	1	277	4.38e-139	490
LLUC11_RS12345	44	99.242	264	2	0	417	680	1000	737	3.41e-135	477
LLUC11_RS12345	31	86.310	336	46	0	1	336	2365	2030	7.70e-102	366
LLUC11_RS12345	53	100.000	29	0	0	2	30	76	104	6.81e-08	54.7
LLUC11_RS12420	31	79.771	262	49	4	420	680	1997	1739	6.45e-48	187
D9C02_RS25010	8	99.654	289	1	0	9	297	33360	33648	3.90e-151	529
D9C02_RS25015	8	95.726	117	5	0	1	117	33893	34009	2.67e-49	189
D9C02_RS25020	8	93.854	1920	118	0	1	1920	34025	35944	0.0	2892
D9C02_RS25025	8	89.222	167	18	0	2	168	36068	36234	3.09e-55	209
D9C02_RS27020	8	100.000	28	0	0	204	231	36269	36242	7.86e-08	52.8
CIG66_RS17365	36	80.642	1028	175	19	1760	2771	1345	326	0.0	774
CIG66_RS17365	36	75.862	1044	220	31	377	1401	2718	1688	2.45e-142	503
CIG66_RS17380	41	79.501	1322	224	37	246	1541	1368	68	0.0	896
EfmKUHS13_RS13565	42	75.944	503	114	5	751	1249	640	141	4.20e-67	252
EfmKUHS13_RS13810	31	86.658	757	101	0	423	1179	6131	5375	0.0	839
EfmKUHS13_RS13825	3	76.746	1217	277	6	28	1241	324012	322799	0.0	675
EfmKUHS13_RS13865	27	91.549	213	18	0	7	219	9649	9437	1.12e-80	294
EfmKUHS13_RS13865	31	85.380	171	23	2	1	170	5581	5412	4.22e-45	176
EfmKUHS13_RS13880	2	96.372	441	13	1	212	652	83125	83562	0.0	723
EfmKUHS13_RS13880	2	99.558	226	1	0	1	226	82882	83107	9.34e-116	412
EfmKUHS13_RS13880	23	98.571	280	1	1	373	652	1	277	1.17e-139	492
EfmKUHS13_RS13880	44	97.004	267	5	1	386	652	1000	737	9.21e-126	446
EfmKUHS13_RS13880	47	99.487	195	1	0	32	226	373	179	1.60e-98	355
EfmKUHS13_RS13880	47	99.355	155	1	0	218	372	155	1	2.75e-76	281
EfmKUHS13_RS13880	53	100.000	29	0	0	2	30	76	104	6.52e-08	54.7
EfmKUHS13_RS13925	22	82.339	821	140	5	1	818	20706	21524	0.0	708
EfmKUHS13_RS13930	22	80.492	651	120	7	37	684	20514	19868	1.24e-139	492
EfmKUHS13_RS13935	22	81.866	1511	258	16	1	1503	19850	18348	0.0	1258
EfmKUHS13_RS13955	21	99.312	1163	6	2	1	1161	21773	22935	0.0	2102
EfmKUHS13_RS13965	35	95.978	1069	42	1	228	1296	3156	2089	0.0	1735
EfmKUHS13_RS14005	21	99.142	1165	8	2	1	1165	21773	22935	0.0	2095
EfmKUHS13_RS14010	21	99.691	1293	4	0	1	1293	20634	19342	0.0	2366
EfmKUHS13_RS14015	21	99.617	261	0	1	1	260	21168	20908	4.48e-135	475
EfmKUHS13_RS14020	31	86.658	757	101	0	423	1179	6131	5375	0.0	839
EfmKUHS13_RS14035	21	99.495	396	2	0	1	396	23878	23483	0.0	721
EfmKUHS13_RS14040	21	99.411	849	3	1	1	847	24739	23891	0.0	1539
EfmKUHS13_RS14045	21	100.000	828	0	0	1	828	25581	24754	0.0	1530
EfmKUHS13_RS14050	21	99.768	861	2	0	1	861	26453	25593	0.0	1580
EfmKUHS13_RS14055	21	99.573	1170	5	0	1	1170	26692	27861	0.0	2134
EfmKUHS13_RS14065	35	100.000	566	0	0	1	566	3513	4078	0.0	1046
EfmKUHS13_RS14070	35	98.824	85	1	0	1	85	3241	3157	3.26e-37	152
EfmKUHS13_RS14150	35	99.855	1377	2	0	1	1377	582	1958	0.0	2532
EfmKUHS13_RS14155	35	100.000	582	0	0	76	657	1	582	0.0	1075
EfmKUHS13_RS14160	27	99.273	1238	6	3	1	1236	12696	13932	0.0	2233
EfmKUHS13_RS14165	27	98.969	97	1	0	60	156	12581	12677	1.04e-44	174
EfmKUHS13_RS14175	27	99.715	351	1	0	1	351	12024	12374	0.0	643
EfmKUHS13_RS14175	21	100.000	100	0	0	351	450	21579	21678	1.51e-47	185
EfmKUHS13_RS14180	27	97.790	543	1	1	1	543	11337	11868	0.0	926
EfmKUHS13_RS14190	31	87.629	194	24	0	23	216	5568	5375	4.06e-60	226
EfmKUHS13_RS14220	31	99.107	336	3	0	1	336	2365	2030	1.50e-173	604
EfmKUHS13_RS14220	31	98.328	299	3	1	383	681	2034	1738	4.33e-149	523
EfmKUHS13_RS14235	22	89.226	594	64	0	3	596	23079	23672	0.0	743
EfmKUHS13_RS14255	2	98.238	681	12	0	1	681	82882	83562	0.0	1192
EfmKUHS13_RS14255	47	99.464	373	2	0	32	404	373	1	0.0	678
EfmKUHS13_RS14255	23	99.639	277	1	0	405	681	1	277	4.36e-144	507
EfmKUHS13_RS14255	44	98.106	264	5	0	418	681	1000	737	3.44e-130	460
EfmKUHS13_RS14255	53	100.000	29	0	0	2	30	76	104	6.82e-08	54.7
EfmKUHS13_RS14320	2	98.385	681	11	0	1	681	82882	83562	0.0	1197
EfmKUHS13_RS14320	47	99.732	373	1	0	32	404	373	1	0.0	684
EfmKUHS13_RS14320	23	99.639	277	1	0	405	681	1	277	4.36e-144	507
EfmKUHS13_RS14320	44	98.106	264	5	0	418	681	1000	737	3.44e-130	460
EfmKUHS13_RS14320	53	100.000	29	0	0	2	30	76	104	6.82e-08	54.7
EfmKUHS13_RS14325	40	100.000	273	0	0	1	273	66	338	5.99e-144	505
EfmKUHS13_RS14330	51	100.000	135	0	0	27	161	135	1	2.34e-67	250
EfmKUHS13_RS14330	40	100.000	49	0	0	162	210	1	49	1.50e-19	91.6
EfmKUHS13_RS14335	38	99.666	897	3	0	1	897	1027	131	0.0	1640
EfmKUHS13_RS14340	38	100.000	285	0	0	1	285	1414	1130	1.34e-150	527
EfmKUHS13_RS14340	44	95.000	260	13	0	26	285	411	152	5.06e-115	409
EfmKUHS13_RS14345	38	99.593	738	3	0	1	738	2297	1560	0.0	1347
EfmKUHS13_RS14350	38	95.833	72	3	0	25	96	2493	2422	1.00e-27	117
EfmKUHS13_RS14355	51	100.000	135	0	0	33	167	135	1	2.71e-67	250
EfmKUHS13_RS14355	38	100.000	73	0	0	168	240	2626	2554	7.91e-33	135
EfmKUHS13_RS14355	38	100.000	31	0	0	1	31	32	2	1.76e-09	58.4
EfmKUHS13_RS14355	44	100.000	32	0	0	1	32	32	1	4.90e-10	60.2
EfmKUHS13_RS14360	44	97.932	532	11	0	957	1488	683	152	0.0	922
EfmKUHS13_RS14360	38	98.077	260	5	0	1229	1488	1389	1130	1.28e-127	453
EfmKUHS13_RS14375	39	81.762	488	87	2	356	842	812	326	5.81e-114	407
EfmKUHS13_RS14425	21	91.925	161	13	0	66	226	12581	12421	7.78e-60	226
EfmKUHS13_RS14445	2	98.238	681	12	0	1	681	82882	83562	0.0	1192
EfmKUHS13_RS14445	47	99.464	373	2	0	32	404	373	1	0.0	678
EfmKUHS13_RS14445	23	99.639	277	1	0	405	681	1	277	4.36e-144	507
EfmKUHS13_RS14445	44	98.106	264	5	0	418	681	1000	737	3.44e-130	460
EfmKUHS13_RS14445	53	100.000	29	0	0	2	30	76	104	6.82e-08	54.7
EfmKUHS13_RS14460	2	98.385	681	11	0	1	681	82882	83562	0.0	1197
EfmKUHS13_RS14460	47	99.732	373	1	0	32	404	373	1	0.0	684
EfmKUHS13_RS14460	23	99.639	277	1	0	405	681	1	277	4.36e-144	507
EfmKUHS13_RS14460	44	98.106	264	5	0	418	681	1000	737	3.44e-130	460
EfmKUHS13_RS14460	53	100.000	29	0	0	2	30	76	104	6.82e-08	54.7
EfmKUHS13_RS14470	31	99.405	336	2	0	1	336	2365	2030	3.23e-175	610
EfmKUHS13_RS14470	31	97.993	299	4	1	383	681	2034	1738	2.01e-147	518
EfmKUHS13_RS14505	2	97.797	681	15	0	1	681	82882	83562	0.0	1175
EfmKUHS13_RS14505	47	99.196	373	3	0	32	404	373	1	0.0	673
EfmKUHS13_RS14505	23	98.917	277	3	0	405	681	1	277	9.43e-141	496
EfmKUHS13_RS14505	44	97.348	264	7	0	418	681	1000	737	7.45e-127	449
EfmKUHS13_RS14505	53	100.000	29	0	0	2	30	76	104	6.82e-08	54.7
EfmKUHS13_RS14550	8	100.000	1218	0	0	1	1218	38547	39764	0.0	2250
EfmKUHS13_RS14555	8	100.000	204	0	0	1	204	38262	38465	9.95e-106	377
EfmKUHS13_RS14560	8	100.000	231	0	0	1	231	37571	37801	1.12e-120	427
EfmKUHS13_RS14565	8	100.000	423	0	0	1	423	37152	37574	0.0	782
EfmKUHS13_RS14570	8	100.000	354	0	0	1	354	36647	36294	0.0	654
EfmKUHS13_RS14650	2	97.944	681	13	1	1	680	82882	83562	0.0	1179
EfmKUHS13_RS14650	47	99.732	373	1	0	32	404	373	1	0.0	684
EfmKUHS13_RS14650	23	99.278	277	1	1	405	680	1	277	7.28e-142	499
EfmKUHS13_RS14650	44	97.727	264	5	1	418	680	1000	737	5.75e-128	453
EfmKUHS13_RS14670	22	85.690	587	84	0	3	589	23079	23665	4.73e-178	619
EfmKUHS13_RS14685	22	83.554	529	77	4	1	520	23140	23667	4.39e-138	486
EfmKUHS13_RS14725	31	98.328	299	3	1	266	564	2034	1738	3.57e-149	523
EfmKUHS13_RS14725	31	99.543	219	1	0	1	219	2248	2030	6.27e-112	399
EfmKUHS13_RS14730	21	99.054	1163	10	1	1	1162	21773	22935	0.0	2085
EfmKUHS13_RS14820	31	99.702	336	1	0	1	336	2365	2030	6.94e-177	616
EfmKUHS13_RS14820	31	98.328	299	3	1	383	681	2034	1738	4.33e-149	523
EfmKUHS13_RS14825	27	89.214	1196	119	8	1	1191	10627	9437	0.0	1485
EfmKUHS13_RS14940	53	100.000	47	0	0	530	576	1	47	5.67e-18	87.9
EfmKUHS13_RS14940	2	100.000	47	0	0	530	576	82808	82854	5.67e-18	87.9
EfmKUHS13_RS14945	2	98.385	681	11	0	1	681	82882	83562	0.0	1197
EfmKUHS13_RS14945	47	99.732	373	1	0	32	404	373	1	0.0	684
EfmKUHS13_RS14945	23	99.639	277	1	0	405	681	1	277	4.36e-144	507
EfmKUHS13_RS14945	44	98.106	264	5	0	418	681	1000	737	3.44e-130	460
EfmKUHS13_RS14945	53	100.000	29	0	0	2	30	76	104	6.82e-08	54.7
EfmKUHS13_RS14985	23	98.913	276	2	1	8	282	2	277	4.83e-140	492
EfmKUHS13_RS14985	44	98.485	264	4	0	19	282	1000	737	2.93e-132	466
EfmKUHS13_RS14985	2	97.778	270	6	0	13	282	83293	83562	2.93e-132	466
EfmKUHS13_RS14995	2	98.551	621	9	0	1	621	82882	83502	0.0	1098
EfmKUHS13_RS14995	47	99.732	373	1	0	32	404	373	1	0.0	684
EfmKUHS13_RS14995	23	99.537	216	1	0	405	620	1	216	3.51e-110	394
EfmKUHS13_RS14995	44	98.068	207	4	0	418	624	1000	794	3.56e-100	361
EfmKUHS13_RS14995	53	100.000	29	0	0	2	30	76	104	6.76e-08	54.7
EfmKUHS13_RS15005	44	98.630	73	1	0	3	75	809	737	9.37e-32	130
EfmKUHS13_RS15005	23	98.630	73	1	0	3	75	205	277	9.37e-32	130
EfmKUHS13_RS15005	2	98.630	73	1	0	3	75	83490	83562	9.37e-32	130
GYH34_RS19455	36	81.323	1028	161	26	1753	2760	1342	326	0.0	806
GYH34_RS19455	36	73.532	1039	226	40	463	1482	2720	1712	3.35e-96	350
GYH34_RS19470	41	81.415	1329	194	36	201	1490	1378	64	0.0	1037
G3W91_RS33465	52	92.857	56	4	0	8	63	90	35	2.71e-17	82.4
G3W91_RS33465	6	92.857	56	4	0	8	63	156143	156088	2.71e-17	82.4
DEIPE_RS20860	36	76.352	2829	547	96	14	2767	3115	334	0.0	1406
DEIPE_RS20865	41	80.243	1316	220	33	226	1512	1370	66	0.0	953
HBA75_RS29870	6	95.946	74	3	0	1	74	155960	155887	5.54e-29	121
HBA75_RS29870	1	89.189	74	8	0	1	74	30609	30536	1.21e-20	93.5
HUV20_RS21095	41	78.761	1582	259	60	8	1541	1621	69	0.0	989
HUV20_RS21105	52	93.243	74	3	2	1	73	97	25	4.47e-25	108
HUV20_RS21105	6	93.243	74	3	2	1	73	156150	156078	4.47e-25	108
HUV20_RS21110	36	79.338	997	186	17	1782	2768	1342	356	0.0	682
HUV20_RS21110	36	76.091	1054	212	38	378	1413	2720	1689	1.15e-145	514
SIDU_RS17885	36	80.504	1031	172	21	1696	2709	1346	328	0.0	763
SIDU_RS17885	36	72.940	1068	232	48	404	1446	2727	1692	9.26e-87	318
SIDU_RS17895	6	88.889	63	7	0	1	63	154793	154731	3.56e-16	78.7
SIDU_RS17895	6	88.889	63	7	0	1	63	155460	155398	3.56e-16	78.7
SIDU_RS17900	41	80.749	1335	213	31	195	1495	1385	61	0.0	1002
GWB23_RS00795	38	99.398	166	1	0	1	166	1615	1450	5.06e-83	302
GWB23_RS00580	38	99.729	738	2	0	1	738	2297	1560	0.0	1352
GWB23_RS00585	38	97.222	72	2	0	25	96	2493	2422	2.16e-29	122
GWA21_RS00080	21	75.789	190	44	2	89	277	21864	22052	6.76e-20	95.3
GWA21_RS00345	2	98.385	681	11	0	1	681	82882	83562	0.0	1197
GWA21_RS00345	47	99.196	373	3	0	32	404	373	1	0.0	673
GWA21_RS00345	23	98.195	277	5	0	405	681	1	277	2.04e-137	484
GWA21_RS00345	44	98.864	264	3	0	418	681	1000	737	1.59e-133	472
GWA21_RS00345	53	100.000	29	0	0	2	30	76	104	6.82e-08	54.7
GWA21_RS00360	8	84.524	168	26	0	1	168	36067	36234	1.89e-42	167
GWA21_RS00365	8	79.005	1929	384	20	2	1920	34026	35943	0.0	1299
GWA21_RS00375	2	98.385	681	11	0	1	681	82882	83562	0.0	1197
GWA21_RS00375	47	99.196	373	3	0	32	404	373	1	0.0	673
GWA21_RS00375	23	98.195	277	5	0	405	681	1	277	2.04e-137	484
GWA21_RS00375	44	98.864	264	3	0	418	681	1000	737	1.59e-133	472
GWA21_RS00375	53	100.000	29	0	0	2	30	76	104	6.82e-08	54.7
GWA21_RS00385	39	81.762	488	87	2	356	842	812	326	5.81e-114	407
GWA21_RS00390	38	97.872	141	3	0	1	141	1414	1274	6.93e-66	244
GWA21_RS00390	44	99.138	116	1	0	26	141	411	296	2.53e-55	209
GWA21_RS00400	38	100.000	738	0	0	1	738	2297	1560	0.0	1363
GWA21_RS00405	38	100.000	84	0	0	1	84	2505	2422	1.79e-39	156
GWA21_RS00410	38	100.000	73	0	0	12	84	2626	2554	2.34e-33	135
GWA21_RS00415	39	100.000	795	0	0	1	795	2087	1293	0.0	1469
GWA21_RS00420	39	100.000	281	0	0	263	543	2460	2180	4.43e-148	520
GWA21_RS00420	39	100.000	262	0	0	1	262	262	1	1.62e-137	484
GWA21_RS00425	39	100.000	554	0	0	245	798	812	259	0.0	1024
BJG93_RS34785	4	75.124	201	48	2	466	665	52388	52587	1.70e-19	93.5
A7U45_RS15040	39	99.819	554	1	0	83	636	812	259	0.0	1018
A7U45_RS15045	39	100.000	262	0	0	1	262	262	1	1.58e-137	484
A7U45_RS15045	39	100.000	241	0	0	263	503	2460	2220	7.46e-126	446
A7U45_RS15045	39	100.000	40	0	0	492	531	2219	2180	4.05e-14	75.0
A7U45_RS15050	39	100.000	795	0	0	1	795	2087	1293	0.0	1469
A7U45_RS15060	39	99.038	208	1	1	1	207	1017	810	1.39e-103	372
A7Q05_RS00035	39	99.819	554	1	0	83	636	812	259	0.0	1018
A7Q05_RS00040	39	100.000	262	0	0	1	262	262	1	1.58e-137	484
A7Q05_RS00040	39	100.000	241	0	0	263	503	2460	2220	7.46e-126	446
A7Q05_RS00040	39	100.000	40	0	0	492	531	2219	2180	4.05e-14	75.0
A7Q05_RS00045	39	100.000	795	0	0	1	795	2087	1293	0.0	1469
A7Q05_RS00055	39	99.038	208	1	1	1	207	1017	810	1.39e-103	372
A7U47_RS00085	39	100.000	795	0	0	1	795	2087	1293	0.0	1469
A7U47_RS00090	39	99.618	262	1	0	1	262	262	1	7.35e-136	479
A7U47_RS00090	39	100.000	241	0	0	263	503	2460	2220	7.46e-126	446
A7U47_RS00090	39	100.000	40	0	0	492	531	2219	2180	4.05e-14	75.0
A7U47_RS00095	39	99.819	554	1	0	83	636	812	259	0.0	1018
C7K38_RS11115	31	98.817	338	2	2	1	338	2365	2030	1.87e-172	601
C7K38_RS11115	31	97.070	273	3	4	385	657	2034	1767	1.54e-128	455
C7K38_RS11220	2	97.500	80	2	0	1	80	82883	82804	3.99e-33	137
C7K38_RS11220	53	98.649	74	1	0	3	76	74	1	1.86e-31	132
C7K38_RS11225	2	97.944	681	14	0	1	681	82882	83562	0.0	1181
C7K38_RS11225	47	99.464	373	2	0	32	404	373	1	0.0	678
C7K38_RS11225	23	98.917	277	3	0	405	681	1	277	9.43e-141	496
C7K38_RS11225	44	97.348	264	7	0	418	681	1000	737	7.45e-127	449
C7K38_RS11225	53	100.000	29	0	0	2	30	76	104	6.82e-08	54.7
C7K38_RS11270	2	76.912	680	149	7	1	676	82882	83557	9.91e-106	379
C7K38_RS11270	47	80.000	370	70	4	37	404	368	1	6.22e-73	270
C7K38_RS11270	31	80.272	294	48	9	391	680	2026	1739	1.06e-55	213
C7K38_RS11390	31	99.405	336	2	0	1	336	2365	2030	3.23e-175	610
C7K38_RS11390	31	97.993	299	4	1	383	681	2034	1738	2.01e-147	518
C7K38_RS11425	2	76.912	680	149	7	1	676	82882	83557	9.91e-106	379
C7K38_RS11425	47	80.000	370	70	4	37	404	368	1	6.22e-73	270
C7K38_RS11425	31	80.272	294	48	9	391	680	2026	1739	1.06e-55	213
C7K38_RS11475	2	97.368	684	14	4	1	683	82882	83562	0.0	1160
C7K38_RS11475	47	98.667	375	2	3	33	406	373	1	0.0	662
C7K38_RS11475	23	98.917	277	3	0	407	683	1	277	9.46e-141	496
C7K38_RS11475	44	97.348	264	7	0	420	683	1000	737	7.47e-127	449
C7H83_RS13220	2	76.912	680	149	7	1	676	82882	83557	9.91e-106	379
C7H83_RS13220	47	80.000	370	70	4	37	404	368	1	6.22e-73	270
C7H83_RS13220	31	80.272	294	48	9	391	680	2026	1739	1.06e-55	213
C7H83_RS13310	31	99.405	336	2	0	1	336	2365	2030	3.23e-175	610
C7H83_RS13310	31	98.328	299	3	1	383	681	2034	1738	4.33e-149	523
C7H83_RS13315	31	100.000	37	0	0	336	372	2438	2402	1.30e-12	69.4
C7H83_RS13360	2	97.807	684	12	1	1	684	82882	83562	0.0	1177
C7H83_RS13360	47	99.732	373	1	0	32	404	373	1	0.0	684
C7H83_RS13360	23	98.214	280	2	1	405	684	1	277	5.70e-138	486
C7H83_RS13360	44	96.629	267	6	1	418	684	1000	737	4.50e-124	440
C7H83_RS13360	53	100.000	29	0	0	2	30	76	104	6.85e-08	54.7
FORC82_RS23655	8	99.383	324	2	0	1	324	33325	33648	6.96e-169	588
FORC82_RS23665	8	99.145	117	1	0	1	117	33893	34009	5.69e-56	211
FORC82_RS23670	8	94.271	1920	110	0	1	1920	34025	35944	0.0	2937
A6A40_RS17880	41	81.476	1328	201	27	199	1492	1378	62	0.0	1048
GKQ57_RS13950	24	100.000	1008	0	0	1	1008	15790	16797	0.0	1862
GKQ57_RS13955	24	100.000	1638	0	0	1	1638	16956	18593	0.0	3025
GKQ57_RS13960	24	100.000	1155	0	0	1	1155	18604	19758	0.0	2134
GKQ57_RS13975	29	93.160	307	19	2	1	306	941	636	3.22e-127	449
GKQ57_RS13980	34	100.000	2051	0	0	626	2676	4979	2929	0.0	3788
GKQ57_RS13980	9	90.000	1970	186	11	627	2592	104091	102129	0.0	2536
GKQ57_RS13980	29	96.640	625	21	0	1	625	625	1	0.0	1038
GKQ57_RS13985	34	100.000	279	0	0	1	279	2909	2631	2.83e-147	516
GKQ57_RS13990	34	100.000	336	0	0	1	336	2171	1836	7.13e-179	621
GKQ57_RS13995	9	89.521	3865	356	33	1	3842	101541	97703	0.0	4848
GKQ57_RS13995	17	100.000	2398	0	0	1530	3927	40279	37882	0.0	4429
GKQ57_RS13995	23	94.871	2398	112	3	1531	3927	23989	21602	0.0	3736
GKQ57_RS13995	34	100.000	1529	0	0	1	1529	1529	1	0.0	2824
GKQ57_RS14000	17	100.000	357	0	0	1	357	37821	37465	0.0	660
GKQ57_RS14000	23	96.348	356	13	0	1	356	21540	21185	2.77e-168	586
GKQ57_RS14005	17	100.000	198	0	0	1	198	37454	37257	2.08e-102	366
GKQ57_RS14010	17	100.000	831	0	0	1	831	37249	36419	0.0	1535
GKQ57_RS14015	17	100.000	180	0	0	1	180	36388	36209	1.90e-92	333
GKQ57_RS14020	17	100.000	336	0	0	1	336	36173	35838	7.13e-179	621
GKQ57_RS14025	17	100.000	1128	0	0	1	1128	35830	34703	0.0	2084
GKQ57_RS14030	17	100.000	1569	0	0	1	1569	34184	32616	0.0	2898
GKQ57_RS14035	17	100.000	534	0	0	1	534	32446	31913	0.0	987
GKQ57_RS14040	17	100.000	2532	0	0	1	2532	31848	29317	0.0	4676
GKQ57_RS14045	17	99.950	2004	0	1	1	2004	29327	27325	0.0	3694
GKQ57_RS14050	17	100.000	381	0	0	1	381	27318	26938	0.0	704
GKQ57_RS14055	17	100.000	2556	0	0	1	2556	26809	24254	0.0	4721
GKQ57_RS14060	17	100.000	189	0	0	1	189	24251	24063	1.99e-97	350
GKQ57_RS14065	17	100.000	1152	0	0	1	1152	24044	22893	0.0	2128
GKQ57_RS14070	17	100.000	990	0	0	1	990	22803	21814	0.0	1829
GKQ57_RS14075	17	100.000	234	0	0	1	234	21750	21517	2.44e-122	433
GKQ57_RS14080	17	100.000	327	0	0	1	327	21516	21190	6.98e-174	604
GKQ57_RS14085	17	100.000	639	0	0	1	639	21098	20460	0.0	1181
GKQ57_RS14090	17	100.000	942	0	0	1	942	20453	19512	0.0	1740
GKQ57_RS14095	17	100.000	282	0	0	1	282	19140	18859	6.16e-149	521
GKQ57_RS14100	17	100.000	393	0	0	1	393	18866	18474	0.0	726
GKQ57_RS14105	17	100.000	2061	0	0	1	2061	18481	16421	0.0	3807
GKQ57_RS14110	17	100.000	1659	0	0	1	1659	16344	14686	0.0	3064
GKQ57_RS14115	17	100.000	1344	0	0	1	1344	13156	14499	0.0	2483
GKQ57_RS14120	17	100.000	774	0	0	1	774	12383	13156	0.0	1430
GKQ57_RS14125	17	100.000	552	0	0	1	552	11688	12239	0.0	1020
GKQ57_RS14130	17	100.000	192	0	0	1	192	11473	11664	4.36e-99	355
GKQ57_RS14135	17	100.000	186	0	0	1	186	11303	11488	9.11e-96	344
GKQ57_RS14140	17	100.000	231	0	0	1	231	10475	10705	1.12e-120	427
GKQ57_RS14145	17	100.000	393	0	0	1	393	10318	9926	0.0	726
GKQ57_RS14150	17	100.000	453	0	0	1	453	9860	9408	0.0	837
GKQ57_RS14155	17	100.000	153	0	0	1	153	9394	9242	1.61e-77	283
GKQ57_RS14160	17	100.000	591	0	0	1	591	9230	8640	0.0	1092
GKQ57_RS14160	23	83.692	558	74	10	19	572	1679	1135	2.91e-145	510
GKQ57_RS14165	17	100.000	293	0	0	1	293	8511	8219	4.93e-155	542
GKQ57_RS14170	17	100.000	246	0	0	1	246	8206	7961	5.49e-129	455
GKQ57_RS14175	17	100.000	183	0	0	1	183	7907	7725	4.16e-94	339
GKQ57_RS14180	17	100.000	717	0	0	1	717	7530	6814	0.0	1325
GKQ57_RS14185	17	100.000	1788	0	0	1	1788	6676	4889	0.0	3302
GKQ57_RS14185	17	90.043	231	23	0	997	1227	5407	5177	2.13e-81	300
GKQ57_RS14185	17	90.043	231	23	0	1270	1500	5680	5450	2.13e-81	300
GKQ57_RS14185	17	86.473	207	27	1	1024	1229	5092	4886	3.66e-59	226
GKQ57_RS14185	17	86.700	203	26	1	1585	1787	5653	5452	1.32e-58	224
GKQ57_RS14185	17	86.667	195	26	0	1303	1497	5086	4892	2.20e-56	217
GKQ57_RS14185	17	86.667	195	26	0	1591	1785	5374	5180	2.20e-56	217
GKQ57_RS14190	17	100.000	636	0	0	1	636	4703	4068	0.0	1175
GKQ57_RS14195	17	100.000	468	0	0	1	468	4081	3614	0.0	865
GKQ57_RS14200	17	100.000	528	0	0	1	528	3611	3084	0.0	976
GKQ57_RS14205	17	100.000	2181	0	0	1	2181	3041	861	0.0	4028
GKQ57_RS14210	17	100.000	543	0	0	1	543	754	212	0.0	1003
GKQ57_RS14215	24	100.000	312	0	0	265	576	1	312	2.76e-165	577
GKQ57_RS14215	17	100.000	145	0	0	1	145	145	1	1.89e-72	268
GKQ57_RS14220	24	100.000	333	0	0	1	333	455	787	3.29e-177	616
GKQ57_RS14225	24	100.000	1320	0	0	1	1320	2290	971	0.0	2438
GKQ57_RS14230	24	100.000	831	0	0	1	831	2750	3580	0.0	1535
GKQ57_RS14235	24	100.000	438	0	0	1	438	4753	5190	0.0	809
GKQ57_RS14240	24	100.000	567	0	0	1	567	5354	5920	0.0	1048
GKQ57_RS14245	24	100.000	183	0	0	1	183	5952	6134	4.16e-94	339
GKQ57_RS14250	24	100.000	537	0	0	1	537	6161	6697	0.0	992
GKQ57_RS14255	24	100.000	1059	0	0	1	1059	7884	6826	0.0	1956
GKQ57_RS14260	24	99.590	244	0	1	1	243	8152	7909	1.17e-125	444
GKQ57_RS14265	24	100.000	213	0	0	1	213	8685	8897	1.04e-110	394
GKQ57_RS14295	24	100.000	621	0	0	1	621	9421	10041	0.0	1147
GKQ57_RS14300	24	100.000	288	0	0	1	288	10058	10345	2.91e-152	532
GKQ57_RS14305	24	100.000	225	0	0	1	225	10339	10563	2.35e-117	416
GKQ57_RS14310	24	100.000	210	0	0	1	210	10624	10833	4.75e-109	388
GKQ57_RS14315	24	100.000	303	0	0	1	303	10845	11147	1.41e-160	560
GKQ57_RS14320	24	100.000	1329	0	0	1	1329	11574	12902	0.0	2455
GKQ57_RS14325	24	100.000	351	0	0	1	351	12899	13249	0.0	649
GKQ57_RS14330	24	100.000	111	0	0	1	111	13500	13610	2.49e-54	206
GKQ57_RS14335	24	100.000	297	0	0	1	297	13850	14146	2.99e-157	549
GKQ57_RS14340	24	100.000	783	0	0	1	783	14400	15182	0.0	1447
GKQ57_RS14345	24	100.000	357	0	0	1	357	15175	15531	0.0	660
GKQ57_RS14350	24	93.939	363	21	1	579	940	16371	16733	3.85e-156	547
GKQ57_RS14360	23	97.103	2347	60	4	7	2352	10251	7912	0.0	3951
GKQ57_RS14365	23	98.185	2259	41	0	1	2259	7925	5667	0.0	3945
GKQ57_RS14370	23	100.000	786	0	0	1	786	5144	4359	0.0	1452
GKQ57_RS14375	23	98.160	489	9	0	1	489	4353	3865	0.0	854
GKQ57_RS14380	23	98.502	267	4	0	1	267	3273	3007	5.93e-134	472
GKQ57_RS14385	23	99.800	501	1	0	1	501	2974	2474	0.0	920
GKQ57_RS14390	23	99.598	249	1	0	1	249	2461	2213	5.56e-129	455
GKQ57_RS14395	23	98.082	417	8	0	1	417	2137	1721	0.0	726
GKQ57_RS14400	23	99.316	585	4	0	1	585	1697	1113	0.0	1059
GKQ57_RS14405	23	100.000	267	0	0	1	267	1002	736	1.27e-140	494
GKQ57_RS14410	23	99.275	276	2	0	1	276	743	468	2.82e-142	499
GKQ57_RS14420	17	91.146	192	17	0	1	192	11473	11664	9.78e-71	261
GKQ57_RS14425	17	83.784	555	88	2	1	554	12383	12936	1.38e-149	525
GKQ57_RS14475	43	99.792	960	2	0	1	960	97	1056	0.0	1762
GKQ57_RS14505	22	89.394	594	63	0	3	596	23079	23672	0.0	749
GKQ57_RS14530	27	99.328	1191	8	0	1	1191	10627	9437	0.0	2156
GKQ57_RS14530	31	97.015	134	3	1	226	358	6261	6128	8.72e-59	224
GKQ57_RS14530	21	100.000	65	0	0	1	65	21464	21400	1.18e-27	121
GKQ57_RS14580	31	99.681	939	3	0	1	939	3069	4007	0.0	1718
GKQ57_RS14585	31	99.904	1038	1	0	1	1038	4033	5070	0.0	1912
GKQ57_RS14590	21	99.140	1163	9	1	1	1162	21773	22935	0.0	2091
GKQ57_RS14595	24	94.393	107	6	0	2	108	9935	10041	4.08e-42	165
GKQ57_RS14600	24	96.508	315	11	0	1	315	10031	10345	6.94e-149	521
GKQ57_RS14605	24	99.556	225	1	0	1	225	10339	10563	1.09e-115	411
GKQ57_RS14610	24	99.048	210	2	0	1	210	10624	10833	1.03e-105	377
GKQ57_RS14615	24	97.360	303	8	0	1	303	10845	11147	3.10e-147	516
GKQ57_RS14620	24	99.248	1329	10	0	1	1329	11574	12902	0.0	2399
GKQ57_RS14625	24	100.000	351	0	0	1	351	12899	13249	0.0	649
GKQ57_RS14630	24	100.000	111	0	0	1	111	13500	13610	2.49e-54	206
GKQ57_RS14635	24	99.296	284	2	0	1	284	13850	14133	1.07e-146	514
F0T12_RS11610	8	95.833	1920	80	0	1	1920	34025	35944	0.0	3103
F0T12_RS11840	8	99.145	117	1	0	1	117	33893	34009	5.69e-56	211
F0T11_RS11675	8	99.145	117	1	0	1	117	33893	34009	5.69e-56	211
F0T11_RS11680	8	95.833	1920	80	0	1	1920	34025	35944	0.0	3103
F0T10_RS11820	8	95.833	1920	80	0	1	1920	34025	35944	0.0	3103
F0T10_RS11825	8	99.145	117	1	0	1	117	33893	34009	5.69e-56	211
FJR70_RS32870	38	99.196	746	3	3	1	743	2297	1552	0.0	1341
FJR70_RS32875	38	100.000	84	0	0	1	84	2505	2422	1.79e-39	156
BTOYO_RS25130	18	81.879	149	27	0	1	149	4555	4703	3.98e-30	126
DPAN417_RS10640	8	94.038	1929	106	4	1	1929	34025	35944	0.0	2916
DPAN417_RS10645	8	99.145	117	1	0	1	117	33893	34009	5.69e-56	211
DPAN417_RS10650	8	100.000	312	0	0	1	312	33337	33648	1.45e-165	577
DPAN417_RS10655	8	100.000	315	0	0	1	315	22238	22552	3.14e-167	582
CAB88_RS30285	18	80.769	182	29	5	1	179	4555	4733	1.84e-33	137
YBT1518_RS30485	6	95.946	74	3	0	1	74	155960	155887	5.54e-29	121
YBT1518_RS31975	6	94.595	74	4	0	1	74	155960	155887	2.58e-27	115
YBT1518_RS32575	18	80.663	181	31	3	1	179	4555	4733	1.84e-33	137
YBT1518_RS33600	6	93.421	76	3	1	1	76	155960	155887	3.45e-26	111
FKW92_RS14005	43	99.062	960	9	0	1	960	97	1056	0.0	1724
FKW92_RS14030	42	75.746	503	116	4	752	1251	640	141	5.44e-66	248
FKW92_RS14120	21	95.349	43	0	2	181	222	21691	21732	2.69e-12	67.6
FKW92_RS14125	21	99.398	1163	7	0	1	1163	21773	22935	0.0	2109
FKW92_RS14130	21	97.917	96	2	0	662	757	23060	22965	9.37e-42	167
FKW92_RS14185	21	99.484	1163	6	0	1	1163	21773	22935	0.0	2115
FKW92_RS14190	31	86.658	757	101	0	423	1179	6131	5375	0.0	839
FKW92_RS14210	3	76.746	1217	277	6	28	1241	324012	322799	0.0	675
FKW92_RS14250	27	91.549	213	18	0	7	219	9649	9437	1.12e-80	294
FKW92_RS14250	31	85.380	171	23	2	1	170	5581	5412	4.22e-45	176
FKW92_RS14265	2	96.145	441	14	1	212	652	83125	83562	0.0	717
FKW92_RS14265	2	99.558	226	1	0	1	226	82882	83107	9.34e-116	412
FKW92_RS14265	23	98.571	280	1	1	373	652	1	277	1.17e-139	492
FKW92_RS14265	44	97.004	267	5	1	386	652	1000	737	9.21e-126	446
FKW92_RS14265	47	99.487	195	1	0	32	226	373	179	1.60e-98	355
FKW92_RS14265	47	98.710	155	2	0	218	372	155	1	1.28e-74	276
FKW92_RS14265	53	100.000	29	0	0	2	30	76	104	6.52e-08	54.7
FKW92_RS14310	22	82.339	821	141	4	1	819	20706	21524	0.0	710
FKW92_RS14315	22	80.615	650	120	6	37	683	20514	19868	2.66e-141	497
FKW92_RS14320	22	81.921	1510	259	14	1	1503	19850	18348	0.0	1264
FKW92_RS14335	21	99.484	1163	6	0	1	1163	21773	22935	0.0	2115
FKW92_RS14380	21	99.398	1163	7	0	1	1163	21773	22935	0.0	2109
FKW92_RS14385	21	99.691	1293	4	0	1	1293	20634	19342	0.0	2366
FKW92_RS14390	21	100.000	261	0	0	1	261	21168	20908	2.69e-137	483
FKW92_RS14395	31	86.658	757	101	0	423	1179	6131	5375	0.0	839
FKW92_RS14410	2	98.385	681	11	0	1	681	82882	83562	0.0	1197
FKW92_RS14410	47	99.732	373	1	0	32	404	373	1	0.0	684
FKW92_RS14410	23	98.917	277	3	0	405	681	1	277	9.43e-141	496
FKW92_RS14410	44	98.106	264	5	0	418	681	1000	737	3.44e-130	460
FKW92_RS14410	53	100.000	29	0	0	2	30	76	104	6.82e-08	54.7
FKW92_RS14445	23	98.305	177	3	0	1	177	101	277	8.74e-86	311
FKW92_RS14445	44	97.740	177	4	0	1	177	913	737	4.07e-84	305
FKW92_RS14445	2	97.740	177	4	0	1	177	83386	83562	4.07e-84	305
FKW92_RS14465	31	99.702	336	1	0	1	336	2365	2030	6.94e-177	616
FKW92_RS14465	31	98.328	299	3	1	383	681	2034	1738	4.33e-149	523
FKW92_RS14470	2	97.082	377	11	0	5	381	83186	83562	0.0	636
FKW92_RS14470	23	99.278	277	2	0	105	381	1	277	1.11e-142	501
FKW92_RS14470	44	97.727	264	6	0	118	381	1000	737	8.75e-129	455
FKW92_RS14470	47	100.000	100	0	0	5	104	100	1	1.27e-47	185
FKW92_RS14480	31	99.702	336	1	0	1	336	2365	2030	6.94e-177	616
FKW92_RS14480	31	98.328	299	3	1	383	681	2034	1738	4.33e-149	523
FKW92_RS14505	21	91.925	161	13	0	66	226	12581	12421	7.78e-60	226
FKW92_RS14525	2	98.238	681	12	0	1	681	82882	83562	0.0	1192
FKW92_RS14525	47	99.464	373	2	0	32	404	373	1	0.0	678
FKW92_RS14525	23	99.639	277	1	0	405	681	1	277	4.36e-144	507
FKW92_RS14525	44	98.106	264	5	0	418	681	1000	737	3.44e-130	460
FKW92_RS14525	53	100.000	29	0	0	2	30	76	104	6.82e-08	54.7
FKW92_RS14530	21	100.000	39	0	0	1282	1320	28224	28186	3.71e-13	73.1
FKW92_RS14535	35	100.000	566	0	0	1	566	3513	4078	0.0	1046
FKW92_RS14540	35	98.824	85	1	0	1	85	3241	3157	4.47e-37	152
FKW92_RS14545	9	80.039	1538	296	10	33	1566	82096	83626	0.0	1129
FKW92_RS14670	35	98.824	85	1	0	1	85	3241	3157	4.47e-37	152
FKW92_RS14725	21	89.243	1097	118	0	1	1097	20634	19538	0.0	1373
FKW92_RS14730	35	99.927	1377	1	0	1	1377	582	1958	0.0	2538
FKW92_RS14735	35	100.000	582	0	0	76	657	1	582	0.0	1075
FKW92_RS14740	27	99.677	1237	4	0	1	1237	12696	13932	0.0	2263
FKW92_RS14745	27	98.969	97	1	0	60	156	12581	12677	1.04e-44	174
FKW92_RS14755	27	99.715	351	1	0	1	351	12024	12374	0.0	643
FKW92_RS14755	21	99.000	100	1	0	351	450	21579	21678	7.02e-46	180
FKW92_RS14760	27	97.790	543	1	1	1	543	11337	11868	0.0	926
FKW92_RS14770	2	98.238	681	12	0	1	681	82882	83562	0.0	1192
FKW92_RS14770	47	99.732	373	1	0	32	404	373	1	0.0	684
FKW92_RS14770	23	99.639	277	1	0	405	681	1	277	4.36e-144	507
FKW92_RS14770	44	98.106	264	5	0	418	681	1000	737	3.44e-130	460
FKW92_RS15290	31	86.658	757	101	0	423	1179	6131	5375	0.0	839
FKW92_RS15415	42	75.746	503	116	4	752	1251	640	141	5.44e-66	248
FKW92_RS15560	42	75.746	503	116	4	752	1251	640	141	5.44e-66	248
FKW92_RS15655	22	83.788	586	95	0	8	593	23084	23669	3.84e-159	556
FKW92_RS15690	44	97.260	73	2	0	3	75	809	737	4.36e-30	124
FKW92_RS15690	23	97.260	73	2	0	3	75	205	277	4.36e-30	124
FKW92_RS15690	2	97.260	73	2	0	3	75	83490	83562	4.36e-30	124
FKW92_RS15700	2	98.390	621	10	0	1	621	82882	83502	0.0	1092
FKW92_RS15700	47	99.732	373	1	0	32	404	373	1	0.0	684
FKW92_RS15700	23	100.000	216	0	0	405	620	1	216	7.54e-112	399
FKW92_RS15700	44	97.585	207	5	0	418	624	1000	794	1.66e-98	355
FKW92_RS15700	53	100.000	29	0	0	2	30	76	104	6.76e-08	54.7
FKW92_RS15740	2	98.385	681	11	0	1	681	82882	83562	0.0	1197
FKW92_RS15740	47	99.732	373	1	0	32	404	373	1	0.0	684
FKW92_RS15740	23	99.639	277	1	0	405	681	1	277	4.36e-144	507
FKW92_RS15740	44	98.106	264	5	0	418	681	1000	737	3.44e-130	460
FKW92_RS15740	53	100.000	29	0	0	2	30	76	104	6.82e-08	54.7
FKW92_RS15750	31	86.658	757	101	0	423	1179	6131	5375	0.0	839
FKW92_RS15945	2	98.532	681	10	0	1	681	82882	83562	0.0	1203
FKW92_RS15945	47	99.732	373	1	0	32	404	373	1	0.0	684
FKW92_RS15945	23	99.278	277	2	0	405	681	1	277	2.03e-142	501
FKW92_RS15945	44	98.485	264	4	0	418	681	1000	737	7.40e-132	466
FKW92_RS15945	53	100.000	29	0	0	2	30	76	104	6.82e-08	54.7
FKW92_RS15975	2	98.385	681	11	0	1	681	82882	83562	0.0	1197
FKW92_RS15975	47	99.732	373	1	0	32	404	373	1	0.0	684
FKW92_RS15975	23	99.639	277	1	0	405	681	1	277	4.36e-144	507
FKW92_RS15975	44	98.106	264	5	0	418	681	1000	737	3.44e-130	460
FKW92_RS15975	53	100.000	29	0	0	2	30	76	104	6.82e-08	54.7
FKW92_RS15995	2	98.238	681	12	0	1	681	82882	83562	0.0	1192
FKW92_RS15995	47	99.732	373	1	0	32	404	373	1	0.0	684
FKW92_RS15995	23	99.278	277	2	0	405	681	1	277	2.03e-142	501
FKW92_RS15995	44	97.727	264	6	0	418	681	1000	737	1.60e-128	455
FKW92_RS15995	53	100.000	29	0	0	2	30	76	104	6.82e-08	54.7
FKW92_RS16000	38	97.203	143	4	0	2	144	273	131	2.55e-65	243
FKW92_RS16005	51	100.000	135	0	0	27	161	135	1	2.34e-67	250
FKW92_RS16010	40	97.802	273	6	0	1	273	66	338	6.08e-134	472
FKW92_RS16015	40	96.412	864	31	0	1	864	340	1203	0.0	1424
FKW92_RS16020	38	99.729	738	2	0	1	738	2297	1560	0.0	1352
FKW92_RS16025	38	98.810	84	1	0	1	84	2505	2422	8.34e-38	150
FKW92_RS16030	38	100.000	73	0	0	12	84	2626	2554	2.34e-33	135
FKW92_RS16035	39	100.000	795	0	0	1	795	2087	1293	0.0	1469
FKW92_RS16040	39	100.000	252	0	0	1	252	2431	2180	2.60e-132	466
FKW92_RS16055	39	100.000	229	0	0	1	229	262	34	1.57e-119	424
FKW92_RS16060	39	99.819	554	1	0	356	909	812	259	0.0	1018
FKW92_RS16090	2	98.385	681	11	0	1	681	82882	83562	0.0	1197
FKW92_RS16090	47	99.732	373	1	0	32	404	373	1	0.0	684
FKW92_RS16090	23	99.639	277	1	0	405	681	1	277	4.36e-144	507
FKW92_RS16090	44	98.106	264	5	0	418	681	1000	737	3.44e-130	460
FKW92_RS16090	53	100.000	29	0	0	2	30	76	104	6.82e-08	54.7
FKW92_RS16110	2	98.385	681	11	0	1	681	82882	83562	0.0	1197
FKW92_RS16110	47	99.732	373	1	0	32	404	373	1	0.0	684
FKW92_RS16110	23	99.639	277	1	0	405	681	1	277	4.36e-144	507
FKW92_RS16110	44	98.106	264	5	0	418	681	1000	737	3.44e-130	460
FKW92_RS16110	53	100.000	29	0	0	2	30	76	104	6.82e-08	54.7
FKW92_RS16130	21	99.398	1163	7	0	1	1163	21773	22935	0.0	2109
FKW92_RS16135	21	100.000	35	0	0	221	255	21698	21732	1.12e-11	65.8
FBF59_RS29050	18	82.667	150	26	0	1	150	4555	4704	2.38e-32	134
FBF59_RS29750	5	82.804	913	155	2	1	912	72486	73397	0.0	815
DDJ96_RS15305	22	86.195	594	82	0	3	596	23079	23672	0.0	643
FF957_RS15120	39	99.819	554	1	0	83	636	812	259	0.0	1018
FF957_RS15125	39	100.000	262	0	0	1	262	262	1	1.58e-137	484
FF957_RS15125	39	100.000	241	0	0	263	503	2460	2220	7.46e-126	446
FF957_RS15125	39	100.000	40	0	0	492	531	2219	2180	4.05e-14	75.0
FF957_RS15130	39	100.000	795	0	0	1	795	2087	1293	0.0	1469
FF957_RS15140	39	99.038	208	1	1	1	207	1017	810	1.39e-103	372
FGF59_RS24445	8	89.222	167	18	0	2	168	36068	36234	3.09e-55	209
FGF59_RS24455	8	93.854	1920	118	0	1	1920	34025	35944	0.0	2892
FGF59_RS24460	8	95.726	117	5	0	1	117	33893	34009	2.67e-49	189
FGF59_RS24465	8	96.368	468	17	0	1	468	33181	33648	0.0	771
FGO77_RS24685	8	88.623	167	19	0	2	168	36068	36234	1.44e-53	204
FGO77_RS24695	8	93.854	1920	118	0	1	1920	34025	35944	0.0	2892
FGO77_RS24700	8	95.726	117	5	0	1	117	33893	34009	2.67e-49	189
FGO77_RS24705	8	96.368	468	17	0	1	468	33181	33648	0.0	771
FE005_RS16140	2	78.483	2175	428	33	97	2257	121052	123200	0.0	1387
FE005_RS16235	6	97.297	74	2	0	1	74	155960	155887	1.19e-30	126
FE005_RS16260	21	91.892	259	21	0	1	259	21168	20910	3.65e-101	363
FGF98_RS00040	31	86.658	757	101	0	423	1179	6131	5375	0.0	839
FGF98_RS00115	31	99.405	336	2	0	1	336	2365	2030	3.23e-175	610
FGF98_RS00115	31	95.987	299	10	1	383	681	2034	1738	2.04e-137	484
FGF98_RS00135	31	92.727	55	4	0	108	162	2451	2397	2.43e-16	80.5
FGF98_RS00140	31	98.516	337	4	1	1	337	2365	2030	3.26e-170	593
FGF98_RS00140	31	87.333	300	34	3	384	682	2034	1738	4.68e-94	340
FGF98_RS00160	21	93.243	74	5	0	554	627	20868	20795	1.65e-24	110
FGF98_RS00205	21	99.140	1163	10	0	1	1163	21773	22935	0.0	2093
FGF98_RS00270	27	92.336	822	61	2	1	821	10627	9807	0.0	1168
FGF98_RS00270	27	88.400	250	27	2	943	1191	9685	9437	1.41e-81	300
FGF98_RS00270	31	83.138	682	99	12	469	1142	6085	5412	2.06e-174	608
FGF98_RS00270	31	99.254	134	0	1	226	358	6261	6128	8.66e-64	241
FGF98_RS00270	21	100.000	65	0	0	1	65	21464	21400	1.18e-27	121
FGF98_RS00365	2	90.015	681	68	0	1	681	82882	83562	0.0	881
FGF98_RS00365	31	98.512	336	5	0	1	336	2365	2030	3.25e-170	593
FGF98_RS00365	23	99.639	277	1	0	405	681	1	277	4.36e-144	507
FGF98_RS00365	44	98.106	264	5	0	418	681	1000	737	3.44e-130	460
FGF98_RS00365	47	86.575	365	49	0	40	404	365	1	5.88e-113	403
FGF98_RS00460	21	99.398	1163	7	0	1	1163	21773	22935	0.0	2109
FGF98_RS00645	43	98.854	960	11	0	1	960	97	1056	0.0	1712
FGF98_RS00670	42	75.746	503	116	4	752	1251	640	141	5.44e-66	248
FGF98_RS00765	21	95.349	43	0	2	181	222	21691	21732	2.69e-12	67.6
FGF98_RS00770	21	99.484	1163	6	0	1	1163	21773	22935	0.0	2115
FGF98_RS00775	21	97.917	96	2	0	662	757	23060	22965	9.37e-42	167
FGF98_RS00800	2	100.000	34	0	0	507	540	83618	83585	8.93e-11	63.9
FGF98_RS00800	44	100.000	33	0	0	508	540	682	714	3.21e-10	62.1
FGF98_RS00800	23	100.000	32	0	0	509	540	331	300	1.16e-09	60.2
FGF98_RS00805	2	98.385	681	11	0	1	681	82882	83562	0.0	1197
FGF98_RS00805	47	99.732	373	1	0	32	404	373	1	0.0	684
FGF98_RS00805	23	99.639	277	1	0	405	681	1	277	4.36e-144	507
FGF98_RS00805	44	98.106	264	5	0	418	681	1000	737	3.44e-130	460
FGF98_RS00805	53	100.000	29	0	0	2	30	76	104	6.82e-08	54.7
FGF98_RS00825	21	91.925	161	13	0	66	226	12581	12421	7.78e-60	226
FGF98_RS00860	2	100.000	183	0	0	1	183	82882	83064	4.16e-94	339
FGF98_RS00860	47	100.000	152	0	0	32	183	373	222	7.11e-77	281
FGF98_RS00860	53	100.000	29	0	0	2	30	76	104	1.69e-08	54.7
FGF98_RS00870	8	84.524	168	26	0	1	168	36067	36234	1.89e-42	167
FGF98_RS00880	2	98.385	681	11	0	1	681	82882	83562	0.0	1197
FGF98_RS00880	47	99.732	373	1	0	32	404	373	1	0.0	684
FGF98_RS00880	23	98.917	277	3	0	405	681	1	277	9.43e-141	496
FGF98_RS00880	44	98.106	264	5	0	418	681	1000	737	3.44e-130	460
FGF98_RS00880	53	100.000	29	0	0	2	30	76	104	6.82e-08	54.7
FGF98_RS00900	31	99.604	757	3	0	423	1179	6131	5375	0.0	1382
FGF98_RS00900	31	99.254	134	0	1	226	358	6261	6128	8.57e-64	241
FGF98_RS00900	27	84.922	829	109	13	1	821	10627	9807	0.0	824
FGF98_RS00900	21	100.000	65	0	0	1	65	21464	21400	1.16e-27	121
FGF98_RS00945	22	82.339	821	141	4	1	819	20706	21524	0.0	710
FGF98_RS00950	22	80.615	650	120	6	37	683	20514	19868	2.66e-141	497
FGF98_RS00955	22	81.921	1510	259	14	1	1503	19850	18348	0.0	1264
FGF98_RS00970	21	99.484	1163	6	0	1	1163	21773	22935	0.0	2115
FGF98_RS01035	21	99.398	1163	7	0	1	1163	21773	22935	0.0	2109
FGF98_RS01040	21	99.536	1293	6	0	1	1293	20634	19342	0.0	2355
FGF98_RS01060	21	100.000	261	0	0	1	261	21168	20908	2.69e-137	483
FGF98_RS01065	31	86.658	757	101	0	423	1179	6131	5375	0.0	839
FGF98_RS01070	21	100.000	39	0	0	1282	1320	28224	28186	3.71e-13	73.1
FGF98_RS01075	35	100.000	566	0	0	1	566	3513	4078	0.0	1046
FGF98_RS01085	35	98.824	85	1	0	1	85	3241	3157	3.29e-37	152
FGF98_RS01165	35	99.927	1377	1	0	1	1377	582	1958	0.0	2538
FGF98_RS01170	35	100.000	582	0	0	76	657	1	582	0.0	1075
FGF98_RS01175	27	99.677	1237	4	0	1	1237	12696	13932	0.0	2263
FGF98_RS01180	27	98.969	97	1	0	60	156	12581	12677	1.04e-44	174
FGF98_RS01190	27	99.715	351	1	0	1	351	12024	12374	0.0	643
FGF98_RS15610	27	97.790	543	1	1	1	543	11337	11868	0.0	926
FGF98_RS01215	31	87.629	194	24	0	23	216	5568	5375	4.06e-60	226
FGF98_RS01255	31	87.847	757	92	0	423	1179	6131	5375	0.0	889
FGF98_RS01265	31	99.405	336	2	0	1	336	2365	2030	2.89e-175	610
FGF98_RS01265	31	98.261	230	4	0	383	612	2034	1805	5.27e-113	403
FGF98_RS01270	22	90.685	569	53	0	14	582	23102	23670	0.0	758
FGF98_RS15190	2	98.385	681	11	0	1	681	82882	83562	0.0	1197
FGF98_RS15190	47	99.732	373	1	0	32	404	373	1	0.0	684
FGF98_RS15190	23	99.639	277	1	0	405	681	1	277	4.36e-144	507
FGF98_RS15190	44	98.106	264	5	0	418	681	1000	737	3.44e-130	460
FGF98_RS15190	53	100.000	29	0	0	2	30	76	104	6.82e-08	54.7
FGF98_RS15215	2	98.385	681	11	0	1	681	82882	83562	0.0	1197
FGF98_RS15215	47	99.732	373	1	0	32	404	373	1	0.0	684
FGF98_RS15215	23	99.639	277	1	0	405	681	1	277	4.36e-144	507
FGF98_RS15215	44	98.106	264	5	0	418	681	1000	737	3.44e-130	460
FGF98_RS15215	53	100.000	29	0	0	2	30	76	104	6.82e-08	54.7
FGF98_RS15250	22	83.788	586	95	0	8	593	23084	23669	3.84e-159	556
FGF98_RS15290	2	98.238	681	12	0	1	681	82882	83562	0.0	1192
FGF98_RS15290	47	99.464	373	2	0	32	404	373	1	0.0	678
FGF98_RS15290	23	99.639	277	1	0	405	681	1	277	4.36e-144	507
FGF98_RS15290	44	98.106	264	5	0	418	681	1000	737	3.44e-130	460
FGF98_RS15290	53	100.000	29	0	0	2	30	76	104	6.82e-08	54.7
FGF98_RS15295	38	100.000	84	0	0	1	84	2505	2422	1.79e-39	156
FGF98_RS15300	38	99.729	738	2	0	1	738	2297	1560	0.0	1352
FGF98_RS15740	38	97.561	123	3	0	1	123	1555	1433	6.04e-56	211
FGF98_RS15315	44	98.462	260	4	0	2	261	411	152	4.53e-130	459
FGF98_RS15315	38	95.019	261	13	0	1	261	1390	1130	1.29e-115	411
FGF98_RS15340	39	100.000	554	0	0	356	909	812	259	0.0	1024
FGF98_RS15345	39	100.000	281	0	0	263	543	2460	2180	4.43e-148	520
FGF98_RS15345	39	100.000	262	0	0	1	262	262	1	1.62e-137	484
FGF98_RS15350	39	99.874	795	1	0	1	795	2087	1293	0.0	1463
FGF98_RS15360	39	100.000	102	0	0	1	102	1017	916	2.88e-49	189
FGF98_RS15365	2	98.238	681	12	0	1	681	82882	83562	0.0	1192
FGF98_RS15365	47	99.732	373	1	0	32	404	373	1	0.0	684
FGF98_RS15365	23	99.278	277	2	0	405	681	1	277	2.03e-142	501
FGF98_RS15365	44	97.727	264	6	0	418	681	1000	737	1.60e-128	455
FGF98_RS15365	53	100.000	29	0	0	2	30	76	104	6.82e-08	54.7
FGF98_RS15390	21	99.398	1163	7	0	1	1163	21773	22935	0.0	2109
FGF98_RS15395	21	100.000	35	0	0	221	255	21698	21732	1.12e-11	65.8
FGF98_RS15430	2	98.385	681	11	0	1	681	82882	83562	0.0	1197
FGF98_RS15430	47	99.732	373	1	0	32	404	373	1	0.0	684
FGF98_RS15430	23	99.639	277	1	0	405	681	1	277	4.36e-144	507
FGF98_RS15430	44	98.106	264	5	0	418	681	1000	737	3.44e-130	460
FGF98_RS15430	53	100.000	29	0	0	2	30	76	104	6.82e-08	54.7
FGF98_RS15435	2	98.385	681	11	0	1	681	82882	83562	0.0	1197
FGF98_RS15435	47	99.732	373	1	0	32	404	373	1	0.0	684
FGF98_RS15435	23	99.639	277	1	0	405	681	1	277	4.36e-144	507
FGF98_RS15435	44	98.106	264	5	0	418	681	1000	737	3.44e-130	460
FGF98_RS15435	53	100.000	29	0	0	2	30	76	104	6.82e-08	54.7
FGF98_RS15515	2	98.385	681	11	0	1	681	82882	83562	0.0	1197
FGF98_RS15515	47	99.732	373	1	0	32	404	373	1	0.0	684
FGF98_RS15515	23	99.639	277	1	0	405	681	1	277	4.36e-144	507
FGF98_RS15515	44	98.106	264	5	0	418	681	1000	737	3.44e-130	460
FGF98_RS15515	53	100.000	29	0	0	2	30	76	104	6.82e-08	54.7
FGF98_RS15550	22	83.788	586	95	0	8	593	23084	23669	3.84e-159	556
FGY81_RS13770	42	75.746	503	116	4	752	1251	640	141	5.44e-66	248
FGY81_RS14070	2	98.091	681	13	0	1	681	82882	83562	0.0	1186
FGY81_RS14070	47	99.732	373	1	0	32	404	373	1	0.0	684
FGY81_RS14070	23	99.639	277	1	0	405	681	1	277	4.36e-144	507
FGY81_RS14070	44	98.106	264	5	0	418	681	1000	737	3.44e-130	460
FGY81_RS14080	21	91.925	161	13	0	66	226	12581	12421	7.78e-60	226
FGY81_RS14100	31	93.548	62	4	0	1	62	1732	1671	9.87e-20	93.5
FGY81_RS14105	31	99.702	336	1	0	1	336	2365	2030	6.94e-177	616
FGY81_RS14105	31	98.328	299	3	1	383	681	2034	1738	4.33e-149	523
FGY81_RS14115	2	97.082	377	11	0	5	381	83186	83562	0.0	636
FGY81_RS14115	23	99.278	277	2	0	105	381	1	277	1.11e-142	501
FGY81_RS14115	44	97.727	264	6	0	118	381	1000	737	8.75e-129	455
FGY81_RS14115	47	100.000	100	0	0	5	104	100	1	1.27e-47	185
FGY81_RS14130	31	99.472	757	4	0	423	1179	6131	5375	0.0	1376
FGY81_RS14130	31	99.254	134	0	1	226	358	6261	6128	8.57e-64	241
FGY81_RS14130	27	85.042	829	108	13	1	821	10627	9807	0.0	830
FGY81_RS14130	21	100.000	65	0	0	1	65	21464	21400	1.16e-27	121
FGY81_RS14150	2	98.385	681	11	0	1	681	82882	83562	0.0	1197
FGY81_RS14150	47	99.732	373	1	0	32	404	373	1	0.0	684
FGY81_RS14150	23	98.917	277	3	0	405	681	1	277	9.43e-141	496
FGY81_RS14150	44	98.106	264	5	0	418	681	1000	737	3.44e-130	460
FGY81_RS14150	53	100.000	29	0	0	2	30	76	104	6.82e-08	54.7
FGY81_RS14155	2	99.430	351	2	0	1	351	82882	83232	0.0	638
FGY81_RS14155	47	99.688	320	1	0	32	351	373	54	2.72e-168	586
FGY81_RS16210	27	97.790	543	1	1	1	543	11337	11868	0.0	926
FGY81_RS14175	27	99.715	351	1	0	1	351	12024	12374	0.0	643
FGY81_RS14175	21	99.000	100	1	0	351	450	21579	21678	7.02e-46	180
FGY81_RS14185	27	98.969	97	1	0	60	156	12581	12677	1.04e-44	174
FGY81_RS14190	27	99.677	1237	4	0	1	1237	12696	13932	0.0	2263
FGY81_RS14195	35	100.000	582	0	0	76	657	1	582	0.0	1075
FGY81_RS14200	35	99.855	1377	2	0	1	1377	582	1958	0.0	2532
FGY81_RS14280	35	98.824	85	1	0	1	85	3241	3157	1.78e-37	152
FGY81_RS14290	35	100.000	566	0	0	1	566	3513	4078	0.0	1046
FGY81_RS14305	2	98.385	681	11	0	1	681	82882	83562	0.0	1197
FGY81_RS14305	47	99.732	373	1	0	32	404	373	1	0.0	684
FGY81_RS14305	23	99.639	277	1	0	405	681	1	277	4.36e-144	507
FGY81_RS14305	44	98.106	264	5	0	418	681	1000	737	3.44e-130	460
FGY81_RS14305	53	100.000	29	0	0	2	30	76	104	6.82e-08	54.7
FGY81_RS14350	2	90.015	681	68	0	1	681	82882	83562	0.0	881
FGY81_RS14350	31	98.512	336	5	0	1	336	2365	2030	3.25e-170	593
FGY81_RS14350	23	99.639	277	1	0	405	681	1	277	4.36e-144	507
FGY81_RS14350	44	98.106	264	5	0	418	681	1000	737	3.44e-130	460
FGY81_RS14350	47	86.575	365	49	0	40	404	365	1	5.88e-113	403
FGY81_RS14370	2	98.385	681	11	0	1	681	82882	83562	0.0	1197
FGY81_RS14370	47	99.732	373	1	0	32	404	373	1	0.0	684
FGY81_RS14370	23	98.917	277	3	0	405	681	1	277	9.43e-141	496
FGY81_RS14370	44	98.106	264	5	0	418	681	1000	737	3.44e-130	460
FGY81_RS14370	53	100.000	29	0	0	2	30	76	104	6.82e-08	54.7
FGY81_RS14390	2	98.385	681	11	0	1	681	82882	83562	0.0	1197
FGY81_RS14390	47	99.732	373	1	0	32	404	373	1	0.0	684
FGY81_RS14390	23	99.639	277	1	0	405	681	1	277	4.36e-144	507
FGY81_RS14390	44	98.106	264	5	0	418	681	1000	737	3.44e-130	460
FGY81_RS14390	53	100.000	29	0	0	2	30	76	104	6.82e-08	54.7
FGY81_RS14415	22	89.226	594	64	0	3	596	23079	23672	0.0	743
FGY81_RS14435	31	99.107	336	3	0	1	336	2365	2030	1.50e-173	604
FGY81_RS14435	31	98.328	299	3	1	383	681	2034	1738	4.33e-149	523
FGY81_RS14440	31	100.000	28	0	0	609	636	5323	5350	2.29e-07	52.8
FGY81_RS14445	31	99.472	757	4	0	423	1179	6131	5375	0.0	1376
FGY81_RS14445	31	99.254	134	0	1	226	358	6261	6128	8.57e-64	241
FGY81_RS14445	27	85.042	829	108	13	1	821	10627	9807	0.0	830
FGY81_RS14445	21	100.000	65	0	0	1	65	21464	21400	1.16e-27	121
FGY81_RS14620	21	99.484	1163	6	0	1	1163	21773	22935	0.0	2115
FGY81_RS14635	22	81.921	1510	259	14	1	1503	19850	18348	0.0	1264
FGY81_RS14640	22	80.615	650	120	6	37	683	20514	19868	2.66e-141	497
FGY81_RS14645	22	82.339	821	141	4	1	819	20706	21524	0.0	710
FGY81_RS14785	21	99.484	1163	6	0	1	1163	21773	22935	0.0	2115
FGY81_RS14935	2	98.532	681	10	0	1	681	82882	83562	0.0	1203
FGY81_RS14935	47	99.732	373	1	0	32	404	373	1	0.0	684
FGY81_RS14935	23	99.278	277	2	0	405	681	1	277	2.03e-142	501
FGY81_RS14935	44	98.485	264	4	0	418	681	1000	737	7.40e-132	466
FGY81_RS14935	53	100.000	29	0	0	2	30	76	104	6.82e-08	54.7
FGY81_RS15045	31	99.405	336	2	0	1	336	2365	2030	3.23e-175	610
FGY81_RS15045	31	97.993	299	4	1	383	681	2034	1738	2.01e-147	518
FGY81_RS15405	2	98.825	681	8	0	1	681	82882	83562	0.0	1214
FGY81_RS15405	47	99.732	373	1	0	32	404	373	1	0.0	684
FGY81_RS15405	23	98.556	277	4	0	405	681	1	277	4.39e-139	490
FGY81_RS15405	44	99.242	264	2	0	418	681	1000	737	3.42e-135	477
FGY81_RS15405	53	100.000	29	0	0	2	30	76	104	6.82e-08	54.7
FGY81_RS15630	2	98.385	681	11	0	1	681	82882	83562	0.0	1197
FGY81_RS15630	47	99.732	373	1	0	32	404	373	1	0.0	684
FGY81_RS15630	23	99.639	277	1	0	405	681	1	277	4.36e-144	507
FGY81_RS15630	44	98.106	264	5	0	418	681	1000	737	3.44e-130	460
FGY81_RS15630	53	100.000	29	0	0	2	30	76	104	6.82e-08	54.7
FGY81_RS15655	2	98.385	681	11	0	1	681	82882	83562	0.0	1197
FGY81_RS15655	47	99.732	373	1	0	32	404	373	1	0.0	684
FGY81_RS15655	23	99.639	277	1	0	405	681	1	277	4.36e-144	507
FGY81_RS15655	44	98.106	264	5	0	418	681	1000	737	3.44e-130	460
FGY81_RS15655	53	100.000	29	0	0	2	30	76	104	6.82e-08	54.7
FGY81_RS15695	2	98.532	681	10	0	1	681	82882	83562	0.0	1203
FGY81_RS15695	47	99.732	373	1	0	32	404	373	1	0.0	684
FGY81_RS15695	23	99.278	277	2	0	405	681	1	277	2.03e-142	501
FGY81_RS15695	44	98.485	264	4	0	418	681	1000	737	7.40e-132	466
FGY81_RS15695	53	100.000	29	0	0	2	30	76	104	6.82e-08	54.7
FGY81_RS15735	2	97.059	306	9	0	1	306	83257	83562	3.13e-147	516
FGY81_RS15735	23	99.278	277	2	0	30	306	1	277	8.77e-143	501
FGY81_RS15735	44	98.485	264	4	0	43	306	1000	737	3.20e-132	466
FGY81_RS15735	47	100.000	29	0	0	1	29	29	1	2.95e-08	54.7
FGY81_RS15740	2	98.385	681	11	0	1	681	82882	83562	0.0	1197
FGY81_RS15740	47	99.732	373	1	0	32	404	373	1	0.0	684
FGY81_RS15740	23	99.639	277	1	0	405	681	1	277	4.36e-144	507
FGY81_RS15740	44	98.106	264	5	0	418	681	1000	737	3.44e-130	460
FGY81_RS15740	53	100.000	29	0	0	2	30	76	104	6.82e-08	54.7
FGY81_RS15755	2	99.738	381	1	0	1	381	82882	83262	0.0	699
FGY81_RS15755	47	99.714	350	1	0	32	381	373	24	0.0	641
FGY81_RS15755	53	100.000	29	0	0	2	30	76	104	3.98e-08	54.7
FGY81_RS15760	2	98.385	681	11	0	1	681	82882	83562	0.0	1197
FGY81_RS15760	47	99.732	373	1	0	32	404	373	1	0.0	684
FGY81_RS15760	23	99.639	277	1	0	405	681	1	277	4.36e-144	507
FGY81_RS15760	44	98.106	264	5	0	418	681	1000	737	3.44e-130	460
FGY81_RS15760	53	100.000	29	0	0	2	30	76	104	6.82e-08	54.7
FGY81_RS15785	21	99.312	1163	8	0	1	1163	21773	22935	0.0	2104
FGY81_RS15790	21	100.000	35	0	0	221	255	21698	21732	1.12e-11	65.8
FGY81_RS15830	2	98.385	681	11	0	1	681	82882	83562	0.0	1197
FGY81_RS15830	47	99.732	373	1	0	32	404	373	1	0.0	684
FGY81_RS15830	23	99.639	277	1	0	405	681	1	277	4.36e-144	507
FGY81_RS15830	44	98.106	264	5	0	418	681	1000	737	3.44e-130	460
FGY81_RS15830	53	100.000	29	0	0	2	30	76	104	6.82e-08	54.7
FGY81_RS15855	39	100.000	554	0	0	356	909	812	259	0.0	1024
FGY81_RS15860	39	100.000	229	0	0	1	229	262	34	1.57e-119	424
FGY81_RS15875	39	100.000	252	0	0	1	252	2431	2180	2.60e-132	466
FGY81_RS15880	39	100.000	795	0	0	1	795	2087	1293	0.0	1469
FGY81_RS15890	39	100.000	208	0	0	1	208	1017	810	1.69e-107	385
FGY81_RS15895	2	98.385	681	11	0	1	681	82882	83562	0.0	1197
FGY81_RS15895	47	99.732	373	1	0	32	404	373	1	0.0	684
FGY81_RS15895	23	99.639	277	1	0	405	681	1	277	4.36e-144	507
FGY81_RS15895	44	98.106	264	5	0	418	681	1000	737	3.44e-130	460
FGY81_RS15895	53	100.000	29	0	0	2	30	76	104	6.82e-08	54.7
FGY81_RS15945	2	98.385	681	11	0	1	681	82882	83562	0.0	1197
FGY81_RS15945	47	99.732	373	1	0	32	404	373	1	0.0	684
FGY81_RS15945	23	99.639	277	1	0	405	681	1	277	4.36e-144	507
FGY81_RS15945	44	98.106	264	5	0	418	681	1000	737	3.44e-130	460
FGY81_RS15945	53	100.000	29	0	0	2	30	76	104	6.82e-08	54.7
FGY81_RS15980	2	98.385	681	11	0	1	681	82882	83562	0.0	1197
FGY81_RS15980	47	99.732	373	1	0	32	404	373	1	0.0	684
FGY81_RS15980	23	99.639	277	1	0	405	681	1	277	4.36e-144	507
FGY81_RS15980	44	98.106	264	5	0	418	681	1000	737	3.44e-130	460
FGY81_RS15980	53	100.000	29	0	0	2	30	76	104	6.82e-08	54.7
FHE73_RS28860	6	95.946	74	3	0	1	74	155960	155887	5.54e-29	121
FHE73_RS28860	1	89.189	74	8	0	1	74	30609	30536	1.21e-20	93.5
D3868_RS15870	36	80.648	1018	169	22	1637	2637	1345	339	0.0	763
D3868_RS15870	36	76.443	1057	209	33	355	1394	2719	1686	2.30e-152	536
D3868_RS15885	41	81.105	1339	206	29	191	1494	1387	61	0.0	1027
D3868_RS16775	41	81.180	1339	205	29	191	1494	1387	61	0.0	1033
D3868_RS16780	36	80.648	1018	169	22	1637	2637	1345	339	0.0	763
D3868_RS16780	36	76.443	1057	209	33	355	1394	2719	1686	2.30e-152	536
D3868_RS18740	41	81.264	1329	203	28	214	1507	1378	61	0.0	1033
D3868_RS18755	36	80.648	1018	169	22	1637	2637	1345	339	0.0	763
D3868_RS18755	36	76.443	1057	209	33	355	1394	2719	1686	2.30e-152	536
D3868_RS22575	36	80.648	1018	169	22	1637	2637	1345	339	0.0	763
D3868_RS22575	36	76.443	1057	209	33	355	1394	2719	1686	2.30e-152	536
D3868_RS22590	41	81.161	1327	206	26	214	1506	1378	62	0.0	1026
D3868_RS24665	41	81.161	1327	206	26	214	1506	1378	62	0.0	1026
D3868_RS24680	36	80.471	1019	169	24	1637	2637	1345	339	0.0	752
D3868_RS24680	36	76.443	1057	209	33	355	1394	2719	1686	2.30e-152	536
D3868_RS29265	41	81.180	1339	205	29	191	1494	1387	61	0.0	1033
D3868_RS29280	36	80.471	1019	169	24	1637	2637	1345	339	0.0	752
D3868_RS29280	36	76.465	1058	207	34	355	1394	2719	1686	2.30e-152	536
D3868_RS29795	41	81.175	1328	206	26	214	1507	1378	61	0.0	1027
D3868_RS29810	36	80.373	1019	170	24	1637	2637	1345	339	0.0	747
D3868_RS29810	36	76.443	1057	209	33	355	1394	2719	1686	2.30e-152	536
D3868_RS30605	36	80.648	1018	169	22	1637	2637	1345	339	0.0	763
D3868_RS30605	36	76.443	1057	209	33	355	1394	2719	1686	2.30e-152	536
D3868_RS30620	41	81.175	1328	206	26	214	1507	1378	61	0.0	1027
E7Z57_RS24485	41	79.425	1322	225	37	246	1541	1368	68	0.0	891
E7Z57_RS24500	36	80.642	1028	175	19	1760	2771	1345	326	0.0	774
E7Z57_RS24500	36	75.862	1044	220	31	377	1401	2718	1688	2.45e-142	503
D3869_RS17350	36	80.354	1018	168	26	1637	2635	1345	341	0.0	743
D3869_RS17350	36	76.338	1065	207	37	349	1394	2724	1686	3.85e-150	529
D3869_RS17365	41	81.462	1327	202	26	201	1493	1378	62	0.0	1048
D3869_RS19195	36	80.255	1018	169	26	1637	2635	1345	341	0.0	737
D3869_RS19195	36	76.204	1059	208	36	355	1394	2719	1686	2.32e-147	520
D3869_RS19200	41	81.376	1337	204	27	191	1493	1387	62	0.0	1048
D3869_RS19615	36	80.354	1018	168	26	1637	2635	1345	341	0.0	743
D3869_RS19615	36	76.338	1065	207	37	349	1394	2724	1686	3.85e-150	529
D3869_RS19630	41	81.462	1327	202	26	201	1493	1378	62	0.0	1048
D3869_RS20460	41	81.462	1327	202	26	201	1493	1378	62	0.0	1048
D3869_RS20475	36	80.255	1018	169	26	1637	2635	1345	341	0.0	737
D3869_RS20475	36	76.338	1065	207	37	349	1394	2724	1686	3.85e-150	529
D3869_RS25395	36	80.354	1018	168	26	1636	2634	1345	341	0.0	743
D3869_RS25395	36	76.204	1059	207	37	355	1393	2719	1686	8.34e-147	518
D3869_RS25410	41	81.387	1327	205	25	201	1494	1378	61	0.0	1044
D3869_RS27165	41	81.315	1338	205	27	191	1494	1387	61	0.0	1044
D3869_RS27180	36	80.255	1018	169	26	1637	2635	1345	341	0.0	737
D3869_RS27180	36	76.204	1059	208	36	355	1394	2719	1686	2.32e-147	520
D3869_RS28380	36	80.354	1018	168	26	1637	2635	1345	341	0.0	743
D3869_RS28380	36	76.204	1059	208	36	355	1394	2719	1686	2.32e-147	520
D3869_RS28395	41	81.476	1328	202	26	201	1494	1378	61	0.0	1050
D3093_RS17660	36	80.255	1018	169	26	1637	2635	1345	341	0.0	737
D3093_RS17660	36	76.632	1057	207	33	355	1394	2719	1686	1.06e-155	547
D3093_RS17675	41	81.339	1329	202	27	211	1505	1378	62	0.0	1038
D3093_RS20110	36	80.255	1018	169	26	1635	2633	1345	341	0.0	737
D3093_RS20110	36	76.582	1059	202	37	355	1392	2719	1686	1.78e-153	540
D3093_RS20125	41	81.339	1329	202	27	211	1505	1378	62	0.0	1038
D3093_RS20985	41	81.339	1329	202	27	201	1495	1378	62	0.0	1038
D3093_RS21000	36	80.255	1018	169	26	1634	2632	1345	341	0.0	737
D3093_RS21000	36	76.415	1060	202	39	355	1392	2719	1686	3.85e-150	529
D3093_RS21855	41	81.255	1339	204	28	191	1495	1387	62	0.0	1038
D3093_RS21860	36	80.354	1018	168	26	1635	2633	1345	341	0.0	743
D3093_RS21860	36	76.415	1060	202	39	355	1392	2719	1686	3.85e-150	529
D3093_RS24080	41	81.462	1327	202	26	214	1506	1378	62	0.0	1048
D3093_RS24095	36	80.255	1018	169	26	1637	2635	1345	341	0.0	737
D3093_RS24095	36	76.632	1057	207	33	355	1394	2719	1686	1.06e-155	547
D3093_RS28030	36	80.334	1017	170	24	1637	2635	1345	341	0.0	743
D3093_RS28030	36	76.632	1057	207	33	355	1394	2719	1686	1.06e-155	547
D3093_RS28045	41	81.315	1338	205	27	191	1494	1387	61	0.0	1044
D3093_RS28560	36	80.255	1018	169	26	1635	2633	1345	341	0.0	737
D3093_RS28560	36	76.415	1060	202	39	355	1392	2719	1686	3.85e-150	529
D3093_RS28575	41	81.390	1338	204	27	191	1494	1387	61	0.0	1050
D3867_RS16030	36	80.255	1018	169	26	1635	2633	1345	341	0.0	737
D3867_RS16030	36	76.454	1066	202	40	349	1392	2724	1686	2.98e-151	532
D3867_RS16045	41	81.390	1338	204	27	191	1494	1387	61	0.0	1050
D3867_RS16880	41	81.315	1338	205	27	201	1504	1387	61	0.0	1044
D3867_RS16895	36	80.255	1018	169	26	1634	2632	1345	341	0.0	737
D3867_RS16895	36	76.526	1065	202	39	349	1391	2724	1686	6.40e-153	538
D3867_RS17510	41	81.353	1330	202	27	213	1508	1378	61	0.0	1040
D3867_RS17515	36	80.255	1018	169	26	1634	2632	1345	341	0.0	737
D3867_RS17515	36	76.410	1064	205	37	349	1391	2724	1686	2.98e-151	532
D3867_RS19150	41	81.476	1328	202	26	224	1517	1378	61	0.0	1050
D3867_RS19165	36	80.255	1018	169	26	1637	2635	1345	341	0.0	737
D3867_RS19165	36	76.410	1064	208	36	349	1394	2724	1686	8.29e-152	534
D3867_RS24275	36	80.334	1017	170	24	1637	2635	1345	341	0.0	743
D3867_RS24275	36	76.298	1059	207	36	355	1394	2719	1686	4.99e-149	525
D3867_RS24290	41	81.269	1340	204	28	191	1496	1387	61	0.0	1040
D3867_RS33695	36	80.255	1018	169	26	1634	2632	1345	341	0.0	737
D3867_RS33695	36	76.454	1066	202	40	349	1392	2724	1686	2.98e-151	532
D3867_RS33710	41	81.451	1337	203	27	201	1503	1387	62	0.0	1053
D3867_RS34230	36	80.255	1018	169	26	1635	2633	1345	341	0.0	737
D3867_RS34230	36	76.454	1066	202	40	349	1392	2724	1686	2.98e-151	532
D3867_RS34245	41	81.451	1337	203	27	201	1503	1387	62	0.0	1053
SAW_RS16695	17	89.442	1345	140	2	1	1344	13156	14499	0.0	1696
SAW_RS16700	17	96.641	774	26	0	1	774	12383	13156	0.0	1286
SAW_RS16705	17	98.816	591	7	0	1	591	11688	12278	0.0	1053
SAW_RS16710	17	98.958	192	2	0	1	192	11473	11664	9.44e-96	344
SAW_RS16715	17	100.000	186	0	0	1	186	11303	11488	9.11e-96	344
SAW_RS16735	17	99.567	231	1	0	1	231	10475	10705	5.20e-119	422
SAW_RS16740	17	98.788	495	6	0	1	495	10420	9926	0.0	881
SAW_RS16745	17	98.234	453	8	0	1	453	9860	9408	0.0	793
SAW_RS16750	17	98.693	153	2	0	1	153	9394	9242	3.49e-74	272
SAW_RS16755	23	84.066	546	79	6	19	556	1679	1134	4.70e-148	520
SAW_RS16755	17	82.631	593	82	15	1	574	9230	8640	1.32e-143	505
SAW_RS16755	17	100.000	31	0	0	20	50	9180	9210	4.43e-09	58.4
SAW_RS16765	17	91.057	246	22	0	1	246	8206	7961	2.68e-92	333
SAW_RS16775	17	95.082	183	9	0	1	183	7907	7725	4.25e-79	289
SAW_RS16780	1	83.741	695	109	3	1	693	131507	132199	0.0	654
SAW_RS16785	17	87.563	1793	192	21	1	1767	6676	4889	0.0	2047
SAW_RS16785	17	89.610	231	24	0	1249	1479	5680	5450	9.77e-80	294
SAW_RS16785	17	85.572	201	29	0	1276	1476	5092	4892	1.01e-54	211
SAW_RS16785	17	85.024	207	30	1	1003	1208	5092	4886	3.64e-54	209
SAW_RS16790	17	98.738	634	7	1	3	636	4700	4068	0.0	1125
SAW_RS16795	17	100.000	468	0	0	1	468	4081	3614	0.0	865
SAW_RS16800	17	99.242	528	4	0	1	528	3611	3084	0.0	953
SAW_RS16805	17	99.450	2181	12	0	1	2181	3041	861	0.0	3962
SAW_RS16810	17	100.000	543	0	0	1	543	754	212	0.0	1003
SAW_RS16815	24	88.599	307	35	0	265	571	1	307	3.88e-104	374
SAW_RS16815	17	100.000	145	0	0	1	145	145	1	1.89e-72	268
SAW_RS16830	22	94.571	571	30	1	3	573	23079	23648	0.0	881
SAW_RS16850	24	100.000	621	0	0	1	621	9421	10041	0.0	1147
SAW_RS16855	24	100.000	288	0	0	1	288	10058	10345	2.91e-152	532
SAW_RS16860	24	99.111	225	2	0	1	225	10339	10563	5.09e-114	405
SAW_RS16865	24	98.571	210	3	0	1	210	10624	10833	4.78e-104	372
SAW_RS16870	24	96.370	303	11	0	1	303	10845	11147	3.12e-142	499
SAW_RS16875	24	98.420	1329	21	0	1	1329	11574	12902	0.0	2338
SAW_RS16880	24	97.721	351	8	0	1	351	12899	13249	7.52e-174	604
SAW_RS16890	24	98.198	111	2	0	1	111	13500	13610	5.38e-51	195
SAW_RS16895	31	86.790	757	100	0	423	1179	6131	5375	0.0	845
SAW_RS17455	24	87.324	284	36	0	1	284	13850	14133	5.37e-90	326
SAW_RS16925	24	92.877	365	21	5	579	940	16371	16733	1.81e-149	525
SAW_RS16935	24	76.933	1539	311	38	102	1618	17063	18579	0.0	835
SAW_RS16960	29	97.163	282	8	0	25	306	917	636	1.48e-135	477
SAW_RS16965	9	93.006	1973	123	14	627	2592	104091	102127	0.0	2865
SAW_RS16965	34	89.650	2058	196	17	626	2673	4979	2929	0.0	2604
SAW_RS16965	29	96.640	625	21	0	1	625	625	1	0.0	1038
SAW_RS16980	34	100.000	336	0	0	1	336	2171	1836	7.13e-179	621
SAW_RS16985	23	95.559	2229	95	4	1665	3891	23828	21602	0.0	3565
SAW_RS16985	17	95.000	2240	97	7	1664	3891	40118	37882	0.0	3502
SAW_RS16985	9	93.926	2206	130	4	1603	3806	99906	97703	0.0	3328
SAW_RS16985	9	91.069	795	69	2	1	794	101541	100748	0.0	1074
SAW_RS16985	34	91.572	795	65	2	1	794	1529	736	0.0	1096
SAW_RS16990	23	97.199	357	10	0	1	357	21540	21184	7.66e-174	604
SAW_RS16990	17	96.581	351	12	0	1	351	37821	37471	3.59e-167	582
SAW_RS17420	31	97.091	275	8	0	512	786	2667	2941	3.08e-131	464
SAW_RS17050	44	100.000	55	0	0	1	55	736	682	5.04e-22	102
SAW_RS17050	2	100.000	55	0	0	1	55	83563	83617	5.04e-22	102
SAW_RS17050	23	100.000	54	0	0	1	54	278	331	1.81e-21	100
SAW_RS17055	2	98.385	681	11	0	1	681	82882	83562	0.0	1197
SAW_RS17055	47	99.732	373	1	0	32	404	373	1	0.0	684
SAW_RS17055	23	99.639	277	1	0	405	681	1	277	4.36e-144	507
SAW_RS17055	44	98.106	264	5	0	418	681	1000	737	3.44e-130	460
SAW_RS17055	53	100.000	29	0	0	2	30	76	104	6.82e-08	54.7
SAW_RS17190	2	98.385	681	11	0	1	681	82882	83562	0.0	1197
SAW_RS17190	47	99.732	373	1	0	32	404	373	1	0.0	684
SAW_RS17190	23	99.639	277	1	0	405	681	1	277	4.36e-144	507
SAW_RS17190	44	98.106	264	5	0	418	681	1000	737	3.44e-130	460
SAW_RS17190	53	100.000	29	0	0	2	30	76	104	6.82e-08	54.7
SAW_RS17225	2	98.385	681	11	0	1	681	82882	83562	0.0	1197
SAW_RS17225	47	99.732	373	1	0	32	404	373	1	0.0	684
SAW_RS17225	23	99.639	277	1	0	405	681	1	277	4.36e-144	507
SAW_RS17225	44	98.106	264	5	0	418	681	1000	737	3.44e-130	460
SAW_RS17225	53	100.000	29	0	0	2	30	76	104	6.82e-08	54.7
SAW_RS17260	2	98.385	681	11	0	1	681	82882	83562	0.0	1197
SAW_RS17260	47	99.732	373	1	0	32	404	373	1	0.0	684
SAW_RS17260	23	99.639	277	1	0	405	681	1	277	4.36e-144	507
SAW_RS17260	44	98.106	264	5	0	418	681	1000	737	3.44e-130	460
SAW_RS17260	53	100.000	29	0	0	2	30	76	104	6.82e-08	54.7
SAW_RS17460	38	99.359	156	1	0	1	156	1615	1460	1.87e-77	283
SAW_RS17290	38	99.593	738	3	0	1	738	2297	1560	0.0	1347
SAW_RS17295	38	100.000	84	0	0	1	84	2505	2422	1.79e-39	156
SAW_RS17300	38	100.000	73	0	0	12	84	2626	2554	2.34e-33	135
HXB96_RS00080	2	98.385	681	11	0	1	681	82882	83562	0.0	1197
HXB96_RS00080	47	99.732	373	1	0	32	404	373	1	0.0	684
HXB96_RS00080	23	98.917	277	3	0	405	681	1	277	9.43e-141	496
HXB96_RS00080	44	98.106	264	5	0	418	681	1000	737	3.44e-130	460
HXB96_RS00080	53	100.000	29	0	0	2	30	76	104	6.82e-08	54.7
HXC30_RS00015	23	100.000	76	0	0	1	76	256	331	5.93e-34	141
HXC30_RS00015	44	96.471	85	1	2	1	84	758	675	2.13e-33	139
HXC30_RS00015	2	98.684	76	1	0	1	76	83541	83616	2.76e-32	135
HXC30_RS00020	2	98.532	681	10	0	1	681	82882	83562	0.0	1203
HXC30_RS00020	47	99.732	373	1	0	32	404	373	1	0.0	684
HXC30_RS00020	23	99.278	277	2	0	405	681	1	277	2.03e-142	501
HXC30_RS00020	44	98.485	264	4	0	418	681	1000	737	7.40e-132	466
HXC30_RS00020	53	100.000	29	0	0	2	30	76	104	6.82e-08	54.7
HXC36_RS00060	2	98.385	681	11	0	1	681	82882	83562	0.0	1197
HXC36_RS00060	47	99.732	373	1	0	32	404	373	1	0.0	684
HXC36_RS00060	23	98.917	277	3	0	405	681	1	277	9.43e-141	496
HXC36_RS00060	44	98.106	264	5	0	418	681	1000	737	3.44e-130	460
HXC36_RS00060	53	100.000	29	0	0	2	30	76	104	6.82e-08	54.7
HXC45_RS00030	2	98.235	680	12	0	2	681	82883	83562	0.0	1190
HXC45_RS00030	47	99.464	373	2	0	32	404	373	1	0.0	678
HXC45_RS00030	23	98.917	277	3	0	405	681	1	277	9.43e-141	496
HXC45_RS00030	44	98.106	264	5	0	418	681	1000	737	3.44e-130	460
HXC45_RS00030	53	100.000	30	0	0	1	30	75	104	1.90e-08	56.5
HXC44_RS00015	23	100.000	76	0	0	1	76	256	331	5.93e-34	141
HXC44_RS00015	44	96.471	85	1	2	1	84	758	675	2.13e-33	139
HXC44_RS00015	2	98.684	76	1	0	1	76	83541	83616	2.76e-32	135
HXC44_RS00020	2	98.532	681	10	0	1	681	82882	83562	0.0	1203
HXC44_RS00020	47	99.732	373	1	0	32	404	373	1	0.0	684
HXC44_RS00020	23	99.278	277	2	0	405	681	1	277	2.03e-142	501
HXC44_RS00020	44	98.485	264	4	0	418	681	1000	737	7.40e-132	466
HXC44_RS00020	53	100.000	29	0	0	2	30	76	104	6.82e-08	54.7
HXC50_RS00125	2	98.532	681	10	0	1	681	82882	83562	0.0	1203
HXC50_RS00125	47	99.732	373	1	0	32	404	373	1	0.0	684
HXC50_RS00125	23	99.278	277	2	0	405	681	1	277	2.03e-142	501
HXC50_RS00125	44	98.485	264	4	0	418	681	1000	737	7.40e-132	466
HXC50_RS00125	53	100.000	29	0	0	2	30	76	104	6.82e-08	54.7
HXB99_RS00020	35	84.046	1379	216	4	1	1377	582	1958	0.0	1325
HXB99_RS00025	35	84.522	575	89	0	76	650	1	575	5.28e-163	569
HXB99_RS00030	27	80.663	1236	227	9	1	1230	12696	13925	0.0	948
HXB99_RS00110	31	75.134	933	201	23	1	917	114	1031	1.83e-114	409
HXC88_RS00830	8	99.627	268	0	1	1	268	36560	36294	5.92e-139	488
HXC88_RS00835	8	90.840	131	12	0	14	144	36104	36234	2.63e-45	176
HXC88_RS00850	8	94.740	1920	101	0	1	1920	34025	35944	0.0	2987
HXC88_RS00855	8	96.552	87	3	0	1	87	33923	34009	4.06e-36	145
HXC61_RS00015	23	100.000	76	0	0	1	76	256	331	5.93e-34	141
HXC61_RS00015	44	96.471	85	1	2	1	84	758	675	2.13e-33	139
HXC61_RS00015	2	98.684	76	1	0	1	76	83541	83616	2.76e-32	135
HXC61_RS00020	2	98.532	681	10	0	1	681	82882	83562	0.0	1203
HXC61_RS00020	47	99.732	373	1	0	32	404	373	1	0.0	684
HXC61_RS00020	23	99.278	277	2	0	405	681	1	277	2.03e-142	501
HXC61_RS00020	44	98.485	264	4	0	418	681	1000	737	7.40e-132	466
HXC61_RS00020	53	100.000	29	0	0	2	30	76	104	6.82e-08	54.7
HXF04_RS00045	38	97.222	72	2	0	25	96	2493	2422	2.16e-29	122
HXF04_RS00050	38	99.729	738	2	0	1	738	2297	1560	0.0	1352
HXF04_RS00055	38	99.398	166	1	0	1	166	1615	1450	5.06e-83	302
HXE15_RS00065	44	98.326	239	4	0	26	264	411	173	2.61e-118	420
HXE15_RS00065	44	100.000	39	0	0	277	315	115	77	8.40e-14	73.1
HXE15_RS00065	44	100.000	34	0	0	255	288	123	90	5.06e-11	63.9
HXE15_RS00065	38	94.697	264	14	0	1	264	1414	1151	1.57e-115	411
HXE15_RS00065	38	86.765	68	2	3	255	315	1101	1034	1.09e-12	69.4
HXE15_RS00065	38	100.000	34	0	0	277	310	1093	1060	5.06e-11	63.9
HXE15_RS00070	38	99.234	261	2	0	478	738	1820	1560	1.73e-133	472
HXE15_RS00075	38	98.810	84	1	0	1	84	2505	2422	8.34e-38	150
HXE15_RS00080	51	100.000	135	0	0	9	143	135	1	2.41e-67	250
HXE15_RS00080	38	100.000	73	0	0	144	216	2626	2554	7.05e-33	135
HXF52_RS00015	2	96.460	339	12	0	1	339	83224	83562	1.59e-160	560
HXF52_RS00015	23	98.917	277	3	0	63	339	1	277	4.55e-141	496
HXF52_RS00015	44	97.348	264	7	0	76	339	1000	737	3.59e-127	449
HXF52_RS00015	47	100.000	62	0	0	1	62	62	1	1.49e-26	115
HXF52_RS00030	44	99.060	532	5	0	1614	2145	683	152	0.0	955
HXF52_RS00030	38	95.000	260	13	0	1886	2145	1389	1130	4.07e-114	409
HXF52_RS00035	38	97.882	897	19	0	1	897	1027	131	0.0	1552
HXF52_RS00040	51	100.000	135	0	0	27	161	135	1	2.34e-67	250
HXF52_RS00045	31	98.328	299	3	1	242	540	2034	1738	3.41e-149	523
HXF52_RS00045	31	99.487	195	1	0	1	195	2224	2030	1.32e-98	355
HXF52_RS00115	2	98.385	681	11	0	1	681	82882	83562	0.0	1197
HXF52_RS00115	47	99.732	373	1	0	32	404	373	1	0.0	684
HXF52_RS00115	23	99.639	277	1	0	405	681	1	277	4.36e-144	507
HXF52_RS00115	44	98.106	264	5	0	418	681	1000	737	3.44e-130	460
HXF52_RS00115	53	100.000	29	0	0	2	30	76	104	6.82e-08	54.7
HXF52_RS00150	2	98.238	681	12	0	1	681	82882	83562	0.0	1192
HXF52_RS00150	47	99.732	373	1	0	32	404	373	1	0.0	684
HXF52_RS00150	23	99.639	277	1	0	405	681	1	277	4.36e-144	507
HXF52_RS00150	44	98.106	264	5	0	418	681	1000	737	3.44e-130	460
HXF52_RS00155	38	95.455	176	8	0	26	201	306	131	7.90e-77	281
HXF52_RS00160	51	97.037	135	4	0	27	161	135	1	1.10e-60	228
HXF52_RS00165	40	83.154	279	35	11	1	273	66	338	1.44e-65	244
HXF52_RS00170	40	96.287	781	29	0	84	864	423	1203	0.0	1282
HXF52_RS00200	27	93.540	1192	75	2	1	1191	10627	9437	0.0	1773
HXF52_RS00200	31	97.761	134	2	1	226	358	6261	6128	1.87e-60	230
HXF52_RS00200	21	100.000	65	0	0	1	65	21464	21400	1.18e-27	121
HXF52_RS00210	44	100.000	32	0	0	122	153	683	714	2.96e-10	60.2
HXF52_RS00210	23	100.000	32	0	0	122	153	331	300	2.96e-10	60.2
HXF52_RS00210	2	100.000	32	0	0	122	153	83616	83585	2.96e-10	60.2
HXF52_RS00215	2	98.532	681	10	0	1	681	82882	83562	0.0	1203
HXF52_RS00215	47	99.732	373	1	0	32	404	373	1	0.0	684
HXF52_RS00215	23	99.278	277	2	0	405	681	1	277	2.03e-142	501
HXF52_RS00215	44	98.485	264	4	0	418	681	1000	737	7.40e-132	466
HXF52_RS00215	53	100.000	29	0	0	2	30	76	104	6.82e-08	54.7
HXF47_RS00130	38	97.222	72	2	0	25	96	2493	2422	2.16e-29	122
HXF47_RS00135	38	99.729	738	2	0	1	738	2297	1560	0.0	1352
HXF47_RS00140	38	99.398	166	1	0	1	166	1615	1450	5.06e-83	302
HXF34_RS00015	2	96.460	339	12	0	1	339	83224	83562	1.59e-160	560
HXF34_RS00015	23	98.917	277	3	0	63	339	1	277	4.55e-141	496
HXF34_RS00015	44	97.348	264	7	0	76	339	1000	737	3.59e-127	449
HXF34_RS00015	47	100.000	62	0	0	1	62	62	1	1.49e-26	115
HXF34_RS00030	44	99.060	532	5	0	1614	2145	683	152	0.0	955
HXF34_RS00030	38	95.000	260	13	0	1886	2145	1389	1130	4.07e-114	409
HXF34_RS00035	38	97.882	897	19	0	1	897	1027	131	0.0	1552
HXF34_RS00040	51	100.000	135	0	0	27	161	135	1	2.34e-67	250
HXF34_RS00045	31	98.328	299	3	1	242	540	2034	1738	3.41e-149	523
HXF34_RS00045	31	99.487	195	1	0	1	195	2224	2030	1.32e-98	355
HXF34_RS00115	2	98.385	681	11	0	1	681	82882	83562	0.0	1197
HXF34_RS00115	47	99.732	373	1	0	32	404	373	1	0.0	684
HXF34_RS00115	23	99.639	277	1	0	405	681	1	277	4.36e-144	507
HXF34_RS00115	44	98.106	264	5	0	418	681	1000	737	3.44e-130	460
HXF34_RS00115	53	100.000	29	0	0	2	30	76	104	6.82e-08	54.7
HXF34_RS00150	2	98.238	681	12	0	1	681	82882	83562	0.0	1192
HXF34_RS00150	47	99.732	373	1	0	32	404	373	1	0.0	684
HXF34_RS00150	23	99.639	277	1	0	405	681	1	277	4.36e-144	507
HXF34_RS00150	44	98.106	264	5	0	418	681	1000	737	3.44e-130	460
HXF34_RS00155	38	95.455	176	8	0	26	201	306	131	7.90e-77	281
HXF34_RS00160	51	97.037	135	4	0	27	161	135	1	1.10e-60	228
HXF34_RS00165	40	83.154	279	35	11	1	273	66	338	1.44e-65	244
HXF34_RS00170	40	96.287	781	29	0	84	864	423	1203	0.0	1282
HXF34_RS00200	27	93.540	1192	75	2	1	1191	10627	9437	0.0	1773
HXF34_RS00200	31	97.761	134	2	1	226	358	6261	6128	1.87e-60	230
HXF34_RS00200	21	100.000	65	0	0	1	65	21464	21400	1.18e-27	121
HXF34_RS00210	44	100.000	32	0	0	122	153	683	714	2.96e-10	60.2
HXF34_RS00210	23	100.000	32	0	0	122	153	331	300	2.96e-10	60.2
HXF34_RS00210	2	100.000	32	0	0	122	153	83616	83585	2.96e-10	60.2
HXF34_RS00215	2	98.532	681	10	0	1	681	82882	83562	0.0	1203
HXF34_RS00215	47	99.732	373	1	0	32	404	373	1	0.0	684
HXF34_RS00215	23	99.278	277	2	0	405	681	1	277	2.03e-142	501
HXF34_RS00215	44	98.485	264	4	0	418	681	1000	737	7.40e-132	466
HXF34_RS00215	53	100.000	29	0	0	2	30	76	104	6.82e-08	54.7
HXF24_RS00065	31	98.328	299	3	1	242	540	2034	1738	3.41e-149	523
HXF24_RS00065	31	99.487	195	1	0	1	195	2224	2030	1.32e-98	355
HXF24_RS00070	51	100.000	135	0	0	27	161	135	1	2.34e-67	250
HXF24_RS00075	38	97.882	897	19	0	1	897	1027	131	0.0	1552
HXF24_RS00080	44	99.060	532	5	0	1614	2145	683	152	0.0	955
HXF24_RS00080	38	94.231	260	15	0	1886	2145	1389	1130	8.81e-111	398
HXF24_RS00110	31	97.455	275	7	0	551	825	2667	2941	6.97e-133	470
HXF24_RS00115	2	98.385	681	11	0	1	681	82882	83562	0.0	1197
HXF24_RS00115	47	99.732	373	1	0	32	404	373	1	0.0	684
HXF24_RS00115	23	99.639	277	1	0	405	681	1	277	4.36e-144	507
HXF24_RS00115	44	98.106	264	5	0	418	681	1000	737	3.44e-130	460
HXF24_RS00115	53	100.000	29	0	0	2	30	76	104	6.82e-08	54.7
HXF24_RS00145	2	98.385	681	11	0	1	681	82882	83562	0.0	1197
HXF24_RS00145	47	99.732	373	1	0	32	404	373	1	0.0	684
HXF24_RS00145	23	99.639	277	1	0	405	681	1	277	4.36e-144	507
HXF24_RS00145	44	98.106	264	5	0	418	681	1000	737	3.44e-130	460
HXF24_RS00145	53	100.000	29	0	0	2	30	76	104	6.82e-08	54.7
HXF24_RS00180	2	98.385	681	11	0	1	681	82882	83562	0.0	1197
HXF24_RS00180	47	99.732	373	1	0	32	404	373	1	0.0	684
HXF24_RS00180	23	99.639	277	1	0	405	681	1	277	4.36e-144	507
HXF24_RS00180	44	98.106	264	5	0	418	681	1000	737	3.44e-130	460
HXF24_RS00180	53	100.000	29	0	0	2	30	76	104	6.82e-08	54.7
HXF84_RS00090	44	99.060	532	5	0	1614	2145	683	152	0.0	955
HXF84_RS00090	38	95.000	260	13	0	1886	2145	1389	1130	4.07e-114	409
HXF84_RS00095	38	97.882	897	19	0	1	897	1027	131	0.0	1552
HXF84_RS00100	51	100.000	135	0	0	27	161	135	1	2.34e-67	250
HXF84_RS00105	31	98.328	299	3	1	242	540	2034	1738	3.41e-149	523
HXF84_RS00105	31	99.487	195	1	0	1	195	2224	2030	1.32e-98	355
HXF84_RS00175	2	98.385	681	11	0	1	681	82882	83562	0.0	1197
HXF84_RS00175	47	99.732	373	1	0	32	404	373	1	0.0	684
HXF84_RS00175	23	99.639	277	1	0	405	681	1	277	4.36e-144	507
HXF84_RS00175	44	98.106	264	5	0	418	681	1000	737	3.44e-130	460
HXF84_RS00175	53	100.000	29	0	0	2	30	76	104	6.82e-08	54.7
HXF84_RS00210	2	98.385	681	11	0	1	681	82882	83562	0.0	1197
HXF84_RS00210	47	99.732	373	1	0	32	404	373	1	0.0	684
HXF84_RS00210	23	99.639	277	1	0	405	681	1	277	4.36e-144	507
HXF84_RS00210	44	98.106	264	5	0	418	681	1000	737	3.44e-130	460
HXF84_RS00210	53	100.000	29	0	0	2	30	76	104	6.82e-08	54.7
HXF84_RS00215	38	95.455	176	8	0	26	201	306	131	7.90e-77	281
HXF84_RS00220	51	97.037	135	4	0	27	161	135	1	1.10e-60	228
HXF84_RS00225	40	96.703	273	9	0	1	273	66	338	6.12e-129	455
HXF84_RS00230	40	95.023	864	43	0	1	864	340	1203	0.0	1358
HXF84_RS00260	40	95.726	117	5	0	1	117	1087	1203	2.67e-49	189
HXF84_RS00335	22	89.226	594	64	0	3	596	23079	23672	0.0	743
HXG37_RS00020	38	100.000	73	0	0	12	84	2626	2554	2.34e-33	135
HXG37_RS00025	38	98.810	84	1	0	1	84	2505	2422	8.34e-38	150
HXG37_RS00030	38	99.729	738	2	0	1	738	2297	1560	0.0	1352
HXG46_RS00530	38	99.398	166	1	0	1	166	1615	1450	5.06e-83	302
HXG46_RS00535	38	99.729	738	2	0	1	738	2297	1560	0.0	1352
HXG46_RS00540	38	97.222	72	2	0	25	96	2493	2422	2.16e-29	122
HXG71_RS00090	8	94.271	1920	110	0	1	1920	34025	35944	0.0	2937
HXG71_RS00095	8	99.145	117	1	0	1	117	33893	34009	5.69e-56	211
HXG76_RS00035	2	98.385	681	11	0	1	681	82882	83562	0.0	1197
HXG76_RS00035	47	99.732	373	1	0	32	404	373	1	0.0	684
HXG76_RS00035	23	98.917	277	3	0	405	681	1	277	9.43e-141	496
HXG76_RS00035	44	98.106	264	5	0	418	681	1000	737	3.44e-130	460
HXG76_RS00035	53	100.000	29	0	0	2	30	76	104	6.82e-08	54.7
HXG76_RS00050	38	100.000	73	0	0	12	84	2626	2554	2.34e-33	135
HXG76_RS00055	38	100.000	84	0	0	1	84	2505	2422	1.79e-39	156
HXG76_RS00060	38	99.864	738	1	0	1	738	2297	1560	0.0	1358
HXH51_RS00455	38	97.222	72	2	0	25	96	2493	2422	2.16e-29	122
HXH51_RS00460	38	99.729	738	2	0	1	738	2297	1560	0.0	1352
HXH51_RS00465	38	99.398	166	1	0	1	166	1615	1450	5.06e-83	302
HXG06_RS00010	39	100.000	795	0	0	1	795	2087	1293	0.0	1469
HXI32_RS00330	8	71.242	1224	300	45	104	1301	29659	30856	3.33e-70	263
HXI34_RS00150	40	91.453	117	10	0	1	117	1087	1203	5.81e-41	161
HXI34_RS00155	31	86.102	295	39	1	252	546	2030	1738	6.28e-87	316
HXI34_RS00165	31	92.881	295	19	1	95	389	2031	1739	1.95e-120	427
HXI34_RS00165	31	100.000	45	0	0	1	45	2074	2030	4.87e-17	84.2
HXG38_RS00035	31	99.361	939	6	0	1	939	3069	4007	0.0	1701
HXG38_RS00040	31	99.711	1038	3	0	1	1038	4033	5070	0.0	1901
HXG38_RS00045	2	81.536	677	111	14	1	669	82882	83552	9.21e-156	545
HXG38_RS00045	31	93.114	334	23	0	1	334	2365	2032	4.38e-139	490
HXG38_RS00045	31	95.987	299	8	3	383	679	2034	1738	7.32e-137	483
HXG38_RS00045	47	90.127	314	30	1	40	352	365	52	4.53e-114	407
HXG41_RS00010	38	99.051	738	7	0	1	738	2297	1560	0.0	1325
HXG41_RS00015	38	100.000	84	0	0	1	84	2505	2422	1.79e-39	156
HXG41_RS00020	51	100.000	135	0	0	33	167	135	1	2.71e-67	250
HXG41_RS00020	38	100.000	73	0	0	168	240	2626	2554	7.91e-33	135
HXG41_RS00020	38	100.000	31	0	0	1	31	32	2	1.76e-09	58.4
HXG41_RS00020	44	100.000	32	0	0	1	32	32	1	4.90e-10	60.2
HXG33_RS00020	31	86.441	295	38	1	387	681	2030	1738	1.69e-88	322
HXH06_RS00160	31	98.810	336	4	0	1	336	2365	2030	6.99e-172	599
HXH06_RS00160	31	98.997	299	1	1	383	681	2034	1738	2.00e-152	534
HXH08_RS00155	31	98.810	336	4	0	1	336	2365	2030	6.99e-172	599
HXH08_RS00155	31	98.997	299	1	1	383	681	2034	1738	2.00e-152	534
HXH15_RS00160	31	98.810	336	4	0	1	336	2365	2030	6.99e-172	599
HXH15_RS00160	31	98.997	299	1	1	383	681	2034	1738	2.00e-152	534
HXH21_RS00155	31	98.810	336	4	0	1	336	2365	2030	6.99e-172	599
HXH21_RS00155	31	98.997	299	1	1	383	681	2034	1738	2.00e-152	534
HXI84_RS00030	19	76.684	193	43	2	310	501	5965	6156	3.67e-23	106
HXI84_RS00030	19	84.848	66	10	0	622	687	6295	6360	1.73e-11	67.6
EPG46_RS23460	38	97.222	72	2	0	25	96	2493	2422	2.16e-29	122
EPG46_RS23465	38	99.729	738	2	0	1	738	2297	1560	0.0	1352
EPG46_RS23470	38	99.398	166	1	0	1	166	1615	1450	5.06e-83	302
HXS63_RS23435	38	97.222	72	2	0	25	96	2493	2422	2.16e-29	122
HXS63_RS23440	38	99.729	738	2	0	1	738	2297	1560	0.0	1352
HXS63_RS23445	38	99.398	166	1	0	1	166	1615	1450	5.06e-83	302
HXS64_RS22415	38	99.398	166	1	0	1	166	1615	1450	5.06e-83	302
HXS64_RS22420	38	99.729	738	2	0	1	738	2297	1560	0.0	1352
HXS64_RS22425	38	97.222	72	2	0	25	96	2493	2422	2.16e-29	122
UCCLB521_RS11750	31	99.702	336	1	0	1	336	2365	2030	6.94e-177	616
UCCLB521_RS11750	31	97.993	299	4	1	383	681	2034	1738	2.01e-147	518
UCCLB556_RS12545	6	95.946	74	3	0	1	74	155960	155887	5.54e-29	121
HWE47_RS18625	41	79.501	1322	224	37	246	1541	1368	68	0.0	896
HWE47_RS18640	36	80.642	1028	175	19	1753	2764	1345	326	0.0	774
HWE47_RS18640	36	75.839	1043	216	34	377	1395	2718	1688	1.14e-140	497
HWE45_RS22595	36	80.642	1028	175	19	1760	2771	1345	326	0.0	774
HWE45_RS22595	36	75.862	1044	220	31	377	1401	2718	1688	2.45e-142	503
HWE45_RS22610	41	79.501	1322	224	37	246	1541	1368	68	0.0	896
G5B39_RS14715	36	80.039	1017	174	21	1810	2807	1345	339	0.0	726
G5B39_RS14715	36	74.817	818	163	34	443	1241	2718	1925	4.46e-90	329
G5B39_RS14720	52	90.411	73	7	0	1	73	97	25	9.67e-22	97.1
G5B39_RS14720	6	90.411	73	7	0	1	73	156150	156078	9.67e-22	97.1
G5B39_RS14725	6	92.857	56	4	0	8	63	154786	154731	2.76e-17	82.4
G5B39_RS14725	6	92.857	56	4	0	8	63	155453	155398	2.76e-17	82.4
G5B39_RS14730	41	79.487	1326	203	40	201	1468	1378	64	0.0	878
C7D56_RS28085	38	99.398	166	1	0	1	166	1615	1450	5.06e-83	302
C7D56_RS27650	38	99.729	738	2	0	1	738	2297	1560	0.0	1352
C7D56_RS27655	38	97.222	72	2	0	25	96	2493	2422	2.16e-29	122
HKK21_RS00055	31	95.122	123	4	1	1	123	1858	1738	2.19e-50	193
HS149_RS00005	38	100.000	84	0	0	1	84	2505	2422	1.79e-39	156
HS149_RS00010	38	99.190	741	6	0	1	741	2297	1557	0.0	1336
HTE08_RS00015	2	98.385	681	11	0	1	681	82882	83562	0.0	1197
HTE08_RS00015	47	99.732	373	1	0	32	404	373	1	0.0	684
HTE08_RS00015	23	99.639	277	1	0	405	681	1	277	4.36e-144	507
HTE08_RS00015	44	98.106	264	5	0	418	681	1000	737	3.44e-130	460
HTE08_RS00015	53	100.000	29	0	0	2	30	76	104	6.82e-08	54.7
HTL70_RS00060	2	98.385	681	11	0	1	681	82882	83562	0.0	1197
HTL70_RS00060	47	99.732	373	1	0	32	404	373	1	0.0	684
HTL70_RS00060	23	99.639	277	1	0	405	681	1	277	4.36e-144	507
HTL70_RS00060	44	98.106	264	5	0	418	681	1000	737	3.44e-130	460
HTL70_RS00060	53	100.000	29	0	0	2	30	76	104	6.82e-08	54.7
HXG16_RS00030	2	98.238	681	12	0	1	681	82882	83562	0.0	1192
HXG16_RS00030	47	99.196	373	3	0	32	404	373	1	0.0	673
HXG16_RS00030	23	97.834	277	6	0	405	681	1	277	9.50e-136	479
HXG16_RS00030	44	98.485	264	4	0	418	681	1000	737	7.40e-132	466
HXG16_RS00030	53	100.000	29	0	0	2	30	76	104	6.82e-08	54.7
HXI41_RS01170	8	94.740	1920	101	0	1	1920	34025	35944	0.0	2987
HXI41_RS01175	8	88.889	162	18	0	2	163	36068	36229	1.86e-52	200
HXD63_RS00650	8	88.889	162	18	0	2	163	36068	36229	2.50e-52	200
HXD63_RS00655	8	94.740	1920	101	0	1	1920	34025	35944	0.0	2987
HXD63_RS00660	8	96.552	87	3	0	1	87	33923	34009	4.06e-36	145
